,Time,Power
0,0.5,-0.019089000000000005
1,1.5,-0.019089000000000005
2,2.5,-0.019089000000000005
3,3.5,-0.019089000000000005
4,4.5,-0.019089000000000005
5,5.5,-0.019089000000000005
6,6.5,-0.019089000000000005
7,7.5,-0.019089000000000005
8,8.5,64.58095731184548
9,9.5,253.93845710567865
10,10.5,407.39100331311204
11,11.5,770.7041222215604
12,12.5,1148.8272539027516
13,13.5,1135.160641476614
14,14.5,1032.8459729849246
15,15.5,819.8818967497618
16,16.5,490.9940875563883
17,17.5,75.19077465723153
18,18.5,-0.019089000000000005
19,19.5,-0.019089000000000005
20,20.5,-0.019089000000000005
21,21.5,-0.019089000000000005
22,22.5,-0.019089000000000005
23,23.5,-0.019089000000000005
24,24.5,-0.019089000000000005
25,25.5,-0.019089000000000005
26,26.5,-0.019089000000000005
27,27.5,-0.019089000000000005
28,28.5,-0.019089000000000005
29,29.5,-0.019089000000000005
30,30.5,-0.019089000000000005
31,31.5,-0.019089000000000005
32,32.5,190.08364608464018
33,33.5,596.7706342642073
34,34.5,881.1020771946157
35,35.5,1051.2975988695644
36,36.5,1127.1375038457284
37,37.5,1113.7099593995285
38,38.5,1017.8654331350713
39,39.5,805.4937028545285
40,40.5,480.79085224473437
41,41.5,69.91460140740618
42,42.5,-0.019089000000000005
43,43.5,-0.019089000000000005
44,44.5,-0.019089000000000005
45,45.5,-0.019089000000000005
46,46.5,-0.019089000000000005
47,47.5,-0.019089000000000005
48,48.5,-0.019089000000000005
49,49.5,-0.019089000000000005
50,50.5,-0.019089000000000005
51,51.5,-0.019089000000000005
52,52.5,-0.019089000000000005
53,53.5,-0.019089000000000005
54,54.5,-0.019089000000000005
55,55.5,-0.019089000000000005
56,56.5,193.03758508070808
57,57.5,598.6701178467381
58,58.5,878.8359836111438
59,59.5,834.0084704988678
60,60.5,1115.2125695106197
61,61.5,1082.9022649350186
62,62.5,980.2968650307481
63,63.5,793.1755841373827
64,64.5,495.83266856635976
65,65.5,86.17508017522967
66,66.5,-0.019089000000000005
67,67.5,-0.019089000000000005
68,68.5,-0.019089000000000005
69,69.5,-0.019089000000000005
70,70.5,-0.019089000000000005
71,71.5,-0.019089000000000005
72,72.5,-0.019089000000000005
73,73.5,-0.019089000000000005
74,74.5,-0.019089000000000005
75,75.5,-0.019089000000000005
76,76.5,-0.019089000000000005
77,77.5,-0.019089000000000005
78,78.5,-0.019089000000000005
79,79.5,-0.019089000000000005
80,80.5,26.12458134093215
81,81.5,126.87560509360155
82,82.5,130.02571388489022
83,83.5,125.61339162083021
84,84.5,297.8524714735189
85,85.5,221.8361455643345
86,86.5,264.0106434182389
87,87.5,241.78141224188045
88,88.5,21.200107283369313
89,89.5,73.18650723365361
90,90.5,-0.019089000000000005
91,91.5,-0.019089000000000005
92,92.5,-0.019089000000000005
93,93.5,-0.019089000000000005
94,94.5,-0.019089000000000005
95,95.5,-0.019089000000000005
96,96.5,-0.019089000000000005
97,97.5,-0.019089000000000005
98,98.5,-0.019089000000000005
99,99.5,-0.019089000000000005
100,100.5,-0.019089000000000005
101,101.5,-0.019089000000000005
102,102.5,-0.019089000000000005
103,103.5,-0.019089000000000005
104,104.5,208.368833579152
105,105.5,619.4947043250021
106,106.5,909.1360806808517
107,107.5,1089.9535609360091
108,108.5,1171.0004425045643
109,109.5,1153.5790325074136
110,110.5,1044.9555133465883
111,111.5,834.9131753059133
112,112.5,521.1784699466614
113,113.5,96.06709558590025
114,114.5,-0.019089000000000005
115,115.5,-0.019089000000000005
116,116.5,-0.019089000000000005
117,117.5,-0.019089000000000005
118,118.5,-0.019089000000000005
119,119.5,-0.019089000000000005
120,120.5,-0.019089000000000005
121,121.5,-0.019089000000000005
122,122.5,-0.019089000000000005
123,123.5,-0.019089000000000005
124,124.5,-0.019089000000000005
125,125.5,-0.019089000000000005
126,126.5,-0.019089000000000005
127,127.5,-0.019089000000000005
128,128.5,202.0718504495476
129,129.5,607.6108039500571
130,130.5,892.5012870467885
131,131.5,1076.4961096392778
132,132.5,1162.2593467999236
133,133.5,1151.0035779533946
134,134.5,1041.329863280534
135,135.5,837.2633851114168
136,136.5,531.3360028674377
137,137.5,106.52117577318428
138,138.5,-0.019089000000000005
139,139.5,-0.019089000000000005
140,140.5,-0.019089000000000005
141,141.5,-0.019089000000000005
142,142.5,-0.019089000000000005
143,143.5,-0.019089000000000005
144,144.5,-0.019089000000000005
145,145.5,-0.019089000000000005
146,146.5,-0.019089000000000005
147,147.5,-0.019089000000000005
148,148.5,-0.019089000000000005
149,149.5,-0.019089000000000005
150,150.5,-0.019089000000000005
151,151.5,-0.019089000000000005
152,152.5,60.70935252894605
153,153.5,291.0426285060496
154,154.5,616.1993220217065
155,155.5,822.7451927362848
156,156.5,817.7972356480361
157,157.5,700.0516607100893
158,158.5,576.6908749497429
159,159.5,514.5486369112846
160,160.5,323.2401244216869
161,161.5,91.60844911488184
162,162.5,-0.019089000000000005
163,163.5,-0.019089000000000005
164,164.5,-0.019089000000000005
165,165.5,-0.019089000000000005
166,166.5,-0.019089000000000005
167,167.5,-0.019089000000000005
168,168.5,-0.019089000000000005
169,169.5,-0.019089000000000005
170,170.5,-0.019089000000000005
171,171.5,-0.019089000000000005
172,172.5,-0.019089000000000005
173,173.5,-0.019089000000000005
174,174.5,-0.019089000000000005
175,175.5,-0.019089000000000005
176,176.5,74.33002164336197
177,177.5,559.3680632334032
178,178.5,584.5396923512463
179,179.5,1031.0829584149587
180,180.5,1109.221297615322
181,181.5,1098.6551452044043
182,182.5,982.7268489874913
183,183.5,781.4839367150147
184,184.5,482.76053396513464
185,185.5,93.81403217152241
186,186.5,-0.019089000000000005
187,187.5,-0.019089000000000005
188,188.5,-0.019089000000000005
189,189.5,-0.019089000000000005
190,190.5,-0.019089000000000005
191,191.5,-0.019089000000000005
192,192.5,-0.019089000000000005
193,193.5,-0.019089000000000005
194,194.5,-0.019089000000000005
195,195.5,-0.019089000000000005
196,196.5,-0.019089000000000005
197,197.5,-0.019089000000000005
198,198.5,-0.019089000000000005
199,199.5,-0.019089000000000005
200,200.5,192.24394682619797
201,201.5,302.2562349175087
202,202.5,675.1354899346944
203,203.5,862.6625105465444
204,204.5,849.4199840428277
205,205.5,721.7432310139777
206,206.5,559.7275819998503
207,207.5,138.32567368782537
208,208.5,150.675617216474
209,209.5,15.580987135228858
210,210.5,-0.019089000000000005
211,211.5,-0.019089000000000005
212,212.5,-0.019089000000000005
213,213.5,-0.019089000000000005
214,214.5,-0.019089000000000005
215,215.5,-0.019089000000000005
216,216.5,-0.019089000000000005
217,217.5,-0.019089000000000005
218,218.5,-0.019089000000000005
219,219.5,-0.019089000000000005
220,220.5,-0.019089000000000005
221,221.5,-0.019089000000000005
222,222.5,-0.019089000000000005
223,223.5,-0.019089000000000005
224,224.5,35.59987516960825
225,225.5,184.2292700764109
226,226.5,106.99341303613741
227,227.5,320.4857570635554
228,228.5,460.9766602507181
229,229.5,868.5336332537187
230,230.5,817.3866646223952
231,231.5,617.713713861019
232,232.5,288.04216645379273
233,233.5,58.03425630838453
234,234.5,-0.019089000000000005
235,235.5,-0.019089000000000005
236,236.5,-0.019089000000000005
237,237.5,-0.019089000000000005
238,238.5,-0.019089000000000005
239,239.5,-0.019089000000000005
240,240.5,-0.019089000000000005
241,241.5,-0.019089000000000005
242,242.5,-0.019089000000000005
243,243.5,-0.019089000000000005
244,244.5,-0.019089000000000005
245,245.5,-0.019089000000000005
246,246.5,-0.019089000000000005
247,247.5,-0.019089000000000005
248,248.5,108.19727965725698
249,249.5,444.8787353272502
250,250.5,181.64161433036628
251,251.5,746.9571409947566
252,252.5,902.5598134794458
253,253.5,1024.051396945372
254,254.5,1045.9386571026914
255,255.5,853.9184303670735
256,256.5,545.4293729417711
257,257.5,117.75364300076478
258,258.5,-0.019089000000000005
259,259.5,-0.019089000000000005
260,260.5,-0.019089000000000005
261,261.5,-0.019089000000000005
262,262.5,-0.019089000000000005
263,263.5,-0.019089000000000005
264,264.5,-0.019089000000000005
265,265.5,-0.019089000000000005
266,266.5,-0.019089000000000005
267,267.5,-0.019089000000000005
268,268.5,-0.019089000000000005
269,269.5,-0.019089000000000005
270,270.5,-0.019089000000000005
271,271.5,-0.019089000000000005
272,272.5,24.641954321247653
273,273.5,17.606908356588946
274,274.5,344.6500406508805
275,275.5,176.24968798533828
276,276.5,388.0895203301217
277,277.5,253.33870153554943
278,278.5,262.5858411336221
279,279.5,70.83361255860494
280,280.5,270.68587797121756
281,281.5,125.20549416909024
282,282.5,-0.019089000000000005
283,283.5,-0.019089000000000005
284,284.5,-0.019089000000000005
285,285.5,-0.019089000000000005
286,286.5,-0.019089000000000005
287,287.5,-0.019089000000000005
288,288.5,-0.019089000000000005
289,289.5,-0.019089000000000005
290,290.5,-0.019089000000000005
291,291.5,-0.019089000000000005
292,292.5,-0.019089000000000005
293,293.5,-0.019089000000000005
294,294.5,-0.019089000000000005
295,295.5,-0.019089000000000005
296,296.5,191.5067477974729
297,297.5,616.9191260696814
298,298.5,923.0279447685367
299,299.5,1113.0370183263828
300,300.5,1193.1122541915606
301,301.5,1176.4846579124378
302,302.5,1077.7872968870847
303,303.5,884.2110579771057
304,304.5,574.7432359257534
305,305.5,146.29188747407608
306,306.5,-0.019089000000000005
307,307.5,-0.019089000000000005
308,308.5,-0.019089000000000005
309,309.5,-0.019089000000000005
310,310.5,-0.019089000000000005
311,311.5,-0.019089000000000005
312,312.5,-0.019089000000000005
313,313.5,-0.019089000000000005
314,314.5,-0.019089000000000005
315,315.5,-0.019089000000000005
316,316.5,-0.019089000000000005
317,317.5,-0.019089000000000005
318,318.5,-0.019089000000000005
319,319.5,-0.019089000000000005
320,320.5,178.83451013623275
321,321.5,193.71193975354453
322,322.5,892.2015290539667
323,323.5,690.7770942460602
324,324.5,807.5975761125928
325,325.5,696.6362489068501
326,326.5,247.66424043316917
327,327.5,183.3778159936085
328,328.5,357.92501853677663
329,329.5,81.41574427519484
330,330.5,-0.019089000000000005
331,331.5,-0.019089000000000005
332,332.5,-0.019089000000000005
333,333.5,-0.019089000000000005
334,334.5,-0.019089000000000005
335,335.5,-0.019089000000000005
336,336.5,-0.019089000000000005
337,337.5,-0.019089000000000005
338,338.5,-0.019089000000000005
339,339.5,-0.019089000000000005
340,340.5,-0.019089000000000005
341,341.5,-0.019089000000000005
342,342.5,-0.019089000000000005
343,343.5,-0.019089000000000005
344,344.5,181.64208688648978
345,345.5,583.4720513410695
346,346.5,885.1001573697043
347,347.5,722.9303519261799
348,348.5,789.3244382699725
349,349.5,412.9781708428822
350,350.5,325.58004039790717
351,351.5,378.9440910775853
352,352.5,560.9732397962471
353,353.5,149.15652251914173
354,354.5,-0.019089000000000005
355,355.5,-0.019089000000000005
356,356.5,-0.019089000000000005
357,357.5,-0.019089000000000005
358,358.5,-0.019089000000000005
359,359.5,-0.019089000000000005
360,360.5,-0.019089000000000005
361,361.5,-0.019089000000000005
362,362.5,-0.019089000000000005
363,363.5,-0.019089000000000005
364,364.5,-0.019089000000000005
365,365.5,-0.019089000000000005
366,366.5,-0.019089000000000005
367,367.5,-0.019089000000000005
368,368.5,18.97174891069209
369,369.5,111.23691891044103
370,370.5,570.3446640474872
371,371.5,1071.905391963651
372,372.5,1148.3166450623423
373,373.5,1138.3832242589417
374,374.5,1031.5169158085187
375,375.5,838.6387925772718
376,376.5,543.1817867688745
377,377.5,154.3207928822885
378,378.5,-0.019089000000000005
379,379.5,-0.019089000000000005
380,380.5,-0.019089000000000005
381,381.5,-0.019089000000000005
382,382.5,-0.019089000000000005
383,383.5,-0.019089000000000005
384,384.5,-0.019089000000000005
385,385.5,-0.019089000000000005
386,386.5,-0.019089000000000005
387,387.5,-0.019089000000000005
388,388.5,-0.019089000000000005
389,389.5,-0.019089000000000005
390,390.5,-0.019089000000000005
391,391.5,-0.019089000000000005
392,392.5,90.6799583111389
393,393.5,593.0287565986288
394,394.5,873.3063623510728
395,395.5,1052.6951175208083
396,396.5,1136.668682070015
397,397.5,1133.1321946416315
398,398.5,1038.662917791516
399,399.5,851.8280802339639
400,400.5,567.0061991082752
401,401.5,176.9421138941046
402,402.5,-0.019089000000000005
403,403.5,-0.019089000000000005
404,404.5,-0.019089000000000005
405,405.5,-0.019089000000000005
406,406.5,-0.019089000000000005
407,407.5,-0.019089000000000005
408,408.5,-0.019089000000000005
409,409.5,-0.019089000000000005
410,410.5,-0.019089000000000005
411,411.5,-0.019089000000000005
412,412.5,-0.019089000000000005
413,413.5,-0.019089000000000005
414,414.5,-0.019089000000000005
415,415.5,-0.019089000000000005
416,416.5,100.07806576288306
417,417.5,353.30501986751557
418,418.5,894.1788562456856
419,419.5,1084.533404825447
420,420.5,1159.8976142054887
421,421.5,1154.0355045950253
422,422.5,1052.5966268488758
423,423.5,859.8078816852264
424,424.5,566.593992501915
425,425.5,170.81882014387196
426,426.5,-0.019089000000000005
427,427.5,-0.019089000000000005
428,428.5,-0.019089000000000005
429,429.5,-0.019089000000000005
430,430.5,-0.019089000000000005
431,431.5,-0.019089000000000005
432,432.5,-0.019089000000000005
433,433.5,-0.019089000000000005
434,434.5,-0.019089000000000005
435,435.5,-0.019089000000000005
436,436.5,-0.019089000000000005
437,437.5,-0.019089000000000005
438,438.5,-0.019089000000000005
439,439.5,-0.019089000000000005
440,440.5,110.02891610756419
441,441.5,388.67274053777146
442,442.5,564.2629081813363
443,443.5,1102.4527532667337
444,444.5,1187.8691584428109
445,445.5,1178.6507284178372
446,446.5,1073.3596101300825
447,447.5,877.6988761830709
448,448.5,587.0358677944266
449,449.5,193.97468785542418
450,450.5,-0.019089000000000005
451,451.5,-0.019089000000000005
452,452.5,-0.019089000000000005
453,453.5,-0.019089000000000005
454,454.5,-0.019089000000000005
455,455.5,-0.019089000000000005
456,456.5,-0.019089000000000005
457,457.5,-0.019089000000000005
458,458.5,-0.019089000000000005
459,459.5,-0.019089000000000005
460,460.5,-0.019089000000000005
461,461.5,-0.019089000000000005
462,462.5,-0.019089000000000005
463,463.5,-0.019089000000000005
464,464.5,95.18464622412091
465,465.5,371.3938710133529
466,466.5,913.947976553339
467,467.5,1100.8574014949609
468,468.5,1186.518277529696
469,469.5,1175.3803110640958
470,470.5,1066.8556470594326
471,471.5,868.341430230369
472,472.5,587.0701282590521
473,473.5,193.33099213273147
474,474.5,-0.019089000000000005
475,475.5,-0.019089000000000005
476,476.5,-0.019089000000000005
477,477.5,-0.019089000000000005
478,478.5,-0.019089000000000005
479,479.5,-0.019089000000000005
480,480.5,-0.019089000000000005
481,481.5,-0.019089000000000005
482,482.5,-0.019089000000000005
483,483.5,-0.019089000000000005
484,484.5,-0.019089000000000005
485,485.5,-0.019089000000000005
486,486.5,-0.019089000000000005
487,487.5,-0.019089000000000005
488,488.5,87.9582899293432
489,489.5,608.7172515106118
490,490.5,617.2055540688286
491,491.5,1080.1064230277057
492,492.5,1174.8528771429014
493,493.5,1175.7802401266206
494,494.5,1075.8799014842564
495,495.5,884.1056985616614
496,496.5,593.9802307196363
497,497.5,194.62756493450937
498,498.5,-0.019089000000000005
499,499.5,-0.019089000000000005
500,500.5,-0.019089000000000005
501,501.5,-0.019089000000000005
502,502.5,-0.019089000000000005
503,503.5,-0.019089000000000005
504,504.5,-0.019089000000000005
505,505.5,-0.019089000000000005
506,506.5,-0.019089000000000005
507,507.5,-0.019089000000000005
508,508.5,-0.019089000000000005
509,509.5,-0.019089000000000005
510,510.5,-0.019089000000000005
511,511.5,-0.019089000000000005
512,512.5,109.01321315527166
513,513.5,353.4249813180162
514,514.5,607.7509432701764
515,515.5,1072.869885853246
516,516.5,1151.2030167954688
517,517.5,1135.3637323563444
518,518.5,1032.499041202586
519,519.5,846.561528143918
520,520.5,580.7610265924253
521,521.5,205.90089463857745
522,522.5,-0.019089000000000005
523,523.5,-0.019089000000000005
524,524.5,-0.019089000000000005
525,525.5,-0.019089000000000005
526,526.5,-0.019089000000000005
527,527.5,-0.019089000000000005
528,528.5,-0.019089000000000005
529,529.5,-0.019089000000000005
530,530.5,-0.019089000000000005
531,531.5,-0.019089000000000005
532,532.5,-0.019089000000000005
533,533.5,-0.019089000000000005
534,534.5,-0.019089000000000005
535,535.5,-0.019089000000000005
536,536.5,105.34026713755075
537,537.5,375.04628671989764
538,538.5,631.3810610723098
539,539.5,1086.100929775068
540,540.5,1165.89926940468
541,541.5,1162.7686398600376
542,542.5,1062.5592866645716
543,543.5,876.6710355914237
544,544.5,604.5720028778882
545,545.5,219.5492876298533
546,546.5,-0.019089000000000005
547,547.5,-0.019089000000000005
548,548.5,-0.019089000000000005
549,549.5,-0.019089000000000005
550,550.5,-0.019089000000000005
551,551.5,-0.019089000000000005
552,552.5,-0.019089000000000005
553,553.5,-0.019089000000000005
554,554.5,-0.019089000000000005
555,555.5,-0.019089000000000005
556,556.5,-0.019089000000000005
557,557.5,-0.019089000000000005
558,558.5,-0.019089000000000005
559,559.5,-0.019089000000000005
560,560.5,28.710674505638444
561,561.5,111.09115494085756
562,562.5,313.6039046274628
563,563.5,889.0638420449781
564,564.5,1171.9454899479929
565,565.5,909.411213168368
566,566.5,1053.7956878595487
567,567.5,493.4697209302434
568,568.5,443.58917196748456
569,569.5,39.597946399425325
570,570.5,-0.019089000000000005
571,571.5,-0.019089000000000005
572,572.5,-0.019089000000000005
573,573.5,-0.019089000000000005
574,574.5,-0.019089000000000005
575,575.5,-0.019089000000000005
576,576.5,-0.019089000000000005
577,577.5,-0.019089000000000005
578,578.5,-0.019089000000000005
579,579.5,-0.019089000000000005
580,580.5,-0.019089000000000005
581,581.5,-0.019089000000000005
582,582.5,-0.019089000000000005
583,583.5,-0.019089000000000005
584,584.5,90.09735884799272
585,585.5,331.60552573325367
586,586.5,517.2415665187245
587,587.5,771.0190602352633
588,588.5,745.8793131145821
589,589.5,767.608947845317
590,590.5,698.2050507042784
591,591.5,565.4534078422906
592,592.5,339.4403095713399
593,593.5,90.22868481994773
594,594.5,-0.019089000000000005
595,595.5,-0.019089000000000005
596,596.5,-0.019089000000000005
597,597.5,-0.019089000000000005
598,598.5,-0.019089000000000005
599,599.5,-0.019089000000000005
600,600.5,-0.019089000000000005
601,601.5,-0.019089000000000005
602,602.5,-0.019089000000000005
603,603.5,-0.019089000000000005
604,604.5,-0.019089000000000005
605,605.5,-0.019089000000000005
606,606.5,-0.019089000000000005
607,607.5,-0.019089000000000005
608,608.5,68.59873068452865
609,609.5,299.56861916880484
610,610.5,565.8962259492839
611,611.5,721.6848730398583
612,612.5,582.9325422469102
613,613.5,376.2315130096295
614,614.5,713.2716173235058
615,615.5,191.05089147732147
616,616.5,125.86211156227547
617,617.5,39.19154181346736
618,618.5,-0.019089000000000005
619,619.5,-0.019089000000000005
620,620.5,-0.019089000000000005
621,621.5,-0.019089000000000005
622,622.5,-0.019089000000000005
623,623.5,-0.019089000000000005
624,624.5,-0.019089000000000005
625,625.5,-0.019089000000000005
626,626.5,-0.019089000000000005
627,627.5,-0.019089000000000005
628,628.5,-0.019089000000000005
629,629.5,-0.019089000000000005
630,630.5,-0.019089000000000005
631,631.5,-0.019089000000000005
632,632.5,52.736643287968924
633,633.5,344.9698161447375
634,634.5,882.5134943971137
635,635.5,1070.6169646299236
636,636.5,1165.4648888879835
637,637.5,1161.3231696703742
638,638.5,1064.0016905193004
639,639.5,877.341119964687
640,640.5,597.9143261234761
641,641.5,223.46757663092214
642,642.5,-0.019089000000000005
643,643.5,-0.019089000000000005
644,644.5,-0.019089000000000005
645,645.5,-0.019089000000000005
646,646.5,-0.019089000000000005
647,647.5,-0.019089000000000005
648,648.5,-0.019089000000000005
649,649.5,-0.019089000000000005
650,650.5,-0.019089000000000005
651,651.5,-0.019089000000000005
652,652.5,-0.019089000000000005
653,653.5,-0.019089000000000005
654,654.5,-0.019089000000000005
655,655.5,-0.019089000000000005
656,656.5,98.83060623837764
657,657.5,316.0183933718095
658,658.5,556.4193540322372
659,659.5,760.8614331897535
660,660.5,870.7878474383876
661,661.5,873.9019760277887
662,662.5,824.9863791551422
663,663.5,512.5314012559717
664,664.5,249.1318219188545
665,665.5,144.37288493469632
666,666.5,-0.019089000000000005
667,667.5,-0.019089000000000005
668,668.5,-0.019089000000000005
669,669.5,-0.019089000000000005
670,670.5,-0.019089000000000005
671,671.5,-0.019089000000000005
672,672.5,-0.019089000000000005
673,673.5,-0.019089000000000005
674,674.5,-0.019089000000000005
675,675.5,-0.019089000000000005
676,676.5,-0.019089000000000005
677,677.5,-0.019089000000000005
678,678.5,-0.019089000000000005
679,679.5,-0.019089000000000005
680,680.5,24.496086541253874
681,681.5,247.14185843706497
682,682.5,176.315737215825
683,683.5,769.778516066911
684,684.5,698.0880660245862
685,685.5,1020.9797674414433
686,686.5,664.9817530199838
687,687.5,588.4890411065
688,688.5,474.61712870467375
689,689.5,147.08296904103003
690,690.5,-0.019089000000000005
691,691.5,-0.019089000000000005
692,692.5,-0.019089000000000005
693,693.5,-0.019089000000000005
694,694.5,-0.019089000000000005
695,695.5,-0.019089000000000005
696,696.5,-0.019089000000000005
697,697.5,-0.019089000000000005
698,698.5,-0.019089000000000005
699,699.5,-0.019089000000000005
700,700.5,-0.019089000000000005
701,701.5,-0.019089000000000005
702,702.5,-0.019089000000000005
703,703.5,-0.019089000000000005
704,704.5,250.2602981951751
705,705.5,667.7617344452748
706,706.5,972.7157835400784
707,707.5,1179.910985466907
708,708.5,1248.08607
709,709.5,1248.08607
710,710.5,1182.008299886365
711,711.5,976.904718846916
712,712.5,675.4450645720685
713,713.5,264.1366712097909
714,714.5,-0.019089000000000005
715,715.5,-0.019089000000000005
716,716.5,-0.019089000000000005
717,717.5,-0.019089000000000005
718,718.5,-0.019089000000000005
719,719.5,-0.019089000000000005
720,720.5,-0.019089000000000005
721,721.5,-0.019089000000000005
722,722.5,-0.019089000000000005
723,723.5,-0.019089000000000005
724,724.5,-0.019089000000000005
725,725.5,-0.019089000000000005
726,726.5,-0.019089000000000005
727,727.5,-0.019089000000000005
728,728.5,106.67132409178598
729,729.5,418.78372075748183
730,730.5,624.6640651830509
731,731.5,1125.3733170311984
732,732.5,1213.7486749513826
733,733.5,1202.0868126853966
734,734.5,1101.9692486388683
735,735.5,915.6059335528536
736,736.5,638.7970674976584
737,737.5,256.72627248087974
738,738.5,-0.019089000000000005
739,739.5,-0.019089000000000005
740,740.5,-0.019089000000000005
741,741.5,-0.019089000000000005
742,742.5,-0.019089000000000005
743,743.5,-0.019089000000000005
744,744.5,-0.019089000000000005
745,745.5,-0.019089000000000005
746,746.5,-0.019089000000000005
747,747.5,-0.019089000000000005
748,748.5,-0.019089000000000005
749,749.5,-0.019089000000000005
750,750.5,-0.019089000000000005
751,751.5,-0.019089000000000005
752,752.5,121.1696596263691
753,753.5,374.194610083543
754,754.5,622.3342500006951
755,755.5,818.1618277189183
756,756.5,1236.5673065176193
757,757.5,1226.7313425311725
758,758.5,1121.9674122145284
759,759.5,923.2573004233524
760,760.5,640.8397461368347
761,761.5,252.16023282488888
762,762.5,-0.019089000000000005
763,763.5,-0.019089000000000005
764,764.5,-0.019089000000000005
765,765.5,-0.019089000000000005
766,766.5,-0.019089000000000005
767,767.5,-0.019089000000000005
768,768.5,-0.019089000000000005
769,769.5,-0.019089000000000005
770,770.5,-0.019089000000000005
771,771.5,-0.019089000000000005
772,772.5,-0.019089000000000005
773,773.5,-0.019089000000000005
774,774.5,-0.019089000000000005
775,775.5,-0.019089000000000005
776,776.5,167.5795595018891
777,777.5,427.8540195309094
778,778.5,569.7242169891596
779,779.5,796.3823557198128
780,780.5,1197.296404380881
781,781.5,1176.2864400602546
782,782.5,1071.6503003638768
783,783.5,886.8771393752678
784,784.5,626.6529814110878
785,785.5,250.49485295936364
786,786.5,-0.019089000000000005
787,787.5,-0.019089000000000005
788,788.5,-0.019089000000000005
789,789.5,-0.019089000000000005
790,790.5,-0.019089000000000005
791,791.5,-0.019089000000000005
792,792.5,-0.019089000000000005
793,793.5,-0.019089000000000005
794,794.5,-0.019089000000000005
795,795.5,-0.019089000000000005
796,796.5,-0.019089000000000005
797,797.5,-0.019089000000000005
798,798.5,-0.019089000000000005
799,799.5,-0.019089000000000005
800,800.5,126.65882978564595
801,801.5,332.82952905136364
802,802.5,546.2242863869797
803,803.5,635.658807274334
804,804.5,757.1843214983071
805,805.5,555.1004435114619
806,806.5,675.9558671346069
807,807.5,590.8442190825995
808,808.5,335.1961190046685
809,809.5,103.696308656481
810,810.5,-0.019089000000000005
811,811.5,-0.019089000000000005
812,812.5,-0.019089000000000005
813,813.5,-0.019089000000000005
814,814.5,-0.019089000000000005
815,815.5,-0.019089000000000005
816,816.5,-0.019089000000000005
817,817.5,-0.019089000000000005
818,818.5,-0.019089000000000005
819,819.5,-0.019089000000000005
820,820.5,-0.019089000000000005
821,821.5,-0.019089000000000005
822,822.5,-0.019089000000000005
823,823.5,-0.019089000000000005
824,824.5,236.87723543576627
825,825.5,399.3695599797148
826,826.5,613.6295264863152
827,827.5,1145.9587670927824
828,828.5,1239.1575062394245
829,829.5,1230.7356421756779
830,830.5,1124.8032381196788
831,831.5,936.183100903356
832,832.5,659.2016509717128
833,833.5,277.01255113164933
834,834.5,-0.019089000000000005
835,835.5,-0.019089000000000005
836,836.5,-0.019089000000000005
837,837.5,-0.019089000000000005
838,838.5,-0.019089000000000005
839,839.5,-0.019089000000000005
840,840.5,-0.019089000000000005
841,841.5,-0.019089000000000005
842,842.5,-0.019089000000000005
843,843.5,-0.019089000000000005
844,844.5,-0.019089000000000005
845,845.5,-0.019089000000000005
846,846.5,-0.019089000000000005
847,847.5,-0.019089000000000005
848,848.5,148.09694341383363
849,849.5,371.26038096196885
850,850.5,934.0547506943373
851,851.5,1111.2756295244649
852,852.5,1192.193310624176
853,853.5,1190.9986895045108
854,854.5,1095.053923538727
855,855.5,916.2251887264467
856,856.5,647.7682657128878
857,857.5,272.28169073227434
858,858.5,-0.019089000000000005
859,859.5,-0.019089000000000005
860,860.5,-0.019089000000000005
861,861.5,-0.019089000000000005
862,862.5,-0.019089000000000005
863,863.5,-0.019089000000000005
864,864.5,-0.019089000000000005
865,865.5,-0.019089000000000005
866,866.5,-0.019089000000000005
867,867.5,-0.019089000000000005
868,868.5,-0.019089000000000005
869,869.5,-0.019089000000000005
870,870.5,-0.019089000000000005
871,871.5,-0.019089000000000005
872,872.5,106.04801519374878
873,873.5,391.19076721956776
874,874.5,608.0186166698453
875,875.5,1107.741837230719
876,876.5,1202.9155120967127
877,877.5,1199.7621795094803
878,878.5,1106.0387829724496
879,879.5,922.6851857854894
880,880.5,651.0508949988598
881,881.5,269.0684804381556
882,882.5,-0.019089000000000005
883,883.5,-0.019089000000000005
884,884.5,-0.019089000000000005
885,885.5,-0.019089000000000005
886,886.5,-0.019089000000000005
887,887.5,-0.019089000000000005
888,888.5,-0.019089000000000005
889,889.5,-0.019089000000000005
890,890.5,-0.019089000000000005
891,891.5,-0.019089000000000005
892,892.5,-0.019089000000000005
893,893.5,-0.019089000000000005
894,894.5,-0.019089000000000005
895,895.5,-0.019089000000000005
896,896.5,244.07229580048335
897,897.5,636.015053043944
898,898.5,923.2640381264315
899,899.5,1120.9258206625957
900,900.5,1217.9815378126382
901,901.5,1223.4065259294202
902,902.5,1126.0715345697795
903,903.5,939.6812809210032
904,904.5,657.4950888321749
905,905.5,273.19514955438785
906,906.5,-0.019089000000000005
907,907.5,-0.019089000000000005
908,908.5,-0.019089000000000005
909,909.5,-0.019089000000000005
910,910.5,-0.019089000000000005
911,911.5,-0.019089000000000005
912,912.5,-0.019089000000000005
913,913.5,-0.019089000000000005
914,914.5,-0.019089000000000005
915,915.5,-0.019089000000000005
916,916.5,-0.019089000000000005
917,917.5,-0.019089000000000005
918,918.5,-0.019089000000000005
919,919.5,-0.019089000000000005
920,920.5,65.50687454616057
921,921.5,411.6868606713771
922,922.5,517.7674047223844
923,923.5,801.5128709835942
924,924.5,1055.330171904702
925,925.5,859.6726033123033
926,926.5,859.9629584048106
927,927.5,734.4420852423636
928,928.5,546.440983732818
929,929.5,143.9165408817093
930,930.5,-0.019089000000000005
931,931.5,-0.019089000000000005
932,932.5,-0.019089000000000005
933,933.5,-0.019089000000000005
934,934.5,-0.019089000000000005
935,935.5,-0.019089000000000005
936,936.5,-0.019089000000000005
937,937.5,-0.019089000000000005
938,938.5,-0.019089000000000005
939,939.5,-0.019089000000000005
940,940.5,-0.019089000000000005
941,941.5,-0.019089000000000005
942,942.5,-0.019089000000000005
943,943.5,-0.019089000000000005
944,944.5,157.0578213871377
945,945.5,550.7781903916132
946,946.5,765.5752149245354
947,947.5,1108.4252239221862
948,948.5,1190.562336666979
949,949.5,1195.2329013173824
950,950.5,1098.363782478871
951,951.5,932.8137385329512
952,952.5,449.8405171062372
953,953.5,186.89494494769244
954,954.5,-0.019089000000000005
955,955.5,-0.019089000000000005
956,956.5,-0.019089000000000005
957,957.5,-0.019089000000000005
958,958.5,-0.019089000000000005
959,959.5,-0.019089000000000005
960,960.5,-0.019089000000000005
961,961.5,-0.019089000000000005
962,962.5,-0.019089000000000005
963,963.5,-0.019089000000000005
964,964.5,-0.019089000000000005
965,965.5,-0.019089000000000005
966,966.5,-0.019089000000000005
967,967.5,-0.019089000000000005
968,968.5,289.53621101513124
969,969.5,708.3980378313745
970,970.5,1000.5620080969705
971,971.5,1197.4999522354879
972,972.5,1248.08607
973,973.5,1248.08607
974,974.5,1183.1115475957142
975,975.5,988.2395843514796
976,976.5,705.4503671379973
977,977.5,304.3443697249415
978,978.5,-0.019089000000000005
979,979.5,-0.019089000000000005
980,980.5,-0.019089000000000005
981,981.5,-0.019089000000000005
982,982.5,-0.019089000000000005
983,983.5,-0.019089000000000005
984,984.5,-0.019089000000000005
985,985.5,-0.019089000000000005
986,986.5,-0.019089000000000005
987,987.5,-0.019089000000000005
988,988.5,-0.019089000000000005
989,989.5,-0.019089000000000005
990,990.5,-0.019089000000000005
991,991.5,-0.019089000000000005
992,992.5,285.86305565786296
993,993.5,702.063731702131
994,994.5,689.4734403919039
995,995.5,1188.3648801451493
996,996.5,1248.08607
997,997.5,1248.08607
998,998.5,1173.2762426748636
999,999.5,974.5612056604351
1000,1000.5,687.2183762454393
1001,1001.5,294.1204290390445
1002,1002.5,-0.019089000000000005
1003,1003.5,-0.019089000000000005
1004,1004.5,-0.019089000000000005
1005,1005.5,-0.019089000000000005
1006,1006.5,-0.019089000000000005
1007,1007.5,-0.019089000000000005
1008,1008.5,-0.019089000000000005
1009,1009.5,-0.019089000000000005
1010,1010.5,-0.019089000000000005
1011,1011.5,-0.019089000000000005
1012,1012.5,-0.019089000000000005
1013,1013.5,-0.019089000000000005
1014,1014.5,-0.019089000000000005
1015,1015.5,-0.019089000000000005
1016,1016.5,4.097443539210004
1017,1017.5,63.3698740832394
1018,1018.5,198.26382813167774
1019,1019.5,36.85384499200855
1020,1020.5,42.9464372350842
1021,1021.5,384.4186658714934
1022,1022.5,238.50018923859557
1023,1023.5,439.8030056095442
1024,1024.5,128.8027835708675
1025,1025.5,299.0123858502631
1026,1026.5,-0.019089000000000005
1027,1027.5,-0.019089000000000005
1028,1028.5,-0.019089000000000005
1029,1029.5,-0.019089000000000005
1030,1030.5,-0.019089000000000005
1031,1031.5,-0.019089000000000005
1032,1032.5,-0.019089000000000005
1033,1033.5,-0.019089000000000005
1034,1034.5,-0.019089000000000005
1035,1035.5,-0.019089000000000005
1036,1036.5,-0.019089000000000005
1037,1037.5,-0.019089000000000005
1038,1038.5,-0.019089000000000005
1039,1039.5,-0.019089000000000005
1040,1040.5,303.10410897110864
1041,1041.5,717.4404329088088
1042,1042.5,1001.6615330505009
1043,1043.5,1186.7270037832898
1044,1044.5,1248.08607
1045,1045.5,1248.08607
1046,1046.5,1197.2485697433465
1047,1047.5,1012.2778888179014
1048,1048.5,720.1272701877397
1049,1049.5,321.615288193713
1050,1050.5,-0.019089000000000005
1051,1051.5,-0.019089000000000005
1052,1052.5,-0.019089000000000005
1053,1053.5,-0.019089000000000005
1054,1054.5,-0.019089000000000005
1055,1055.5,-0.019089000000000005
1056,1056.5,-0.019089000000000005
1057,1057.5,-0.019089000000000005
1058,1058.5,-0.019089000000000005
1059,1059.5,-0.019089000000000005
1060,1060.5,-0.019089000000000005
1061,1061.5,-0.019089000000000005
1062,1062.5,-0.019089000000000005
1063,1063.5,-0.019089000000000005
1064,1064.5,305.3504928114455
1065,1065.5,711.0254120150009
1066,1066.5,986.899458010782
1067,1067.5,1167.308091601278
1068,1068.5,1248.08607
1069,1069.5,1234.0496350010117
1070,1070.5,1142.862226614409
1071,1071.5,982.1420981594017
1072,1072.5,711.8694621934618
1073,1073.5,320.7425377543421
1074,1074.5,-0.019089000000000005
1075,1075.5,-0.019089000000000005
1076,1076.5,-0.019089000000000005
1077,1077.5,-0.019089000000000005
1078,1078.5,-0.019089000000000005
1079,1079.5,-0.019089000000000005
1080,1080.5,-0.019089000000000005
1081,1081.5,-0.019089000000000005
1082,1082.5,-0.019089000000000005
1083,1083.5,-0.019089000000000005
1084,1084.5,-0.019089000000000005
1085,1085.5,-0.019089000000000005
1086,1086.5,-0.019089000000000005
1087,1087.5,-0.019089000000000005
1088,1088.5,277.6550454977634
1089,1089.5,670.860465052504
1090,1090.5,941.5341313546481
1091,1091.5,922.1179053141389
1092,1092.5,944.7817743862541
1093,1093.5,1248.08607
1094,1094.5,1163.4762379375836
1095,1095.5,980.4554870964764
1096,1096.5,697.9916185284011
1097,1097.5,314.8952633276934
1098,1098.5,-0.019089000000000005
1099,1099.5,-0.019089000000000005
1100,1100.5,-0.019089000000000005
1101,1101.5,-0.019089000000000005
1102,1102.5,-0.019089000000000005
1103,1103.5,-0.019089000000000005
1104,1104.5,-0.019089000000000005
1105,1105.5,-0.019089000000000005
1106,1106.5,-0.019089000000000005
1107,1107.5,-0.019089000000000005
1108,1108.5,-0.019089000000000005
1109,1109.5,-0.019089000000000005
1110,1110.5,-0.019089000000000005
1111,1111.5,-0.019089000000000005
1112,1112.5,313.1042061925151
1113,1113.5,721.8582346257305
1114,1114.5,1008.8630018174857
1115,1115.5,1200.268483706551
1116,1116.5,1248.08607
1117,1117.5,1248.08607
1118,1118.5,1164.5077941594996
1119,1119.5,969.025910268352
1120,1120.5,697.0876058017767
1121,1121.5,323.05117532119436
1122,1122.5,-0.019089000000000005
1123,1123.5,-0.019089000000000005
1124,1124.5,-0.019089000000000005
1125,1125.5,-0.019089000000000005
1126,1126.5,-0.019089000000000005
1127,1127.5,-0.019089000000000005
1128,1128.5,-0.019089000000000005
1129,1129.5,-0.019089000000000005
1130,1130.5,-0.019089000000000005
1131,1131.5,-0.019089000000000005
1132,1132.5,-0.019089000000000005
1133,1133.5,-0.019089000000000005
1134,1134.5,-0.019089000000000005
1135,1135.5,-0.019089000000000005
1136,1136.5,333.2595605089775
1137,1137.5,738.1614325627228
1138,1138.5,696.7384207804348
1139,1139.5,1204.9720291073952
1140,1140.5,1248.08607
1141,1141.5,1248.08607
1142,1142.5,1210.8020556355498
1143,1143.5,1016.4428415818098
1144,1144.5,731.8959664641584
1145,1145.5,337.16100693973885
1146,1146.5,-0.019089000000000005
1147,1147.5,-0.019089000000000005
1148,1148.5,-0.019089000000000005
1149,1149.5,-0.019089000000000005
1150,1150.5,-0.019089000000000005
1151,1151.5,-0.019089000000000005
1152,1152.5,-0.019089000000000005
1153,1153.5,-0.019089000000000005
1154,1154.5,-0.019089000000000005
1155,1155.5,-0.019089000000000005
1156,1156.5,-0.019089000000000005
1157,1157.5,-0.019089000000000005
1158,1158.5,-0.019089000000000005
1159,1159.5,-0.019089000000000005
1160,1160.5,310.1848649952113
1161,1161.5,720.2542689813095
1162,1162.5,705.5064001992793
1163,1163.5,1214.5791658251756
1164,1164.5,1248.08607
1165,1165.5,1248.08607
1166,1166.5,1216.1905551544094
1167,1167.5,1024.0135049332264
1168,1168.5,738.4097535332867
1169,1169.5,348.04613680523164
1170,1170.5,-0.019089000000000005
1171,1171.5,-0.019089000000000005
1172,1172.5,-0.019089000000000005
1173,1173.5,-0.019089000000000005
1174,1174.5,-0.019089000000000005
1175,1175.5,-0.019089000000000005
1176,1176.5,-0.019089000000000005
1177,1177.5,-0.019089000000000005
1178,1178.5,-0.019089000000000005
1179,1179.5,-0.019089000000000005
1180,1180.5,-0.019089000000000005
1181,1181.5,-0.019089000000000005
1182,1182.5,-0.019089000000000005
1183,1183.5,-0.019089000000000005
1184,1184.5,250.1595537208223
1185,1185.5,486.8534216651296
1186,1186.5,724.8389532354685
1187,1187.5,956.3363352081808
1188,1188.5,1105.2625668607818
1189,1189.5,1248.08607
1190,1190.5,1195.5260640742117
1191,1191.5,851.9723759288382
1192,1192.5,598.2080704752336
1193,1193.5,97.51525779196709
1194,1194.5,-0.019089000000000005
1195,1195.5,-0.019089000000000005
1196,1196.5,-0.019089000000000005
1197,1197.5,-0.019089000000000005
1198,1198.5,-0.019089000000000005
1199,1199.5,-0.019089000000000005
1200,1200.5,-0.019089000000000005
1201,1201.5,-0.019089000000000005
1202,1202.5,-0.019089000000000005
1203,1203.5,-0.019089000000000005
1204,1204.5,-0.019089000000000005
1205,1205.5,-0.019089000000000005
1206,1206.5,-0.019089000000000005
1207,1207.5,-0.019089000000000005
1208,1208.5,12.377745170656105
1209,1209.5,33.257362038919304
1210,1210.5,237.68741542226894
1211,1211.5,38.72648982814984
1212,1212.5,142.34274205504445
1213,1213.5,148.91127402208917
1214,1214.5,112.67781804866796
1215,1215.5,72.68908860281213
1216,1216.5,70.04961072543361
1217,1217.5,88.99460613663241
1218,1218.5,-0.019089000000000005
1219,1219.5,-0.019089000000000005
1220,1220.5,-0.019089000000000005
1221,1221.5,-0.019089000000000005
1222,1222.5,-0.019089000000000005
1223,1223.5,-0.019089000000000005
1224,1224.5,-0.019089000000000005
1225,1225.5,-0.019089000000000005
1226,1226.5,-0.019089000000000005
1227,1227.5,-0.019089000000000005
1228,1228.5,-0.019089000000000005
1229,1229.5,-0.019089000000000005
1230,1230.5,-0.019089000000000005
1231,1231.5,-0.019089000000000005
1232,1232.5,23.517791738964767
1233,1233.5,198.07952270408873
1234,1234.5,450.38775736019807
1235,1235.5,523.026103930614
1236,1236.5,722.2195939506005
1237,1237.5,632.978189813088
1238,1238.5,717.9096895470619
1239,1239.5,562.1222511797382
1240,1240.5,730.8795315783727
1241,1241.5,233.78096233353375
1242,1242.5,-0.019089000000000005
1243,1243.5,-0.019089000000000005
1244,1244.5,-0.019089000000000005
1245,1245.5,-0.019089000000000005
1246,1246.5,-0.019089000000000005
1247,1247.5,-0.019089000000000005
1248,1248.5,-0.019089000000000005
1249,1249.5,-0.019089000000000005
1250,1250.5,-0.019089000000000005
1251,1251.5,-0.019089000000000005
1252,1252.5,-0.019089000000000005
1253,1253.5,-0.019089000000000005
1254,1254.5,-0.019089000000000005
1255,1255.5,-0.019089000000000005
1256,1256.5,222.5483023853333
1257,1257.5,446.45759543493665
1258,1258.5,981.1591087202213
1259,1259.5,1150.3726789459945
1260,1260.5,974.9605745030368
1261,1261.5,1248.08607
1262,1262.5,487.89909482549626
1263,1263.5,400.76716801496843
1264,1264.5,702.0467717666855
1265,1265.5,330.69106290691104
1266,1266.5,-0.019089000000000005
1267,1267.5,-0.019089000000000005
1268,1268.5,-0.019089000000000005
1269,1269.5,-0.019089000000000005
1270,1270.5,-0.019089000000000005
1271,1271.5,-0.019089000000000005
1272,1272.5,-0.019089000000000005
1273,1273.5,-0.019089000000000005
1274,1274.5,-0.019089000000000005
1275,1275.5,-0.019089000000000005
1276,1276.5,-0.019089000000000005
1277,1277.5,-0.019089000000000005
1278,1278.5,-0.019089000000000005
1279,1279.5,-0.019089000000000005
1280,1280.5,335.340265873423
1281,1281.5,479.8241116454039
1282,1282.5,499.0635941093458
1283,1283.5,1212.4565235824784
1284,1284.5,1248.08607
1285,1285.5,1248.08607
1286,1286.5,1213.339950704421
1287,1287.5,1021.7316847895223
1288,1288.5,744.479833358312
1289,1289.5,365.4822515499711
1290,1290.5,-0.019089000000000005
1291,1291.5,-0.019089000000000005
1292,1292.5,-0.019089000000000005
1293,1293.5,-0.019089000000000005
1294,1294.5,-0.019089000000000005
1295,1295.5,-0.019089000000000005
1296,1296.5,-0.019089000000000005
1297,1297.5,-0.019089000000000005
1298,1298.5,-0.019089000000000005
1299,1299.5,-0.019089000000000005
1300,1300.5,-0.019089000000000005
1301,1301.5,-0.019089000000000005
1302,1302.5,-0.019089000000000005
1303,1303.5,-0.019089000000000005
1304,1304.5,344.9539138774783
1305,1305.5,729.7257505179331
1306,1306.5,984.0382820750302
1307,1307.5,1151.9549699057125
1308,1308.5,1238.4696833598646
1309,1309.5,1238.8673308544317
1310,1310.5,1144.8357744907764
1311,1311.5,219.17897347498905
1312,1312.5,75.19718788489685
1313,1313.5,132.5789527136723
1314,1314.5,1.965972204281086
1315,1315.5,-0.019089000000000005
1316,1316.5,-0.019089000000000005
1317,1317.5,-0.019089000000000005
1318,1318.5,-0.019089000000000005
1319,1319.5,-0.019089000000000005
1320,1320.5,-0.019089000000000005
1321,1321.5,-0.019089000000000005
1322,1322.5,-0.019089000000000005
1323,1323.5,-0.019089000000000005
1324,1324.5,-0.019089000000000005
1325,1325.5,-0.019089000000000005
1326,1326.5,-0.019089000000000005
1327,1327.5,-0.019089000000000005
1328,1328.5,9.006732465732256
1329,1329.5,58.280962345748534
1330,1330.5,57.561438855629206
1331,1331.5,171.11271010619802
1332,1332.5,206.77142607659667
1333,1333.5,353.88377643685357
1334,1334.5,385.1806562316043
1335,1335.5,87.37399002963316
1336,1336.5,770.3846490447352
1337,1337.5,38.756938808172855
1338,1338.5,14.854653123373998
1339,1339.5,-0.019089000000000005
1340,1340.5,-0.019089000000000005
1341,1341.5,-0.019089000000000005
1342,1342.5,-0.019089000000000005
1343,1343.5,-0.019089000000000005
1344,1344.5,-0.019089000000000005
1345,1345.5,-0.019089000000000005
1346,1346.5,-0.019089000000000005
1347,1347.5,-0.019089000000000005
1348,1348.5,-0.019089000000000005
1349,1349.5,-0.019089000000000005
1350,1350.5,-0.019089000000000005
1351,1351.5,16.159212253683748
1352,1352.5,385.8083417407435
1353,1353.5,795.0902141883034
1354,1354.5,1064.092966374734
1355,1355.5,1229.6299704578666
1356,1356.5,1248.08607
1357,1357.5,1248.08607
1358,1358.5,1182.5054050744543
1359,1359.5,1010.9504193548147
1360,1360.5,744.070282599106
1361,1361.5,132.2789739637824
1362,1362.5,3.8518237919540654
1363,1363.5,-0.019089000000000005
1364,1364.5,-0.019089000000000005
1365,1365.5,-0.019089000000000005
1366,1366.5,-0.019089000000000005
1367,1367.5,-0.019089000000000005
1368,1368.5,-0.019089000000000005
1369,1369.5,-0.019089000000000005
1370,1370.5,-0.019089000000000005
1371,1371.5,-0.019089000000000005
1372,1372.5,-0.019089000000000005
1373,1373.5,-0.019089000000000005
1374,1374.5,-0.019089000000000005
1375,1375.5,17.730377754377994
1376,1376.5,389.61745133583656
1377,1377.5,801.6135009864507
1378,1378.5,1109.2785836242672
1379,1379.5,1248.08607
1380,1380.5,1248.08607
1381,1381.5,1057.1075394187947
1382,1382.5,930.5482057388045
1383,1383.5,464.938115650446
1384,1384.5,607.5859587376593
1385,1385.5,389.2178076236157
1386,1386.5,20.16056864184208
1387,1387.5,-0.019089000000000005
1388,1388.5,-0.019089000000000005
1389,1389.5,-0.019089000000000005
1390,1390.5,-0.019089000000000005
1391,1391.5,-0.019089000000000005
1392,1392.5,-0.019089000000000005
1393,1393.5,-0.019089000000000005
1394,1394.5,-0.019089000000000005
1395,1395.5,-0.019089000000000005
1396,1396.5,-0.019089000000000005
1397,1397.5,-0.019089000000000005
1398,1398.5,-0.019089000000000005
1399,1399.5,18.053168650331184
1400,1400.5,379.02015919435024
1401,1401.5,761.3367769764942
1402,1402.5,1042.1649531927048
1403,1403.5,1227.6142641894694
1404,1404.5,1248.08607
1405,1405.5,1248.08607
1406,1406.5,1244.7675614335772
1407,1407.5,1067.0813049282826
1408,1408.5,774.8639787052803
1409,1409.5,382.3198282290085
1410,1410.5,19.384237677492536
1411,1411.5,-0.019089000000000005
1412,1412.5,-0.019089000000000005
1413,1413.5,-0.019089000000000005
1414,1414.5,-0.019089000000000005
1415,1415.5,-0.019089000000000005
1416,1416.5,-0.019089000000000005
1417,1417.5,-0.019089000000000005
1418,1418.5,-0.019089000000000005
1419,1419.5,-0.019089000000000005
1420,1420.5,-0.019089000000000005
1421,1421.5,-0.019089000000000005
1422,1422.5,-0.019089000000000005
1423,1423.5,20.27082868178358
1424,1424.5,382.25997960869336
1425,1425.5,793.1124022041582
1426,1426.5,1099.3893399648694
1427,1427.5,1248.08607
1428,1428.5,1248.08607
1429,1429.5,1248.08607
1430,1430.5,1248.08607
1431,1431.5,1076.9803111132373
1432,1432.5,774.4483940386103
1433,1433.5,366.2070868340844
1434,1434.5,16.83687929977306
1435,1435.5,-0.019089000000000005
1436,1436.5,-0.019089000000000005
1437,1437.5,-0.019089000000000005
1438,1438.5,-0.019089000000000005
1439,1439.5,-0.019089000000000005
1440,1440.5,-0.019089000000000005
1441,1441.5,-0.019089000000000005
1442,1442.5,-0.019089000000000005
1443,1443.5,-0.019089000000000005
1444,1444.5,-0.019089000000000005
1445,1445.5,-0.019089000000000005
1446,1446.5,-0.019089000000000005
1447,1447.5,21.394690233140793
1448,1448.5,369.2860772260398
1449,1449.5,742.8923337949388
1450,1450.5,1010.3735798931082
1451,1451.5,1189.6074618374846
1452,1452.5,1248.08607
1453,1453.5,1248.08607
1454,1454.5,1174.9470663881095
1455,1455.5,986.2614464812323
1456,1456.5,722.8585060338211
1457,1457.5,360.3817834729027
1458,1458.5,22.383503938693792
1459,1459.5,-0.019089000000000005
1460,1460.5,-0.019089000000000005
1461,1461.5,-0.019089000000000005
1462,1462.5,-0.019089000000000005
1463,1463.5,-0.019089000000000005
1464,1464.5,-0.019089000000000005
1465,1465.5,-0.019089000000000005
1466,1466.5,-0.019089000000000005
1467,1467.5,-0.019089000000000005
1468,1468.5,-0.019089000000000005
1469,1469.5,-0.019089000000000005
1470,1470.5,-0.019089000000000005
1471,1471.5,11.450468518838353
1472,1472.5,294.71863414084874
1473,1473.5,769.6624443684287
1474,1474.5,810.2054942475429
1475,1475.5,727.2644365757164
1476,1476.5,1132.611952198513
1477,1477.5,1190.0112950960897
1478,1478.5,1096.3252834083562
1479,1479.5,503.45500190598233
1480,1480.5,648.6885489371012
1481,1481.5,307.5213341791175
1482,1482.5,17.401332285865735
1483,1483.5,-0.019089000000000005
1484,1484.5,-0.019089000000000005
1485,1485.5,-0.019089000000000005
1486,1486.5,-0.019089000000000005
1487,1487.5,-0.019089000000000005
1488,1488.5,-0.019089000000000005
1489,1489.5,-0.019089000000000005
1490,1490.5,-0.019089000000000005
1491,1491.5,-0.019089000000000005
1492,1492.5,-0.019089000000000005
1493,1493.5,-0.019089000000000005
1494,1494.5,-0.019089000000000005
1495,1495.5,27.908646124218357
1496,1496.5,371.38371463510765
1497,1497.5,738.6373157408165
1498,1498.5,1008.0829479784528
1499,1499.5,1183.7944102055449
1500,1500.5,1248.08607
1501,1501.5,1248.08607
1502,1502.5,1160.430935928861
1503,1503.5,977.9073052723936
1504,1504.5,707.9446405772685
1505,1505.5,350.9706766709698
1506,1506.5,24.53683810336968
1507,1507.5,-0.019089000000000005
1508,1508.5,-0.019089000000000005
1509,1509.5,-0.019089000000000005
1510,1510.5,-0.019089000000000005
1511,1511.5,-0.019089000000000005
1512,1512.5,-0.019089000000000005
1513,1513.5,-0.019089000000000005
1514,1514.5,-0.019089000000000005
1515,1515.5,-0.019089000000000005
1516,1516.5,-0.019089000000000005
1517,1517.5,-0.019089000000000005
1518,1518.5,-0.019089000000000005
1519,1519.5,35.77687600816761
1520,1520.5,422.9179570114759
1521,1521.5,822.7910478532827
1522,1522.5,1096.7672666404305
1523,1523.5,1248.08607
1524,1524.5,1248.08607
1525,1525.5,1248.08607
1526,1526.5,1230.1645290991505
1527,1527.5,1036.9733383125272
1528,1528.5,769.6505546352163
1529,1529.5,395.9423408542505
1530,1530.5,31.408561833322516
1531,1531.5,-0.019089000000000005
1532,1532.5,-0.019089000000000005
1533,1533.5,-0.019089000000000005
1534,1534.5,-0.019089000000000005
1535,1535.5,-0.019089000000000005
1536,1536.5,-0.019089000000000005
1537,1537.5,-0.019089000000000005
1538,1538.5,-0.019089000000000005
1539,1539.5,-0.019089000000000005
1540,1540.5,-0.019089000000000005
1541,1541.5,-0.019089000000000005
1542,1542.5,-0.019089000000000005
1543,1543.5,26.69456027794961
1544,1544.5,286.84193653682917
1545,1545.5,612.8025298390392
1546,1546.5,679.5202411618541
1547,1547.5,597.9854203005289
1548,1548.5,888.4836256627442
1549,1549.5,979.2834448819149
1550,1550.5,834.6259770527687
1551,1551.5,715.4798514095717
1552,1552.5,726.1260448289768
1553,1553.5,364.60502005594293
1554,1554.5,25.214671578876786
1555,1555.5,-0.019089000000000005
1556,1556.5,-0.019089000000000005
1557,1557.5,-0.019089000000000005
1558,1558.5,-0.019089000000000005
1559,1559.5,-0.019089000000000005
1560,1560.5,-0.019089000000000005
1561,1561.5,-0.019089000000000005
1562,1562.5,-0.019089000000000005
1563,1563.5,-0.019089000000000005
1564,1564.5,-0.019089000000000005
1565,1565.5,-0.019089000000000005
1566,1566.5,-0.019089000000000005
1567,1567.5,33.73067198656089
1568,1568.5,367.1455797489332
1569,1569.5,716.9760144808608
1570,1570.5,968.0799676879101
1571,1571.5,1137.6811170393248
1572,1572.5,1221.2349854514603
1573,1573.5,1213.185019251362
1574,1574.5,1120.798015223803
1575,1575.5,953.2537946650134
1576,1576.5,691.5819607066705
1577,1577.5,344.4124210990359
1578,1578.5,26.227873443101277
1579,1579.5,-0.019089000000000005
1580,1580.5,-0.019089000000000005
1581,1581.5,-0.019089000000000005
1582,1582.5,-0.019089000000000005
1583,1583.5,-0.019089000000000005
1584,1584.5,-0.019089000000000005
1585,1585.5,-0.019089000000000005
1586,1586.5,-0.019089000000000005
1587,1587.5,-0.019089000000000005
1588,1588.5,-0.019089000000000005
1589,1589.5,-0.019089000000000005
1590,1590.5,-0.019089000000000005
1591,1591.5,-0.019089000000000005
1592,1592.5,165.49263420502658
1593,1593.5,129.10514050005952
1594,1594.5,382.2750427341501
1595,1595.5,645.3642198167933
1596,1596.5,1248.08607
1597,1597.5,284.6184445557308
1598,1598.5,1148.8548305435324
1599,1599.5,160.87009427153868
1600,1600.5,445.7244967133735
1601,1601.5,130.3241132301739
1602,1602.5,10.564622990889864
1603,1603.5,-0.019089000000000005
1604,1604.5,-0.019089000000000005
1605,1605.5,-0.019089000000000005
1606,1606.5,-0.019089000000000005
1607,1607.5,-0.019089000000000005
1608,1608.5,-0.019089000000000005
1609,1609.5,-0.019089000000000005
1610,1610.5,-0.019089000000000005
1611,1611.5,-0.019089000000000005
1612,1612.5,-0.019089000000000005
1613,1613.5,-0.019089000000000005
1614,1614.5,-0.019089000000000005
1615,1615.5,45.72597311578382
1616,1616.5,412.42013234132116
1617,1617.5,800.573204947307
1618,1618.5,1084.8593022946031
1619,1619.5,1248.08607
1620,1620.5,1248.08607
1621,1621.5,1248.08607
1622,1622.5,1248.08607
1623,1623.5,1068.4181353525519
1624,1624.5,785.2145857914381
1625,1625.5,406.0831235486922
1626,1626.5,37.83418291260682
1627,1627.5,-0.019089000000000005
1628,1628.5,-0.019089000000000005
1629,1629.5,-0.019089000000000005
1630,1630.5,-0.019089000000000005
1631,1631.5,-0.019089000000000005
1632,1632.5,-0.019089000000000005
1633,1633.5,-0.019089000000000005
1634,1634.5,-0.019089000000000005
1635,1635.5,-0.019089000000000005
1636,1636.5,-0.019089000000000005
1637,1637.5,-0.019089000000000005
1638,1638.5,-0.019089000000000005
1639,1639.5,58.4588119214068
1640,1640.5,453.9090728344058
1641,1641.5,852.6309200597304
1642,1642.5,1142.8564059561418
1643,1643.5,932.3757982737794
1644,1644.5,1000.503841604467
1645,1645.5,1248.08607
1646,1646.5,1248.08607
1647,1647.5,1099.0344543914352
1648,1648.5,804.0573923359726
1649,1649.5,408.20354475893186
1650,1650.5,38.37426516519177
1651,1651.5,-0.019089000000000005
1652,1652.5,-0.019089000000000005
1653,1653.5,-0.019089000000000005
1654,1654.5,-0.019089000000000005
1655,1655.5,-0.019089000000000005
1656,1656.5,-0.019089000000000005
1657,1657.5,-0.019089000000000005
1658,1658.5,-0.019089000000000005
1659,1659.5,-0.019089000000000005
1660,1660.5,-0.019089000000000005
1661,1661.5,-0.019089000000000005
1662,1662.5,-0.019089000000000005
1663,1663.5,62.37120747107559
1664,1664.5,443.9062750828671
1665,1665.5,809.0857956510531
1666,1666.5,1069.3992040912065
1667,1667.5,1231.6568044514593
1668,1668.5,1248.08607
1669,1669.5,1248.08607
1670,1670.5,1196.7781470049836
1671,1671.5,1018.199948199838
1672,1672.5,749.987548049287
1673,1673.5,387.47709660785733
1674,1674.5,39.113763805526794
1675,1675.5,-0.019089000000000005
1676,1676.5,-0.019089000000000005
1677,1677.5,-0.019089000000000005
1678,1678.5,-0.019089000000000005
1679,1679.5,-0.019089000000000005
1680,1680.5,-0.019089000000000005
1681,1681.5,-0.019089000000000005
1682,1682.5,-0.019089000000000005
1683,1683.5,-0.019089000000000005
1684,1684.5,-0.019089000000000005
1685,1685.5,-0.019089000000000005
1686,1686.5,-0.019089000000000005
1687,1687.5,47.336759131582994
1688,1688.5,320.5899710479525
1689,1689.5,634.7399536311356
1690,1690.5,783.283629296667
1691,1691.5,1023.4868031435269
1692,1692.5,936.7968573378448
1693,1693.5,884.1180788456165
1694,1694.5,872.1224754795084
1695,1695.5,1004.5002094270625
1696,1696.5,747.0941214560077
1697,1697.5,390.0347858051875
1698,1698.5,41.9247441086938
1699,1699.5,-0.019089000000000005
1700,1700.5,-0.019089000000000005
1701,1701.5,-0.019089000000000005
1702,1702.5,-0.019089000000000005
1703,1703.5,-0.019089000000000005
1704,1704.5,-0.019089000000000005
1705,1705.5,-0.019089000000000005
1706,1706.5,-0.019089000000000005
1707,1707.5,-0.019089000000000005
1708,1708.5,-0.019089000000000005
1709,1709.5,-0.019089000000000005
1710,1710.5,-0.019089000000000005
1711,1711.5,60.156405630134536
1712,1712.5,432.4813568211985
1713,1713.5,795.7455391283094
1714,1714.5,1058.2171673180399
1715,1715.5,1230.0583788129159
1716,1716.5,1248.08607
1717,1717.5,1248.08607
1718,1718.5,1190.3065934433992
1719,1719.5,1001.8299809403514
1720,1720.5,735.6031033186107
1721,1721.5,380.3438822576637
1722,1722.5,43.42488098183759
1723,1723.5,-0.019089000000000005
1724,1724.5,-0.019089000000000005
1725,1725.5,-0.019089000000000005
1726,1726.5,-0.019089000000000005
1727,1727.5,-0.019089000000000005
1728,1728.5,-0.019089000000000005
1729,1729.5,-0.019089000000000005
1730,1730.5,-0.019089000000000005
1731,1731.5,-0.019089000000000005
1732,1732.5,-0.019089000000000005
1733,1733.5,-0.019089000000000005
1734,1734.5,-0.019089000000000005
1735,1735.5,72.61082827003582
1736,1736.5,431.72931762830194
1737,1737.5,772.2153363262913
1738,1738.5,988.2054605110521
1739,1739.5,1114.990008045328
1740,1740.5,1043.9671586187415
1741,1741.5,849.3430366815489
1742,1742.5,1087.9358570270442
1743,1743.5,939.958346906638
1744,1744.5,710.6426894286407
1745,1745.5,383.4706203763241
1746,1746.5,46.51849495602791
1747,1747.5,-0.019089000000000005
1748,1748.5,-0.019089000000000005
1749,1749.5,-0.019089000000000005
1750,1750.5,-0.019089000000000005
1751,1751.5,-0.019089000000000005
1752,1752.5,-0.019089000000000005
1753,1753.5,-0.019089000000000005
1754,1754.5,-0.019089000000000005
1755,1755.5,-0.019089000000000005
1756,1756.5,-0.019089000000000005
1757,1757.5,-0.019089000000000005
1758,1758.5,-0.019089000000000005
1759,1759.5,78.79915349487156
1760,1760.5,444.2407751564336
1761,1761.5,788.6250708288173
1762,1762.5,1041.4031569157714
1763,1763.5,1207.8078231160662
1764,1764.5,1248.08607
1765,1765.5,1166.6750676238787
1766,1766.5,912.534183895773
1767,1767.5,631.0518217250353
1768,1768.5,734.3911272581666
1769,1769.5,376.4216576235079
1770,1770.5,48.014729423234655
1771,1771.5,-0.019089000000000005
1772,1772.5,-0.019089000000000005
1773,1773.5,-0.019089000000000005
1774,1774.5,-0.019089000000000005
1775,1775.5,-0.019089000000000005
1776,1776.5,-0.019089000000000005
1777,1777.5,-0.019089000000000005
1778,1778.5,-0.019089000000000005
1779,1779.5,-0.019089000000000005
1780,1780.5,-0.019089000000000005
1781,1781.5,-0.019089000000000005
1782,1782.5,-0.019089000000000005
1783,1783.5,82.15328526738614
1784,1784.5,446.7130251296956
1785,1785.5,801.1224058606308
1786,1786.5,1060.6692527345724
1787,1787.5,1229.603921997064
1788,1788.5,1144.8187406885595
1789,1789.5,1147.692167295058
1790,1790.5,1075.947066845153
1791,1791.5,893.7014149040243
1792,1792.5,659.9705541388126
1793,1793.5,218.13083632106984
1794,1794.5,30.56475614447331
1795,1795.5,-0.019089000000000005
1796,1796.5,-0.019089000000000005
1797,1797.5,-0.019089000000000005
1798,1798.5,-0.019089000000000005
1799,1799.5,-0.019089000000000005
1800,1800.5,-0.019089000000000005
1801,1801.5,-0.019089000000000005
1802,1802.5,-0.019089000000000005
1803,1803.5,-0.019089000000000005
1804,1804.5,-0.019089000000000005
1805,1805.5,-0.019089000000000005
1806,1806.5,-0.019089000000000005
1807,1807.5,83.6750766373723
1808,1808.5,443.9974064796969
1809,1809.5,788.9461025719497
1810,1810.5,1035.8713383292875
1811,1811.5,1216.297932444981
1812,1812.5,1126.898961329305
1813,1813.5,973.6820795490063
1814,1814.5,1174.1025205114747
1815,1815.5,953.2123125520001
1816,1816.5,297.6962490107765
1817,1817.5,249.00603691861448
1818,1818.5,51.78457954262264
1819,1819.5,-0.019089000000000005
1820,1820.5,-0.019089000000000005
1821,1821.5,-0.019089000000000005
1822,1822.5,-0.019089000000000005
1823,1823.5,-0.019089000000000005
1824,1824.5,-0.019089000000000005
1825,1825.5,-0.019089000000000005
1826,1826.5,-0.019089000000000005
1827,1827.5,-0.019089000000000005
1828,1828.5,-0.019089000000000005
1829,1829.5,-0.019089000000000005
1830,1830.5,-0.019089000000000005
1831,1831.5,63.46788971341441
1832,1832.5,483.9004942641504
1833,1833.5,848.9975833312093
1834,1834.5,1097.1288562410857
1835,1835.5,1223.46618692336
1836,1836.5,1248.08607
1837,1837.5,1248.08607
1838,1838.5,1224.135389769703
1839,1839.5,1033.9994719906283
1840,1840.5,767.4830997083968
1841,1841.5,403.69725012961305
1842,1842.5,56.07623570536234
1843,1843.5,-0.019089000000000005
1844,1844.5,-0.019089000000000005
1845,1845.5,-0.019089000000000005
1846,1846.5,-0.019089000000000005
1847,1847.5,-0.019089000000000005
1848,1848.5,-0.019089000000000005
1849,1849.5,-0.019089000000000005
1850,1850.5,-0.019089000000000005
1851,1851.5,-0.019089000000000005
1852,1852.5,-0.019089000000000005
1853,1853.5,-0.019089000000000005
1854,1854.5,-0.019089000000000005
1855,1855.5,57.91146401262383
1856,1856.5,376.54329717390027
1857,1857.5,336.71560861009584
1858,1858.5,492.1418754617042
1859,1859.5,635.3698427027524
1860,1860.5,631.0339851561868
1861,1861.5,882.2603553129334
1862,1862.5,832.9970999818013
1863,1863.5,400.23762377524804
1864,1864.5,281.9376686977962
1865,1865.5,105.00140223998868
1866,1866.5,16.528676783204162
1867,1867.5,-0.019089000000000005
1868,1868.5,-0.019089000000000005
1869,1869.5,-0.019089000000000005
1870,1870.5,-0.019089000000000005
1871,1871.5,-0.019089000000000005
1872,1872.5,-0.019089000000000005
1873,1873.5,-0.019089000000000005
1874,1874.5,-0.019089000000000005
1875,1875.5,-0.019089000000000005
1876,1876.5,-0.019089000000000005
1877,1877.5,-0.019089000000000005
1878,1878.5,-0.019089000000000005
1879,1879.5,104.72489113575283
1880,1880.5,480.3033592762812
1881,1881.5,825.9707288768866
1882,1882.5,1079.8680363086962
1883,1883.5,1248.08607
1884,1884.5,1248.08607
1885,1885.5,1248.08607
1886,1886.5,1221.7186506928272
1887,1887.5,968.1168992430074
1888,1888.5,385.83541739181015
1889,1889.5,230.37649584587808
1890,1890.5,32.32004499005131
1891,1891.5,-0.019089000000000005
1892,1892.5,-0.019089000000000005
1893,1893.5,-0.019089000000000005
1894,1894.5,-0.019089000000000005
1895,1895.5,-0.019089000000000005
1896,1896.5,-0.019089000000000005
1897,1897.5,-0.019089000000000005
1898,1898.5,-0.019089000000000005
1899,1899.5,-0.019089000000000005
1900,1900.5,-0.019089000000000005
1901,1901.5,-0.019089000000000005
1902,1902.5,-0.019089000000000005
1903,1903.5,54.66616918159548
1904,1904.5,335.20863061662175
1905,1905.5,543.8850242645694
1906,1906.5,820.4034352245724
1907,1907.5,1027.5974891245319
1908,1908.5,1248.08607
1909,1909.5,1248.08607
1910,1910.5,1180.7578618965824
1911,1911.5,1003.0790774584495
1912,1912.5,276.2656398249419
1913,1913.5,392.3331658278496
1914,1914.5,60.05573519226006
1915,1915.5,-0.019089000000000005
1916,1916.5,-0.019089000000000005
1917,1917.5,-0.019089000000000005
1918,1918.5,-0.019089000000000005
1919,1919.5,-0.019089000000000005
1920,1920.5,-0.019089000000000005
1921,1921.5,-0.019089000000000005
1922,1922.5,-0.019089000000000005
1923,1923.5,-0.019089000000000005
1924,1924.5,-0.019089000000000005
1925,1925.5,-0.019089000000000005
1926,1926.5,-0.019089000000000005
1927,1927.5,46.36684373353034
1928,1928.5,396.7362731557379
1929,1929.5,653.3528776326331
1930,1930.5,825.2472783799409
1931,1931.5,999.7702796664071
1932,1932.5,1248.08607
1933,1933.5,1248.08607
1934,1934.5,1176.803105557932
1935,1935.5,1004.1057086536291
1936,1936.5,738.7175411587684
1937,1937.5,385.03147905871384
1938,1938.5,61.06501938802574
1939,1939.5,-0.019089000000000005
1940,1940.5,-0.019089000000000005
1941,1941.5,-0.019089000000000005
1942,1942.5,-0.019089000000000005
1943,1943.5,-0.019089000000000005
1944,1944.5,-0.019089000000000005
1945,1945.5,-0.019089000000000005
1946,1946.5,-0.019089000000000005
1947,1947.5,-0.019089000000000005
1948,1948.5,-0.019089000000000005
1949,1949.5,-0.019089000000000005
1950,1950.5,-0.019089000000000005
1951,1951.5,112.025335235359
1952,1952.5,486.89267030312243
1953,1953.5,847.0163192622032
1954,1954.5,1110.4294010485514
1955,1955.5,1248.08607
1956,1956.5,1248.08607
1957,1957.5,1248.08607
1958,1958.5,1129.1552466709475
1959,1959.5,973.2398618065718
1960,1960.5,441.9079234577949
1961,1961.5,246.41019171672184
1962,1962.5,33.80600235950793
1963,1963.5,-0.019089000000000005
1964,1964.5,-0.019089000000000005
1965,1965.5,-0.019089000000000005
1966,1966.5,-0.019089000000000005
1967,1967.5,-0.019089000000000005
1968,1968.5,-0.019089000000000005
1969,1969.5,-0.019089000000000005
1970,1970.5,-0.019089000000000005
1971,1971.5,-0.019089000000000005
1972,1972.5,-0.019089000000000005
1973,1973.5,-0.019089000000000005
1974,1974.5,-0.019089000000000005
1975,1975.5,130.58586819722146
1976,1976.5,536.6510918085902
1977,1977.5,914.2912717290375
1978,1978.5,1182.727301721242
1979,1979.5,1248.08607
1980,1980.5,1248.08607
1981,1981.5,1248.08607
1982,1982.5,1248.08607
1983,1983.5,1081.3953259846671
1984,1984.5,802.4021805234223
1985,1985.5,437.44192046335496
1986,1986.5,72.75252025843608
1987,1987.5,-0.019089000000000005
1988,1988.5,-0.019089000000000005
1989,1989.5,-0.019089000000000005
1990,1990.5,-0.019089000000000005
1991,1991.5,-0.019089000000000005
1992,1992.5,-0.019089000000000005
1993,1993.5,-0.019089000000000005
1994,1994.5,-0.019089000000000005
1995,1995.5,-0.019089000000000005
1996,1996.5,-0.019089000000000005
1997,1997.5,-0.019089000000000005
1998,1998.5,-0.019089000000000005
1999,1999.5,130.34064339681402
2000,2000.5,516.3440737349086
2001,2001.5,869.5354985518183
2002,2002.5,1116.5741465730725
2003,2003.5,1248.08607
2004,2004.5,1248.08607
2005,2005.5,1087.8446204475606
2006,2006.5,1068.743839278772
2007,2007.5,849.6309753516894
2008,2008.5,695.5970672867165
2009,2009.5,426.66839044787537
2010,2010.5,73.10477996811832
2011,2011.5,-0.019089000000000005
2012,2012.5,-0.019089000000000005
2013,2013.5,-0.019089000000000005
2014,2014.5,-0.019089000000000005
2015,2015.5,-0.019089000000000005
2016,2016.5,-0.019089000000000005
2017,2017.5,-0.019089000000000005
2018,2018.5,-0.019089000000000005
2019,2019.5,-0.019089000000000005
2020,2020.5,-0.019089000000000005
2021,2021.5,-0.019089000000000005
2022,2022.5,-0.019089000000000005
2023,2023.5,135.8708499185313
2024,2024.5,526.1892558008896
2025,2025.5,882.4841016195322
2026,2026.5,1138.256348132047
2027,2027.5,1248.08607
2028,2028.5,1248.08607
2029,2029.5,1248.08607
2030,2030.5,1248.08607
2031,2031.5,1058.5685102403515
2032,2032.5,778.2997893878936
2033,2033.5,375.6790244062205
2034,2034.5,70.75559267625565
2035,2035.5,-0.019089000000000005
2036,2036.5,-0.019089000000000005
2037,2037.5,-0.019089000000000005
2038,2038.5,-0.019089000000000005
2039,2039.5,-0.019089000000000005
2040,2040.5,-0.019089000000000005
2041,2041.5,-0.019089000000000005
2042,2042.5,-0.019089000000000005
2043,2043.5,-0.019089000000000005
2044,2044.5,-0.019089000000000005
2045,2045.5,-0.019089000000000005
2046,2046.5,-0.019089000000000005
2047,2047.5,123.86241213886592
2048,2048.5,436.933319506287
2049,2049.5,778.3141547591779
2050,2050.5,916.30439181662
2051,2051.5,1065.0276508977872
2052,2052.5,1170.0982469649232
2053,2053.5,1248.08607
2054,2054.5,1114.800484164391
2055,2055.5,778.6266533676461
2056,2056.5,551.5778462103676
2057,2057.5,174.34959288222993
2058,2058.5,31.29471795053673
2059,2059.5,-0.019089000000000005
2060,2060.5,-0.019089000000000005
2061,2061.5,-0.019089000000000005
2062,2062.5,-0.019089000000000005
2063,2063.5,-0.019089000000000005
2064,2064.5,-0.019089000000000005
2065,2065.5,-0.019089000000000005
2066,2066.5,-0.019089000000000005
2067,2067.5,-0.019089000000000005
2068,2068.5,-0.019089000000000005
2069,2069.5,-0.019089000000000005
2070,2070.5,-0.019089000000000005
2071,2071.5,83.55979771791695
2072,2072.5,484.91622001301647
2073,2073.5,804.6492483566783
2074,2074.5,897.6255521111258
2075,2075.5,1016.3554306700495
2076,2076.5,1248.08607
2077,2077.5,1246.1134849410366
2078,2078.5,1154.7271327307792
2079,2079.5,979.9442910258172
2080,2080.5,726.1758265612443
2081,2081.5,388.3656287157546
2082,2082.5,68.67602718050973
2083,2083.5,-0.019089000000000005
2084,2084.5,-0.019089000000000005
2085,2085.5,-0.019089000000000005
2086,2086.5,-0.019089000000000005
2087,2087.5,-0.019089000000000005
2088,2088.5,-0.019089000000000005
2089,2089.5,-0.019089000000000005
2090,2090.5,-0.019089000000000005
2091,2091.5,-0.019089000000000005
2092,2092.5,-0.019089000000000005
2093,2093.5,-0.019089000000000005
2094,2094.5,-0.019089000000000005
2095,2095.5,78.85532497318941
2096,2096.5,267.53308481884113
2097,2097.5,696.6577779410632
2098,2098.5,867.4540743409946
2099,2099.5,985.909661153788
2100,2100.5,1141.31426283278
2101,2101.5,934.5757491245228
2102,2102.5,805.6408206402818
2103,2103.5,804.2462002119474
2104,2104.5,571.406165622768
2105,2105.5,122.78460894725646
2106,2106.5,44.994483680157245
2107,2107.5,-0.019089000000000005
2108,2108.5,-0.019089000000000005
2109,2109.5,-0.019089000000000005
2110,2110.5,-0.019089000000000005
2111,2111.5,-0.019089000000000005
2112,2112.5,-0.019089000000000005
2113,2113.5,-0.019089000000000005
2114,2114.5,-0.019089000000000005
2115,2115.5,-0.019089000000000005
2116,2116.5,-0.019089000000000005
2117,2117.5,-0.019089000000000005
2118,2118.5,-0.019089000000000005
2119,2119.5,143.91390661567232
2120,2120.5,514.8951621712175
2121,2121.5,831.7187632276883
2122,2122.5,1058.0771849007444
2123,2123.5,1201.543961468963
2124,2124.5,1248.08607
2125,2125.5,1226.9627774813162
2126,2126.5,1115.3682263858038
2127,2127.5,942.0445555757178
2128,2128.5,604.3872110078979
2129,2129.5,278.513856689609
2130,2130.5,58.3861188788968
2131,2131.5,-0.019089000000000005
2132,2132.5,-0.019089000000000005
2133,2133.5,-0.019089000000000005
2134,2134.5,-0.019089000000000005
2135,2135.5,-0.019089000000000005
2136,2136.5,-0.019089000000000005
2137,2137.5,-0.019089000000000005
2138,2138.5,-0.019089000000000005
2139,2139.5,-0.019089000000000005
2140,2140.5,-0.019089000000000005
2141,2141.5,-0.019089000000000005
2142,2142.5,-0.019089000000000005
2143,2143.5,143.19444397880113
2144,2144.5,495.6190108998667
2145,2145.5,826.4702851330553
2146,2146.5,1072.340578952709
2147,2147.5,1218.6631083135271
2148,2148.5,1248.08607
2149,2149.5,1248.08607
2150,2150.5,1152.2522059948653
2151,2151.5,977.6218077252902
2152,2152.5,732.8284878375686
2153,2153.5,398.55535749720764
2154,2154.5,72.7539362049641
2155,2155.5,-0.019089000000000005
2156,2156.5,-0.019089000000000005
2157,2157.5,-0.019089000000000005
2158,2158.5,-0.019089000000000005
2159,2159.5,-0.019089000000000005
2160,2160.5,-0.019089000000000005
2161,2161.5,-0.019089000000000005
2162,2162.5,-0.019089000000000005
2163,2163.5,-0.019089000000000005
2164,2164.5,-0.019089000000000005
2165,2165.5,-0.019089000000000005
2166,2166.5,-0.019089000000000005
2167,2167.5,51.330119638842056
2168,2168.5,247.7519159174457
2169,2169.5,682.1428729955609
2170,2170.5,1021.1550489035852
2171,2171.5,1143.3206457544777
2172,2172.5,1208.4364477757244
2173,2173.5,1192.311783267466
2174,2174.5,1029.8422554285296
2175,2175.5,812.4426216293521
2176,2176.5,683.2673495231871
2177,2177.5,291.78039621385216
2178,2178.5,62.50644727113694
2179,2179.5,-0.019089000000000005
2180,2180.5,-0.019089000000000005
2181,2181.5,-0.019089000000000005
2182,2182.5,-0.019089000000000005
2183,2183.5,-0.019089000000000005
2184,2184.5,-0.019089000000000005
2185,2185.5,-0.019089000000000005
2186,2186.5,-0.019089000000000005
2187,2187.5,-0.019089000000000005
2188,2188.5,-0.019089000000000005
2189,2189.5,-0.019089000000000005
2190,2190.5,-0.019089000000000005
2191,2191.5,34.73610408499044
2192,2192.5,86.19816761674821
2193,2193.5,116.73615381901482
2194,2194.5,136.91090613019324
2195,2195.5,121.52476174538683
2196,2196.5,324.36420354608117
2197,2197.5,323.8975119188357
2198,2198.5,309.1527810125933
2199,2199.5,150.04719342276238
2200,2200.5,200.71502811720106
2201,2201.5,407.3722440500641
2202,2202.5,82.72294557327722
2203,2203.5,-0.019089000000000005
2204,2204.5,-0.019089000000000005
2205,2205.5,-0.019089000000000005
2206,2206.5,-0.019089000000000005
2207,2207.5,-0.019089000000000005
2208,2208.5,-0.019089000000000005
2209,2209.5,-0.019089000000000005
2210,2210.5,-0.019089000000000005
2211,2211.5,-0.019089000000000005
2212,2212.5,-0.019089000000000005
2213,2213.5,-0.019089000000000005
2214,2214.5,-0.019089000000000005
2215,2215.5,2.9587338867628845
2216,2216.5,115.19989108694456
2217,2217.5,188.80474533159548
2218,2218.5,28.722376067501287
2219,2219.5,234.72351538288422
2220,2220.5,586.5168211263397
2221,2221.5,385.38500398555624
2222,2222.5,552.2214782246518
2223,2223.5,603.0984815116045
2224,2224.5,420.29560550527975
2225,2225.5,415.01110936536014
2226,2226.5,83.07892039590838
2227,2227.5,-0.019089000000000005
2228,2228.5,-0.019089000000000005
2229,2229.5,-0.019089000000000005
2230,2230.5,-0.019089000000000005
2231,2231.5,-0.019089000000000005
2232,2232.5,-0.019089000000000005
2233,2233.5,-0.019089000000000005
2234,2234.5,-0.019089000000000005
2235,2235.5,-0.019089000000000005
2236,2236.5,-0.019089000000000005
2237,2237.5,-0.019089000000000005
2238,2238.5,-0.019089000000000005
2239,2239.5,121.31954411689496
2240,2240.5,559.5280868624533
2241,2241.5,886.4927565359498
2242,2242.5,1122.0046843886114
2243,2243.5,1248.08607
2244,2244.5,1248.08607
2245,2245.5,1248.08607
2246,2246.5,1210.558505580301
2247,2247.5,1023.4003126274731
2248,2248.5,765.3704307063915
2249,2249.5,421.185252486486
2250,2250.5,80.58321894771443
2251,2251.5,-0.019089000000000005
2252,2252.5,-0.019089000000000005
2253,2253.5,-0.019089000000000005
2254,2254.5,-0.019089000000000005
2255,2255.5,-0.019089000000000005
2256,2256.5,-0.019089000000000005
2257,2257.5,-0.019089000000000005
2258,2258.5,-0.019089000000000005
2259,2259.5,-0.019089000000000005
2260,2260.5,-0.019089000000000005
2261,2261.5,-0.019089000000000005
2262,2262.5,-0.019089000000000005
2263,2263.5,109.94493237020536
2264,2264.5,489.65368803277016
2265,2265.5,727.6539193437789
2266,2266.5,1001.5932373467809
2267,2267.5,1112.5004656390167
2268,2268.5,1224.572856784482
2269,2269.5,1171.391842879369
2270,2270.5,1129.350626233144
2271,2271.5,823.9498516014643
2272,2272.5,640.0557752198599
2273,2273.5,327.4598206133543
2274,2274.5,73.6975433918208
2275,2275.5,-0.019089000000000005
2276,2276.5,-0.019089000000000005
2277,2277.5,-0.019089000000000005
2278,2278.5,-0.019089000000000005
2279,2279.5,-0.019089000000000005
2280,2280.5,-0.019089000000000005
2281,2281.5,-0.019089000000000005
2282,2282.5,-0.019089000000000005
2283,2283.5,-0.019089000000000005
2284,2284.5,-0.019089000000000005
2285,2285.5,-0.019089000000000005
2286,2286.5,-0.019089000000000005
2287,2287.5,175.050605070336
2288,2288.5,475.8745821803257
2289,2289.5,569.7558672961073
2290,2290.5,818.0029585306944
2291,2291.5,940.1007377849229
2292,2292.5,904.3090778209125
2293,2293.5,1054.2642481472758
2294,2294.5,942.6429580691694
2295,2295.5,789.8684259421469
2296,2296.5,422.87329224116155
2297,2297.5,323.96856349316886
2298,2298.5,80.78077717182911
2299,2299.5,-0.019089000000000005
2300,2300.5,-0.019089000000000005
2301,2301.5,-0.019089000000000005
2302,2302.5,-0.019089000000000005
2303,2303.5,-0.019089000000000005
2304,2304.5,-0.019089000000000005
2305,2305.5,-0.019089000000000005
2306,2306.5,-0.019089000000000005
2307,2307.5,-0.019089000000000005
2308,2308.5,-0.019089000000000005
2309,2309.5,-0.019089000000000005
2310,2310.5,-0.019089000000000005
2311,2311.5,177.61673409591648
2312,2312.5,460.7129610565013
2313,2313.5,818.1547836866002
2314,2314.5,1037.1519734007497
2315,2315.5,1045.5365087933862
2316,2316.5,1078.7564936746996
2317,2317.5,750.8204581494756
2318,2318.5,706.7082762061636
2319,2319.5,949.5405101614862
2320,2320.5,581.3878694620984
2321,2321.5,356.81023790571
2322,2322.5,78.69367181460152
2323,2323.5,-0.019089000000000005
2324,2324.5,-0.019089000000000005
2325,2325.5,-0.019089000000000005
2326,2326.5,-0.019089000000000005
2327,2327.5,-0.019089000000000005
2328,2328.5,-0.019089000000000005
2329,2329.5,-0.019089000000000005
2330,2330.5,-0.019089000000000005
2331,2331.5,-0.019089000000000005
2332,2332.5,-0.019089000000000005
2333,2333.5,-0.019089000000000005
2334,2334.5,-0.019089000000000005
2335,2335.5,110.10378469406416
2336,2336.5,436.2633374127
2337,2337.5,485.8547809492486
2338,2338.5,841.5224622943758
2339,2339.5,1041.6277026374376
2340,2340.5,1144.9178046125044
2341,2341.5,1248.08607
2342,2342.5,1185.9487938524735
2343,2343.5,1001.5010438084694
2344,2344.5,743.4978293009274
2345,2345.5,402.7181743689048
2346,2346.5,79.69869252981863
2347,2347.5,-0.019089000000000005
2348,2348.5,-0.019089000000000005
2349,2349.5,-0.019089000000000005
2350,2350.5,-0.019089000000000005
2351,2351.5,-0.019089000000000005
2352,2352.5,-0.019089000000000005
2353,2353.5,-0.019089000000000005
2354,2354.5,-0.019089000000000005
2355,2355.5,-0.019089000000000005
2356,2356.5,-0.019089000000000005
2357,2357.5,-0.019089000000000005
2358,2358.5,-0.019089000000000005
2359,2359.5,169.69692909997434
2360,2360.5,435.38409100736425
2361,2361.5,549.3630108898441
2362,2362.5,687.7447897968565
2363,2363.5,740.2980435387333
2364,2364.5,737.4367376634175
2365,2365.5,778.8264289784875
2366,2366.5,618.6137878095194
2367,2367.5,801.9878764465841
2368,2368.5,219.7096917583453
2369,2369.5,88.6563926299549
2370,2370.5,49.80682848186311
2371,2371.5,-0.019089000000000005
2372,2372.5,-0.019089000000000005
2373,2373.5,-0.019089000000000005
2374,2374.5,-0.019089000000000005
2375,2375.5,-0.019089000000000005
2376,2376.5,-0.019089000000000005
2377,2377.5,-0.019089000000000005
2378,2378.5,-0.019089000000000005
2379,2379.5,-0.019089000000000005
2380,2380.5,-0.019089000000000005
2381,2381.5,-0.019089000000000005
2382,2382.5,-0.019089000000000005
2383,2383.5,10.286388067160377
2384,2384.5,443.9090353595365
2385,2385.5,737.9838468395777
2386,2386.5,811.5379059564036
2387,2387.5,1175.1921102318472
2388,2388.5,1248.08607
2389,2389.5,1248.08607
2390,2390.5,1248.08607
2391,2391.5,1080.9410373658293
2392,2392.5,803.7384953344318
2393,2393.5,440.67431460222275
2394,2394.5,94.27224281190252
2395,2395.5,-0.019089000000000005
2396,2396.5,-0.019089000000000005
2397,2397.5,-0.019089000000000005
2398,2398.5,-0.019089000000000005
2399,2399.5,-0.019089000000000005
2400,2400.5,-0.019089000000000005
2401,2401.5,-0.019089000000000005
2402,2402.5,-0.019089000000000005
2403,2403.5,-0.019089000000000005
2404,2404.5,-0.019089000000000005
2405,2405.5,-0.019089000000000005
2406,2406.5,6.976306680678565
2407,2407.5,211.5568813704037
2408,2408.5,602.6319129673235
2409,2409.5,930.3621217493121
2410,2410.5,1161.0899614342325
2411,2411.5,1248.08607
2412,2412.5,1248.08607
2413,2413.5,1248.08607
2414,2414.5,1219.848127366433
2415,2415.5,1023.486786574937
2416,2416.5,763.2149697950177
2417,2417.5,391.01863338155005
2418,2418.5,88.75998282728405
2419,2419.5,-0.019089000000000005
2420,2420.5,-0.019089000000000005
2421,2421.5,-0.019089000000000005
2422,2422.5,-0.019089000000000005
2423,2423.5,-0.019089000000000005
2424,2424.5,-0.019089000000000005
2425,2425.5,-0.019089000000000005
2426,2426.5,-0.019089000000000005
2427,2427.5,-0.019089000000000005
2428,2428.5,-0.019089000000000005
2429,2429.5,-0.019089000000000005
2430,2430.5,-0.019089000000000005
2431,2431.5,153.17933952951213
2432,2432.5,565.3955594791719
2433,2433.5,879.9713969324113
2434,2434.5,1112.8054945944134
2435,2435.5,1248.08607
2436,2436.5,1248.08607
2437,2437.5,1248.08607
2438,2438.5,1208.4135867476064
2439,2439.5,963.1054437929683
2440,2440.5,739.3866256862406
2441,2441.5,397.23621777979776
2442,2442.5,72.04334430432613
2443,2443.5,-0.019089000000000005
2444,2444.5,-0.019089000000000005
2445,2445.5,-0.019089000000000005
2446,2446.5,-0.019089000000000005
2447,2447.5,-0.019089000000000005
2448,2448.5,-0.019089000000000005
2449,2449.5,-0.019089000000000005
2450,2450.5,-0.019089000000000005
2451,2451.5,-0.019089000000000005
2452,2452.5,-0.019089000000000005
2453,2453.5,-0.019089000000000005
2454,2454.5,6.707882348584679
2455,2455.5,145.99028033965934
2456,2456.5,430.01816301152485
2457,2457.5,704.5137096600953
2458,2458.5,891.6794302774606
2459,2459.5,1104.0347894448626
2460,2460.5,1248.08607
2461,2461.5,1248.08607
2462,2462.5,877.4601492886471
2463,2463.5,147.9409509584669
2464,2464.5,564.6584020853664
2465,2465.5,401.97338904062275
2466,2466.5,88.21611071025403
2467,2467.5,-0.019089000000000005
2468,2468.5,-0.019089000000000005
2469,2469.5,-0.019089000000000005
2470,2470.5,-0.019089000000000005
2471,2471.5,-0.019089000000000005
2472,2472.5,-0.019089000000000005
2473,2473.5,-0.019089000000000005
2474,2474.5,-0.019089000000000005
2475,2475.5,-0.019089000000000005
2476,2476.5,-0.019089000000000005
2477,2477.5,-0.019089000000000005
2478,2478.5,10.336917891488064
2479,2479.5,209.13953068392416
2480,2480.5,569.0486602975
2481,2481.5,871.1030819170363
2482,2482.5,1094.2706630586647
2483,2483.5,1122.4454864483032
2484,2484.5,1181.7023451920106
2485,2485.5,1248.08607
2486,2486.5,1166.404356841616
2487,2487.5,984.0047204474357
2488,2488.5,732.3563163562319
2489,2489.5,405.4490376273752
2490,2490.5,87.89921567598962
2491,2491.5,-0.019089000000000005
2492,2492.5,-0.019089000000000005
2493,2493.5,-0.019089000000000005
2494,2494.5,-0.019089000000000005
2495,2495.5,-0.019089000000000005
2496,2496.5,-0.019089000000000005
2497,2497.5,-0.019089000000000005
2498,2498.5,-0.019089000000000005
2499,2499.5,-0.019089000000000005
2500,2500.5,-0.019089000000000005
2501,2501.5,-0.019089000000000005
2502,2502.5,11.609670874998226
2503,2503.5,222.56756868132763
2504,2504.5,602.6672280723126
2505,2505.5,900.2890811148633
2506,2506.5,1087.7335310876842
2507,2507.5,1224.7219580702642
2508,2508.5,1248.08607
2509,2509.5,1248.08607
2510,2510.5,1203.6076330253798
2511,2511.5,1018.2270139379295
2512,2512.5,757.6363414067838
2513,2513.5,423.42437700306385
2514,2514.5,90.1913605948328
2515,2515.5,-0.019089000000000005
2516,2516.5,-0.019089000000000005
2517,2517.5,-0.019089000000000005
2518,2518.5,-0.019089000000000005
2519,2519.5,-0.019089000000000005
2520,2520.5,-0.019089000000000005
2521,2521.5,-0.019089000000000005
2522,2522.5,-0.019089000000000005
2523,2523.5,-0.019089000000000005
2524,2524.5,-0.019089000000000005
2525,2525.5,-0.019089000000000005
2526,2526.5,9.916275423979016
2527,2527.5,107.92289628637938
2528,2528.5,473.81124982737896
2529,2529.5,944.1001956276733
2530,2530.5,1169.6526007659113
2531,2531.5,1248.08607
2532,2532.5,1248.08607
2533,2533.5,1248.08607
2534,2534.5,1199.5402300037908
2535,2535.5,959.0998163061948
2536,2536.5,605.1522871999153
2537,2537.5,419.37713649909057
2538,2538.5,93.83362881618416
2539,2539.5,-0.019089000000000005
2540,2540.5,-0.019089000000000005
2541,2541.5,-0.019089000000000005
2542,2542.5,-0.019089000000000005
2543,2543.5,-0.019089000000000005
2544,2544.5,-0.019089000000000005
2545,2545.5,-0.019089000000000005
2546,2546.5,-0.019089000000000005
2547,2547.5,-0.019089000000000005
2548,2548.5,-0.019089000000000005
2549,2549.5,-0.019089000000000005
2550,2550.5,-0.019089000000000005
2551,2551.5,24.631925895601597
2552,2552.5,83.31291794672843
2553,2553.5,173.3631433550942
2554,2554.5,363.3103991472833
2555,2555.5,490.057478774119
2556,2556.5,573.262884138072
2557,2557.5,654.0887893357728
2558,2558.5,932.2840922005079
2559,2559.5,571.7952750525881
2560,2560.5,385.23546991424774
2561,2561.5,253.6551670340554
2562,2562.5,80.54835463541801
2563,2563.5,-0.019089000000000005
2564,2564.5,-0.019089000000000005
2565,2565.5,-0.019089000000000005
2566,2566.5,-0.019089000000000005
2567,2567.5,-0.019089000000000005
2568,2568.5,-0.019089000000000005
2569,2569.5,-0.019089000000000005
2570,2570.5,-0.019089000000000005
2571,2571.5,-0.019089000000000005
2572,2572.5,-0.019089000000000005
2573,2573.5,-0.019089000000000005
2574,2574.5,12.74620804502635
2575,2575.5,252.4628492303651
2576,2576.5,666.2764154772138
2577,2577.5,998.6235681591128
2578,2578.5,1248.08607
2579,2579.5,1248.08607
2580,2580.5,1248.08607
2581,2581.5,1161.0075629500548
2582,2582.5,1038.8305831924085
2583,2583.5,1113.455889992041
2584,2584.5,832.2805885585437
2585,2585.5,463.88435817478535
2586,2586.5,106.23790746691688
2587,2587.5,-0.019089000000000005
2588,2588.5,-0.019089000000000005
2589,2589.5,-0.019089000000000005
2590,2590.5,-0.019089000000000005
2591,2591.5,-0.019089000000000005
2592,2592.5,-0.019089000000000005
2593,2593.5,-0.019089000000000005
2594,2594.5,-0.019089000000000005
2595,2595.5,-0.019089000000000005
2596,2596.5,-0.019089000000000005
2597,2597.5,-0.019089000000000005
2598,2598.5,14.927465983423387
2599,2599.5,249.61126881306302
2600,2600.5,635.5057510057741
2601,2601.5,953.4497156802116
2602,2602.5,1185.2567450441413
2603,2603.5,1248.08607
2604,2604.5,1248.08607
2605,2605.5,1248.08607
2606,2606.5,1248.08607
2607,2607.5,1070.373452086788
2608,2608.5,802.1082792199317
2609,2609.5,450.5819933526472
2610,2610.5,104.6484272011969
2611,2611.5,-0.019089000000000005
2612,2612.5,-0.019089000000000005
2613,2613.5,-0.019089000000000005
2614,2614.5,-0.019089000000000005
2615,2615.5,-0.019089000000000005
2616,2616.5,-0.019089000000000005
2617,2617.5,-0.019089000000000005
2618,2618.5,-0.019089000000000005
2619,2619.5,-0.019089000000000005
2620,2620.5,-0.019089000000000005
2621,2621.5,-0.019089000000000005
2622,2622.5,13.256741311510368
2623,2623.5,210.89417042155182
2624,2624.5,549.2716301397991
2625,2625.5,681.6183755790881
2626,2626.5,930.623050519312
2627,2627.5,1020.2613682138464
2628,2628.5,1248.08607
2629,2629.5,964.9999120400662
2630,2630.5,335.9029241408658
2631,2631.5,732.6029402630835
2632,2632.5,382.0617808039976
2633,2633.5,275.3076258374098
2634,2634.5,74.17937441236818
2635,2635.5,-0.019089000000000005
2636,2636.5,-0.019089000000000005
2637,2637.5,-0.019089000000000005
2638,2638.5,-0.019089000000000005
2639,2639.5,-0.019089000000000005
2640,2640.5,-0.019089000000000005
2641,2641.5,-0.019089000000000005
2642,2642.5,-0.019089000000000005
2643,2643.5,-0.019089000000000005
2644,2644.5,-0.019089000000000005
2645,2645.5,-0.019089000000000005
2646,2646.5,15.85502079432729
2647,2647.5,236.47900126172874
2648,2648.5,585.9026752989018
2649,2649.5,867.701031777615
2650,2650.5,1069.1151713685013
2651,2651.5,1179.2745138587998
2652,2652.5,1228.6221978424908
2653,2653.5,1227.662901763063
2654,2654.5,1149.1962361235207
2655,2655.5,989.1957630003685
2656,2656.5,744.874012130336
2657,2657.5,417.9478636173799
2658,2658.5,99.693004466804
2659,2659.5,-0.019089000000000005
2660,2660.5,-0.019089000000000005
2661,2661.5,-0.019089000000000005
2662,2662.5,-0.019089000000000005
2663,2663.5,-0.019089000000000005
2664,2664.5,-0.019089000000000005
2665,2665.5,-0.019089000000000005
2666,2666.5,-0.019089000000000005
2667,2667.5,-0.019089000000000005
2668,2668.5,-0.019089000000000005
2669,2669.5,-0.019089000000000005
2670,2670.5,16.11002323001903
2671,2671.5,241.75095602321426
2672,2672.5,599.2463051152264
2673,2673.5,890.4834276832518
2674,2674.5,980.5834985394717
2675,2675.5,1123.7123127938269
2676,2676.5,1173.7547960327415
2677,2677.5,1120.4877618460273
2678,2678.5,1171.9077675310705
2679,2679.5,994.3125640491545
2680,2680.5,740.7765025789125
2681,2681.5,414.7211435793185
2682,2682.5,100.06435343072236
2683,2683.5,-0.019089000000000005
2684,2684.5,-0.019089000000000005
2685,2685.5,-0.019089000000000005
2686,2686.5,-0.019089000000000005
2687,2687.5,-0.019089000000000005
2688,2688.5,-0.019089000000000005
2689,2689.5,-0.019089000000000005
2690,2690.5,-0.019089000000000005
2691,2691.5,-0.019089000000000005
2692,2692.5,-0.019089000000000005
2693,2693.5,-0.019089000000000005
2694,2694.5,19.836474807892493
2695,2695.5,51.90326238274823
2696,2696.5,126.96862752787003
2697,2697.5,212.91287375082243
2698,2698.5,303.1832599217318
2699,2699.5,375.48799655831283
2700,2700.5,429.16474130586244
2701,2701.5,447.577056807505
2702,2702.5,391.309413791348
2703,2703.5,335.8826389871129
2704,2704.5,593.1312182046993
2705,2705.5,200.37553283004144
2706,2706.5,78.9941264183196
2707,2707.5,-0.019089000000000005
2708,2708.5,-0.019089000000000005
2709,2709.5,-0.019089000000000005
2710,2710.5,-0.019089000000000005
2711,2711.5,-0.019089000000000005
2712,2712.5,-0.019089000000000005
2713,2713.5,-0.019089000000000005
2714,2714.5,-0.019089000000000005
2715,2715.5,-0.019089000000000005
2716,2716.5,-0.019089000000000005
2717,2717.5,-0.019089000000000005
2718,2718.5,22.658408542583693
2719,2719.5,269.73587800580646
2720,2720.5,641.7385813396737
2721,2721.5,931.5429906570599
2722,2722.5,1158.9438260183126
2723,2723.5,1248.08607
2724,2724.5,1248.08607
2725,2725.5,1248.08607
2726,2726.5,1223.029213073143
2727,2727.5,1035.2917532684305
2728,2728.5,717.6992643200055
2729,2729.5,418.21753197627163
2730,2730.5,106.74944245643773
2731,2731.5,-0.019089000000000005
2732,2732.5,-0.019089000000000005
2733,2733.5,-0.019089000000000005
2734,2734.5,-0.019089000000000005
2735,2735.5,-0.019089000000000005
2736,2736.5,-0.019089000000000005
2737,2737.5,-0.019089000000000005
2738,2738.5,-0.019089000000000005
2739,2739.5,-0.019089000000000005
2740,2740.5,-0.019089000000000005
2741,2741.5,-0.019089000000000005
2742,2742.5,22.354955820917034
2743,2743.5,72.88764609705024
2744,2744.5,455.64328732215535
2745,2745.5,662.8961246915486
2746,2746.5,339.04386344618035
2747,2747.5,963.9572377294679
2748,2748.5,1064.7695413605277
2749,2749.5,979.8005798918387
2750,2750.5,989.221876141527
2751,2751.5,633.8547084107518
2752,2752.5,742.2234124745488
2753,2753.5,420.72954540954424
2754,2754.5,104.77895595996023
2755,2755.5,-0.019089000000000005
2756,2756.5,-0.019089000000000005
2757,2757.5,-0.019089000000000005
2758,2758.5,-0.019089000000000005
2759,2759.5,-0.019089000000000005
2760,2760.5,-0.019089000000000005
2761,2761.5,-0.019089000000000005
2762,2762.5,-0.019089000000000005
2763,2763.5,-0.019089000000000005
2764,2764.5,-0.019089000000000005
2765,2765.5,-0.019089000000000005
2766,2766.5,23.259248398838942
2767,2767.5,257.218510022601
2768,2768.5,614.3917843356885
2769,2769.5,900.0221259473868
2770,2770.5,1112.4658751759332
2771,2771.5,1248.08607
2772,2772.5,1248.08607
2773,2773.5,1248.08607
2774,2774.5,1176.8401837822544
2775,2775.5,993.530843636859
2776,2776.5,741.3455378094158
2777,2777.5,418.9106559042538
2778,2778.5,108.65140152836253
2779,2779.5,-0.019089000000000005
2780,2780.5,-0.019089000000000005
2781,2781.5,-0.019089000000000005
2782,2782.5,-0.019089000000000005
2783,2783.5,-0.019089000000000005
2784,2784.5,-0.019089000000000005
2785,2785.5,-0.019089000000000005
2786,2786.5,-0.019089000000000005
2787,2787.5,-0.019089000000000005
2788,2788.5,-0.019089000000000005
2789,2789.5,-0.019089000000000005
2790,2790.5,26.87955644030403
2791,2791.5,255.35273768961815
2792,2792.5,601.6372342214296
2793,2793.5,876.2204187327686
2794,2794.5,1049.9355296138087
2795,2795.5,1140.30015906202
2796,2796.5,1204.4468493599165
2797,2797.5,1213.1897061395427
2798,2798.5,1129.409002083648
2799,2799.5,967.2906315864304
2800,2800.5,730.526413480095
2801,2801.5,413.73195880903467
2802,2802.5,108.92136681208879
2803,2803.5,-0.019089000000000005
2804,2804.5,-0.019089000000000005
2805,2805.5,-0.019089000000000005
2806,2806.5,-0.019089000000000005
2807,2807.5,-0.019089000000000005
2808,2808.5,-0.019089000000000005
2809,2809.5,-0.019089000000000005
2810,2810.5,-0.019089000000000005
2811,2811.5,-0.019089000000000005
2812,2812.5,-0.019089000000000005
2813,2813.5,-0.019089000000000005
2814,2814.5,25.927656537096514
2815,2815.5,257.33185611544314
2816,2816.5,610.9531720974628
2817,2817.5,897.7708304592916
2818,2818.5,1107.1475489308866
2819,2819.5,1233.7275035116083
2820,2820.5,1248.08607
2821,2821.5,1248.08607
2822,2822.5,1146.6375259024737
2823,2823.5,973.8564048554465
2824,2824.5,734.0369451788737
2825,2825.5,419.4490825056052
2826,2826.5,106.34197966983577
2827,2827.5,-0.019089000000000005
2828,2828.5,-0.019089000000000005
2829,2829.5,-0.019089000000000005
2830,2830.5,-0.019089000000000005
2831,2831.5,-0.019089000000000005
2832,2832.5,-0.019089000000000005
2833,2833.5,-0.019089000000000005
2834,2834.5,-0.019089000000000005
2835,2835.5,-0.019089000000000005
2836,2836.5,-0.019089000000000005
2837,2837.5,-0.019089000000000005
2838,2838.5,25.79906491781442
2839,2839.5,262.065907705003
2840,2840.5,618.9638403827881
2841,2841.5,901.3593653730976
2842,2842.5,1110.828318577074
2843,2843.5,1242.3504935937417
2844,2844.5,1248.08607
2845,2845.5,1248.08607
2846,2846.5,1159.2863786014482
2847,2847.5,981.5999689484971
2848,2848.5,737.170501868416
2849,2849.5,383.27884726768116
2850,2850.5,104.26797410165541
2851,2851.5,-0.019089000000000005
2852,2852.5,-0.019089000000000005
2853,2853.5,-0.019089000000000005
2854,2854.5,-0.019089000000000005
2855,2855.5,-0.019089000000000005
2856,2856.5,-0.019089000000000005
2857,2857.5,-0.019089000000000005
2858,2858.5,-0.019089000000000005
2859,2859.5,-0.019089000000000005
2860,2860.5,-0.019089000000000005
2861,2861.5,-0.019089000000000005
2862,2862.5,23.794737237759545
2863,2863.5,266.5956480615943
2864,2864.5,619.7927005828298
2865,2865.5,891.3435016469085
2866,2866.5,1090.500603146627
2867,2867.5,1210.4802138014772
2868,2868.5,1248.08607
2869,2869.5,767.2273346216261
2870,2870.5,800.8837807066228
2871,2871.5,851.9599880387849
2872,2872.5,453.33278788516196
2873,2873.5,417.0537433491715
2874,2874.5,91.04397504491251
2875,2875.5,-0.019089000000000005
2876,2876.5,-0.019089000000000005
2877,2877.5,-0.019089000000000005
2878,2878.5,-0.019089000000000005
2879,2879.5,-0.019089000000000005
2880,2880.5,-0.019089000000000005
2881,2881.5,-0.019089000000000005
2882,2882.5,-0.019089000000000005
2883,2883.5,-0.019089000000000005
2884,2884.5,-0.019089000000000005
2885,2885.5,-0.019089000000000005
2886,2886.5,32.778599360374834
2887,2887.5,267.7242942462811
2888,2888.5,364.3429782630828
2889,2889.5,475.97517669673135
2890,2890.5,497.8314491373666
2891,2891.5,642.6975270326903
2892,2892.5,788.2489040055702
2893,2893.5,864.9995323076954
2894,2894.5,618.2931474482898
2895,2895.5,725.7758420124144
2896,2896.5,469.91527279368603
2897,2897.5,314.06853290754833
2898,2898.5,39.67662361480461
2899,2899.5,-0.019089000000000005
2900,2900.5,-0.019089000000000005
2901,2901.5,-0.019089000000000005
2902,2902.5,-0.019089000000000005
2903,2903.5,-0.019089000000000005
2904,2904.5,-0.019089000000000005
2905,2905.5,-0.019089000000000005
2906,2906.5,-0.019089000000000005
2907,2907.5,-0.019089000000000005
2908,2908.5,-0.019089000000000005
2909,2909.5,-0.019089000000000005
2910,2910.5,3.8243297756750994
2911,2911.5,45.212002198189616
2912,2912.5,132.66906415211182
2913,2913.5,229.7741597362337
2914,2914.5,629.3736347223904
2915,2915.5,601.2569586132142
2916,2916.5,789.7629412416944
2917,2917.5,850.0300138556458
2918,2918.5,1018.1763435716124
2919,2919.5,682.4096014939075
2920,2920.5,835.5661682090324
2921,2921.5,480.2193371099802
2922,2922.5,123.55028077233725
2923,2923.5,-0.019089000000000005
2924,2924.5,-0.019089000000000005
2925,2925.5,-0.019089000000000005
2926,2926.5,-0.019089000000000005
2927,2927.5,-0.019089000000000005
2928,2928.5,-0.019089000000000005
2929,2929.5,-0.019089000000000005
2930,2930.5,-0.019089000000000005
2931,2931.5,-0.019089000000000005
2932,2932.5,-0.019089000000000005
2933,2933.5,-0.019089000000000005
2934,2934.5,35.394238643507464
2935,2935.5,290.25096809123266
2936,2936.5,659.1733398319402
2937,2937.5,954.7067157556916
2938,2938.5,1176.0869140513107
2939,2939.5,1248.08607
2940,2940.5,1248.08607
2941,2941.5,1248.08607
2942,2942.5,1243.7692743219557
2943,2943.5,1053.3390793959031
2944,2944.5,790.5651188994606
2945,2945.5,453.16120610267956
2946,2946.5,117.4202157304353
2947,2947.5,-0.019089000000000005
2948,2948.5,-0.019089000000000005
2949,2949.5,-0.019089000000000005
2950,2950.5,-0.019089000000000005
2951,2951.5,-0.019089000000000005
2952,2952.5,-0.019089000000000005
2953,2953.5,-0.019089000000000005
2954,2954.5,-0.019089000000000005
2955,2955.5,-0.019089000000000005
2956,2956.5,-0.019089000000000005
2957,2957.5,-0.019089000000000005
2958,2958.5,30.394060858407837
2959,2959.5,287.837850148187
2960,2960.5,648.7316451703532
2961,2961.5,932.1153361590585
2962,2962.5,1146.3698233466257
2963,2963.5,1248.08607
2964,2964.5,1248.08607
2965,2965.5,1248.08607
2966,2966.5,1201.4091766897513
2967,2967.5,1021.2528861180475
2968,2968.5,775.1042719137004
2969,2969.5,448.04924213526067
2970,2970.5,117.6976192760826
2971,2971.5,-0.019089000000000005
2972,2972.5,-0.019089000000000005
2973,2973.5,-0.019089000000000005
2974,2974.5,-0.019089000000000005
2975,2975.5,-0.019089000000000005
2976,2976.5,-0.019089000000000005
2977,2977.5,-0.019089000000000005
2978,2978.5,-0.019089000000000005
2979,2979.5,-0.019089000000000005
2980,2980.5,-0.019089000000000005
2981,2981.5,-0.019089000000000005
2982,2982.5,31.874060414028666
2983,2983.5,260.55709660321065
2984,2984.5,480.5111455804629
2985,2985.5,775.8623044863783
2986,2986.5,986.2472236491116
2987,2987.5,1098.7015777811826
2988,2988.5,1162.0476331668917
2989,2989.5,1134.4020046816051
2990,2990.5,970.122497691788
2991,2991.5,754.2737147275585
2992,2992.5,135.71995123074552
2993,2993.5,14.670538388590614
2994,2994.5,81.8434166430425
2995,2995.5,-0.019089000000000005
2996,2996.5,-0.019089000000000005
2997,2997.5,-0.019089000000000005
2998,2998.5,-0.019089000000000005
2999,2999.5,-0.019089000000000005
3000,3000.5,-0.019089000000000005
3001,3001.5,-0.019089000000000005
3002,3002.5,-0.019089000000000005
3003,3003.5,-0.019089000000000005
3004,3004.5,-0.019089000000000005
3005,3005.5,-0.019089000000000005
3006,3006.5,38.96865681805318
3007,3007.5,250.26915776449044
3008,3008.5,510.9432861013963
3009,3009.5,741.0146104428488
3010,3010.5,937.0260555897214
3011,3011.5,875.8780466425828
3012,3012.5,796.9472692380837
3013,3013.5,526.77789668644
3014,3014.5,479.9786291122535
3015,3015.5,293.60618520954586
3016,3016.5,358.54457494940544
3017,3017.5,234.50587563240117
3018,3018.5,129.04427537866673
3019,3019.5,-0.019089000000000005
3020,3020.5,-0.019089000000000005
3021,3021.5,-0.019089000000000005
3022,3022.5,-0.019089000000000005
3023,3023.5,-0.019089000000000005
3024,3024.5,-0.019089000000000005
3025,3025.5,-0.019089000000000005
3026,3026.5,-0.019089000000000005
3027,3027.5,-0.019089000000000005
3028,3028.5,-0.019089000000000005
3029,3029.5,-0.019089000000000005
3030,3030.5,37.190759976099976
3031,3031.5,277.9117601182098
3032,3032.5,619.8613298100263
3033,3033.5,896.7387779039358
3034,3034.5,1095.4922604033827
3035,3035.5,1225.3729765064286
3036,3036.5,1248.08607
3037,3037.5,1248.08607
3038,3038.5,1154.6162763303255
3039,3039.5,982.509350942141
3040,3040.5,665.4958943190613
3041,3041.5,367.1262496146607
3042,3042.5,105.51279776428422
3043,3043.5,-0.019089000000000005
3044,3044.5,-0.019089000000000005
3045,3045.5,-0.019089000000000005
3046,3046.5,-0.019089000000000005
3047,3047.5,-0.019089000000000005
3048,3048.5,-0.019089000000000005
3049,3049.5,-0.019089000000000005
3050,3050.5,-0.019089000000000005
3051,3051.5,-0.019089000000000005
3052,3052.5,-0.019089000000000005
3053,3053.5,-0.019089000000000005
3054,3054.5,38.93806797165758
3055,3055.5,265.2874324021401
3056,3056.5,536.9632232591133
3057,3057.5,747.4765345167259
3058,3058.5,963.6970423421045
3059,3059.5,1052.4938151830268
3060,3060.5,953.714288164648
3061,3061.5,1049.1684609771396
3062,3062.5,1052.041163885224
3063,3063.5,993.8238116445513
3064,3064.5,677.9685526025381
3065,3065.5,379.6504773013861
3066,3066.5,75.2507758297117
3067,3067.5,-0.019089000000000005
3068,3068.5,-0.019089000000000005
3069,3069.5,-0.019089000000000005
3070,3070.5,-0.019089000000000005
3071,3071.5,-0.019089000000000005
3072,3072.5,-0.019089000000000005
3073,3073.5,-0.019089000000000005
3074,3074.5,-0.019089000000000005
3075,3075.5,-0.019089000000000005
3076,3076.5,-0.019089000000000005
3077,3077.5,-0.019089000000000005
3078,3078.5,41.628774984573674
3079,3079.5,281.8276248011404
3080,3080.5,622.435532709356
3081,3081.5,895.6621648372594
3082,3082.5,1094.1727411439638
3083,3083.5,1219.58076482753
3084,3084.5,1248.08607
3085,3085.5,1236.5124144125741
3086,3086.5,1131.1608384610638
3087,3087.5,397.5093468411638
3088,3088.5,684.2277875203206
3089,3089.5,368.7570251698841
3090,3090.5,0.9311623840563501
3091,3091.5,-0.019089000000000005
3092,3092.5,-0.019089000000000005
3093,3093.5,-0.019089000000000005
3094,3094.5,-0.019089000000000005
3095,3095.5,-0.019089000000000005
3096,3096.5,-0.019089000000000005
3097,3097.5,-0.019089000000000005
3098,3098.5,-0.019089000000000005
3099,3099.5,-0.019089000000000005
3100,3100.5,-0.019089000000000005
3101,3101.5,-0.019089000000000005
3102,3102.5,7.018409217419704
3103,3103.5,194.3516062546368
3104,3104.5,446.3721652451328
3105,3105.5,697.3559888104166
3106,3106.5,767.1517304359036
3107,3107.5,916.6973227944036
3108,3108.5,960.3475099043224
3109,3109.5,986.2012475862317
3110,3110.5,889.7159590968104
3111,3111.5,653.4898802958124
3112,3112.5,667.4253707567398
3113,3113.5,362.75301953441397
3114,3114.5,112.92888500914182
3115,3115.5,6.37218478287557
3116,3116.5,-0.019089000000000005
3117,3117.5,-0.019089000000000005
3118,3118.5,-0.019089000000000005
3119,3119.5,-0.019089000000000005
3120,3120.5,-0.019089000000000005
3121,3121.5,-0.019089000000000005
3122,3122.5,-0.019089000000000005
3123,3123.5,-0.019089000000000005
3124,3124.5,-0.019089000000000005
3125,3125.5,-0.019089000000000005
3126,3126.5,38.309773076319175
3127,3127.5,264.4550853200402
3128,3128.5,606.9512388018017
3129,3129.5,873.5615852179997
3130,3130.5,1083.4787780919846
3131,3131.5,1214.1618932578408
3132,3132.5,1248.08607
3133,3133.5,1248.08607
3134,3134.5,745.3776802789547
3135,3135.5,761.1605199335125
3136,3136.5,696.3014603374569
3137,3137.5,426.0015550918358
3138,3138.5,126.72064501709231
3139,3139.5,6.2446475122406016
3140,3140.5,-0.019089000000000005
3141,3141.5,-0.019089000000000005
3142,3142.5,-0.019089000000000005
3143,3143.5,-0.019089000000000005
3144,3144.5,-0.019089000000000005
3145,3145.5,-0.019089000000000005
3146,3146.5,-0.019089000000000005
3147,3147.5,-0.019089000000000005
3148,3148.5,-0.019089000000000005
3149,3149.5,-0.019089000000000005
3150,3150.5,42.34503250163459
3151,3151.5,283.3905244989998
3152,3152.5,615.6096661360043
3153,3153.5,888.0298756388854
3154,3154.5,1091.7603987405691
3155,3155.5,1223.8985396165085
3156,3156.5,1248.08607
3157,3157.5,1248.08607
3158,3158.5,1155.2595781651087
3159,3159.5,977.450994499465
3160,3160.5,738.0707608014275
3161,3161.5,384.2239466813025
3162,3162.5,112.44706673071268
3163,3163.5,7.77327047765391
3164,3164.5,-0.019089000000000005
3165,3165.5,-0.019089000000000005
3166,3166.5,-0.019089000000000005
3167,3167.5,-0.019089000000000005
3168,3168.5,-0.019089000000000005
3169,3169.5,-0.019089000000000005
3170,3170.5,-0.019089000000000005
3171,3171.5,-0.019089000000000005
3172,3172.5,-0.019089000000000005
3173,3173.5,-0.019089000000000005
3174,3174.5,40.039458501667845
3175,3175.5,286.8093530258782
3176,3176.5,625.8834970204298
3177,3177.5,893.6315528909741
3178,3178.5,1090.78640077064
3179,3179.5,1215.3315164538724
3180,3180.5,1248.08607
3181,3181.5,1247.0203674757959
3182,3182.5,1150.2790687006514
3183,3183.5,972.7862836787865
3184,3184.5,738.4547221377696
3185,3185.5,431.68374282398764
3186,3186.5,121.98476086569744
3187,3187.5,8.475337387999724
3188,3188.5,-0.019089000000000005
3189,3189.5,-0.019089000000000005
3190,3190.5,-0.019089000000000005
3191,3191.5,-0.019089000000000005
3192,3192.5,-0.019089000000000005
3193,3193.5,-0.019089000000000005
3194,3194.5,-0.019089000000000005
3195,3195.5,-0.019089000000000005
3196,3196.5,-0.019089000000000005
3197,3197.5,-0.019089000000000005
3198,3198.5,41.14827115668573
3199,3199.5,288.80117265836327
3200,3200.5,629.199651937278
3201,3201.5,898.7906947231548
3202,3202.5,1101.5258923482531
3203,3203.5,1230.8818962840544
3204,3204.5,1248.08607
3205,3205.5,1248.08607
3206,3206.5,1155.581653962501
3207,3207.5,977.883706454146
3208,3208.5,739.0424282118868
3209,3209.5,431.63490810935764
3210,3210.5,122.2113484468743
3211,3211.5,8.324310234020915
3212,3212.5,-0.019089000000000005
3213,3213.5,-0.019089000000000005
3214,3214.5,-0.019089000000000005
3215,3215.5,-0.019089000000000005
3216,3216.5,-0.019089000000000005
3217,3217.5,-0.019089000000000005
3218,3218.5,-0.019089000000000005
3219,3219.5,-0.019089000000000005
3220,3220.5,-0.019089000000000005
3221,3221.5,-0.019089000000000005
3222,3222.5,48.045131811011444
3223,3223.5,214.04203401154388
3224,3224.5,439.8820087655586
3225,3225.5,696.8209631038433
3226,3226.5,888.0279798798615
3227,3227.5,1032.4971060308364
3228,3228.5,959.5759007710276
3229,3229.5,930.3425739518974
3230,3230.5,909.3225722480054
3231,3231.5,877.1985938974124
3232,3232.5,622.1328167954122
3233,3233.5,362.0080541396558
3234,3234.5,121.78936101693654
3235,3235.5,8.163469243253038
3236,3236.5,-0.019089000000000005
3237,3237.5,-0.019089000000000005
3238,3238.5,-0.019089000000000005
3239,3239.5,-0.019089000000000005
3240,3240.5,-0.019089000000000005
3241,3241.5,-0.019089000000000005
3242,3242.5,-0.019089000000000005
3243,3243.5,-0.019089000000000005
3244,3244.5,-0.019089000000000005
3245,3245.5,-0.019089000000000005
3246,3246.5,45.92710230358289
3247,3247.5,277.37653687859535
3248,3248.5,595.3493080913163
3249,3249.5,844.5574075509292
3250,3250.5,1022.2360028421974
3251,3251.5,1135.4391898754993
3252,3252.5,1198.2549421934286
3253,3253.5,1189.9196066677416
3254,3254.5,1108.2711726252405
3255,3255.5,833.0570189805311
3256,3256.5,515.521892292246
3257,3257.5,429.1814804141833
3258,3258.5,124.32860829521017
3259,3259.5,10.040359310793237
3260,3260.5,-0.019089000000000005
3261,3261.5,-0.019089000000000005
3262,3262.5,-0.019089000000000005
3263,3263.5,-0.019089000000000005
3264,3264.5,-0.019089000000000005
3265,3265.5,-0.019089000000000005
3266,3266.5,-0.019089000000000005
3267,3267.5,-0.019089000000000005
3268,3268.5,-0.019089000000000005
3269,3269.5,-0.019089000000000005
3270,3270.5,41.58497766840667
3271,3271.5,292.4541171823258
3272,3272.5,623.4057400842534
3273,3273.5,874.3028773059224
3274,3274.5,1054.3619906725914
3275,3275.5,1166.038799328288
3276,3276.5,1215.8515858614849
3277,3277.5,1202.3367624928856
3278,3278.5,1114.7202651488658
3279,3279.5,953.0383637805866
3280,3280.5,723.1853364419559
3281,3281.5,291.33564672983755
3282,3282.5,116.0895597784517
3283,3283.5,10.804420904535498
3284,3284.5,-0.019089000000000005
3285,3285.5,-0.019089000000000005
3286,3286.5,-0.019089000000000005
3287,3287.5,-0.019089000000000005
3288,3288.5,-0.019089000000000005
3289,3289.5,-0.019089000000000005
3290,3290.5,-0.019089000000000005
3291,3291.5,-0.019089000000000005
3292,3292.5,-0.019089000000000005
3293,3293.5,-0.019089000000000005
3294,3294.5,45.22450032248344
3295,3295.5,280.0237390442626
3296,3296.5,603.317856520769
3297,3297.5,858.5866068483738
3298,3298.5,1047.5603381246742
3299,3299.5,1170.4547042338133
3300,3300.5,929.2028758122394
3301,3301.5,1024.6556947051515
3302,3302.5,1025.2631449746793
3303,3303.5,943.4526576865808
3304,3304.5,716.7913128842488
3305,3305.5,388.36894739964714
3306,3306.5,130.6026928444479
3307,3307.5,8.528198467019237
3308,3308.5,-0.019089000000000005
3309,3309.5,-0.019089000000000005
3310,3310.5,-0.019089000000000005
3311,3311.5,-0.019089000000000005
3312,3312.5,-0.019089000000000005
3313,3313.5,-0.019089000000000005
3314,3314.5,-0.019089000000000005
3315,3315.5,-0.019089000000000005
3316,3316.5,-0.019089000000000005
3317,3317.5,-0.019089000000000005
3318,3318.5,45.62226498851262
3319,3319.5,290.0605046200292
3320,3320.5,621.751961091177
3321,3321.5,882.614465849938
3322,3322.5,1087.7293472287636
3323,3323.5,1217.8193694315491
3324,3324.5,1248.08607
3325,3325.5,1247.1142402538344
3326,3326.5,1151.0529405080833
3327,3327.5,711.7996642614233
3328,3328.5,334.3973450301696
3329,3329.5,392.92354956581875
3330,3330.5,120.72309798088027
3331,3331.5,9.26951653224008
3332,3332.5,-0.019089000000000005
3333,3333.5,-0.019089000000000005
3334,3334.5,-0.019089000000000005
3335,3335.5,-0.019089000000000005
3336,3336.5,-0.019089000000000005
3337,3337.5,-0.019089000000000005
3338,3338.5,-0.019089000000000005
3339,3339.5,-0.019089000000000005
3340,3340.5,-0.019089000000000005
3341,3341.5,-0.019089000000000005
3342,3342.5,41.840626878708456
3343,3343.5,291.05573706502014
3344,3344.5,624.5721986129133
3345,3345.5,889.7741416312055
3346,3346.5,1101.280907494899
3347,3347.5,1235.3099870768592
3348,3348.5,1248.08607
3349,3349.5,1248.08607
3350,3350.5,1186.5878622184268
3351,3351.5,1013.5847494686382
3352,3352.5,772.7046911262845
3353,3353.5,458.8087789474976
3354,3354.5,131.5831248347195
3355,3355.5,10.38358121112376
3356,3356.5,-0.019089000000000005
3357,3357.5,-0.019089000000000005
3358,3358.5,-0.019089000000000005
3359,3359.5,-0.019089000000000005
3360,3360.5,-0.019089000000000005
3361,3361.5,-0.019089000000000005
3362,3362.5,-0.019089000000000005
3363,3363.5,-0.019089000000000005
3364,3364.5,-0.019089000000000005
3365,3365.5,-0.019089000000000005
3366,3366.5,-0.019089000000000005
3367,3367.5,18.686960718099698
3368,3368.5,33.44561482396187
3369,3369.5,402.9356945722522
3370,3370.5,924.6556645909396
3371,3371.5,1221.2925867675406
3372,3372.5,570.5427736066752
3373,3373.5,1013.9205453612618
3374,3374.5,1082.1730998450787
3375,3375.5,975.8094866605921
3376,3376.5,745.5101972814949
3377,3377.5,445.01033501554923
3378,3378.5,130.83628052881087
3379,3379.5,10.588965462784326
3380,3380.5,-0.019089000000000005
3381,3381.5,-0.019089000000000005
3382,3382.5,-0.019089000000000005
3383,3383.5,-0.019089000000000005
3384,3384.5,-0.019089000000000005
3385,3385.5,-0.019089000000000005
3386,3386.5,-0.019089000000000005
3387,3387.5,-0.019089000000000005
3388,3388.5,-0.019089000000000005
3389,3389.5,-0.019089000000000005
3390,3390.5,43.806734537904795
3391,3391.5,294.37162889254137
3392,3392.5,629.4880584715503
3393,3393.5,896.7786540928997
3394,3394.5,1099.5081162307363
3395,3395.5,1225.380547154842
3396,3396.5,1248.08607
3397,3397.5,1239.4072115624356
3398,3398.5,1132.450975694514
3399,3399.5,956.6516958571797
3400,3400.5,725.779294496315
3401,3401.5,428.63962200270737
3402,3402.5,135.44860000311957
3403,3403.5,17.971636457494384
3404,3404.5,-0.019089000000000005
3405,3405.5,-0.019089000000000005
3406,3406.5,-0.019089000000000005
3407,3407.5,-0.019089000000000005
3408,3408.5,-0.019089000000000005
3409,3409.5,-0.019089000000000005
3410,3410.5,-0.019089000000000005
3411,3411.5,-0.019089000000000005
3412,3412.5,-0.019089000000000005
3413,3413.5,-0.019089000000000005
3414,3414.5,53.74993543449991
3415,3415.5,287.13291694152394
3416,3416.5,604.0702850194409
3417,3417.5,853.9186187890684
3418,3418.5,1024.2890214639901
3419,3419.5,934.9023312096973
3420,3420.5,1055.5378094495395
3421,3421.5,1043.8755749251388
3422,3422.5,972.9067822763172
3423,3423.5,684.643761219075
3424,3424.5,690.1021400627448
3425,3425.5,409.5788668437178
3426,3426.5,120.48279104707636
3427,3427.5,3.2241962204681265
3428,3428.5,-0.019089000000000005
3429,3429.5,-0.019089000000000005
3430,3430.5,-0.019089000000000005
3431,3431.5,-0.019089000000000005
3432,3432.5,-0.019089000000000005
3433,3433.5,-0.019089000000000005
3434,3434.5,-0.019089000000000005
3435,3435.5,-0.019089000000000005
3436,3436.5,-0.019089000000000005
3437,3437.5,-0.019089000000000005
3438,3438.5,27.003448189015455
3439,3439.5,190.40894542850796
3440,3440.5,424.82024839734964
3441,3441.5,724.7465151353282
3442,3442.5,1052.0204705035426
3443,3443.5,1080.9807169749029
3444,3444.5,1126.4414381583701
3445,3445.5,1219.3539505324572
3446,3446.5,1119.7561199847555
3447,3447.5,957.3036509019532
3448,3448.5,727.412972810491
3449,3449.5,431.63907166098124
3450,3450.5,137.71100189710546
3451,3451.5,11.311005256348441
3452,3452.5,-0.019089000000000005
3453,3453.5,-0.019089000000000005
3454,3454.5,-0.019089000000000005
3455,3455.5,-0.019089000000000005
3456,3456.5,-0.019089000000000005
3457,3457.5,-0.019089000000000005
3458,3458.5,-0.019089000000000005
3459,3459.5,-0.019089000000000005
3460,3460.5,-0.019089000000000005
3461,3461.5,-0.019089000000000005
3462,3462.5,37.471017015760225
3463,3463.5,281.1194452962987
3464,3464.5,594.3233146847455
3465,3465.5,853.744048990263
3466,3466.5,1050.625602716648
3467,3467.5,1174.3534551224743
3468,3468.5,1229.0983072097683
3469,3469.5,1209.4097355146637
3470,3470.5,1119.1206685764498
3471,3471.5,956.8905122747087
3472,3472.5,635.2507525875159
3473,3473.5,372.48175968093153
3474,3474.5,81.95975065100052
3475,3475.5,6.000944775573947
3476,3476.5,-0.019089000000000005
3477,3477.5,-0.019089000000000005
3478,3478.5,-0.019089000000000005
3479,3479.5,-0.019089000000000005
3480,3480.5,-0.019089000000000005
3481,3481.5,-0.019089000000000005
3482,3482.5,-0.019089000000000005
3483,3483.5,-0.019089000000000005
3484,3484.5,-0.019089000000000005
3485,3485.5,-0.019089000000000005
3486,3486.5,53.81938483144416
3487,3487.5,285.5320307752417
3488,3488.5,502.14143373710175
3489,3489.5,862.9118812358846
3490,3490.5,1048.8023099555774
3491,3491.5,1050.7114381389522
3492,3492.5,1215.5246309840015
3493,3493.5,1189.2474593554925
3494,3494.5,1095.1122277080567
3495,3495.5,857.6091840656225
3496,3496.5,593.0444861792504
3497,3497.5,256.8419291179969
3498,3498.5,122.15972777695313
3499,3499.5,12.33637157659369
3500,3500.5,-0.019089000000000005
3501,3501.5,-0.019089000000000005
3502,3502.5,-0.019089000000000005
3503,3503.5,-0.019089000000000005
3504,3504.5,-0.019089000000000005
3505,3505.5,-0.019089000000000005
3506,3506.5,-0.019089000000000005
3507,3507.5,-0.019089000000000005
3508,3508.5,-0.019089000000000005
3509,3509.5,-0.019089000000000005
3510,3510.5,44.900001828279
3511,3511.5,294.7306595977696
3512,3512.5,429.9364656261044
3513,3513.5,890.3479583876101
3514,3514.5,1085.995853414144
3515,3515.5,1213.7901259723485
3516,3516.5,1203.9751558781586
3517,3517.5,1030.1582784388809
3518,3518.5,750.44147158969
3519,3519.5,843.0714572180709
3520,3520.5,655.1845446613089
3521,3521.5,243.80854646468006
3522,3522.5,103.4008082894755
3523,3523.5,10.23780758651008
3524,3524.5,-0.019089000000000005
3525,3525.5,-0.019089000000000005
3526,3526.5,-0.019089000000000005
3527,3527.5,-0.019089000000000005
3528,3528.5,-0.019089000000000005
3529,3529.5,-0.019089000000000005
3530,3530.5,-0.019089000000000005
3531,3531.5,-0.019089000000000005
3532,3532.5,-0.019089000000000005
3533,3533.5,-0.019089000000000005
3534,3534.5,53.09993482755722
3535,3535.5,289.7055524150643
3536,3536.5,604.8915890488494
3537,3537.5,848.4734927112324
3538,3538.5,1035.9314857078527
3539,3539.5,1166.5026090576746
3540,3540.5,1141.5511572018524
3541,3541.5,1207.749340289751
3542,3542.5,278.0666038729595
3543,3543.5,200.19471371547465
3544,3544.5,183.39852337859801
3545,3545.5,98.36469117051746
3546,3546.5,96.64403631987568
3547,3547.5,7.684376317236172
3548,3548.5,-0.019089000000000005
3549,3549.5,-0.019089000000000005
3550,3550.5,-0.019089000000000005
3551,3551.5,-0.019089000000000005
3552,3552.5,-0.019089000000000005
3553,3553.5,-0.019089000000000005
3554,3554.5,-0.019089000000000005
3555,3555.5,-0.019089000000000005
3556,3556.5,-0.019089000000000005
3557,3557.5,-0.019089000000000005
3558,3558.5,55.988531560815986
3559,3559.5,211.60059604400502
3560,3560.5,599.6882345811807
3561,3561.5,655.9394890196036
3562,3562.5,934.1576483239554
3563,3563.5,1176.3696401547365
3564,3564.5,1237.5170670069406
3565,3565.5,1219.211959023679
3566,3566.5,1126.8840403125384
3567,3567.5,964.316600808078
3568,3568.5,728.9379154478684
3569,3569.5,434.19471761031156
3570,3570.5,132.78283187905532
3571,3571.5,16.873879021611096
3572,3572.5,-0.019089000000000005
3573,3573.5,-0.019089000000000005
3574,3574.5,-0.019089000000000005
3575,3575.5,-0.019089000000000005
3576,3576.5,-0.019089000000000005
3577,3577.5,-0.019089000000000005
3578,3578.5,-0.019089000000000005
3579,3579.5,-0.019089000000000005
3580,3580.5,-0.019089000000000005
3581,3581.5,-0.019089000000000005
3582,3582.5,55.57005103202666
3583,3583.5,294.9242236334795
3584,3584.5,623.1442954578334
3585,3585.5,886.9184675976804
3586,3586.5,1089.3388584848763
3587,3587.5,1223.6918413479402
3588,3588.5,1248.08607
3589,3589.5,1248.08607
3590,3590.5,1158.1322637544326
3591,3591.5,985.8477807593873
3592,3592.5,752.7320764628273
3593,3593.5,453.705773516716
3594,3594.5,142.73199509301753
3595,3595.5,14.978667744890291
3596,3596.5,-0.019089000000000005
3597,3597.5,-0.019089000000000005
3598,3598.5,-0.019089000000000005
3599,3599.5,-0.019089000000000005
3600,3600.5,-0.019089000000000005
3601,3601.5,-0.019089000000000005
3602,3602.5,-0.019089000000000005
3603,3603.5,-0.019089000000000005
3604,3604.5,-0.019089000000000005
3605,3605.5,-0.019089000000000005
3606,3606.5,45.99735037819565
3607,3607.5,292.73455253141003
3608,3608.5,605.1017450482273
3609,3609.5,821.789416200428
3610,3610.5,981.4947545689107
3611,3611.5,1114.7835407812454
3612,3612.5,1193.1611450550245
3613,3613.5,1193.3288770701809
3614,3614.5,1109.8541036867302
3615,3615.5,957.1535474391884
3616,3616.5,732.0144383095746
3617,3617.5,438.6491122495994
3618,3618.5,144.7398298085452
3619,3619.5,15.933145219124563
3620,3620.5,-0.019089000000000005
3621,3621.5,-0.019089000000000005
3622,3622.5,-0.019089000000000005
3623,3623.5,-0.019089000000000005
3624,3624.5,-0.019089000000000005
3625,3625.5,-0.019089000000000005
3626,3626.5,-0.019089000000000005
3627,3627.5,-0.019089000000000005
3628,3628.5,-0.019089000000000005
3629,3629.5,-0.019089000000000005
3630,3630.5,52.75950931675432
3631,3631.5,299.8650822873119
3632,3632.5,637.0896804648889
3633,3633.5,907.1857195596565
3634,3634.5,1110.2706748503724
3635,3635.5,1233.7019179554288
3636,3636.5,1248.08607
3637,3637.5,1248.08607
3638,3638.5,1147.5245299833014
3639,3639.5,980.4995805942688
3640,3640.5,756.1519874409981
3641,3641.5,460.6356888348568
3642,3642.5,147.53249381971273
3643,3643.5,16.91338599717799
3644,3644.5,-0.019089000000000005
3645,3645.5,-0.019089000000000005
3646,3646.5,-0.019089000000000005
3647,3647.5,-0.019089000000000005
3648,3648.5,-0.019089000000000005
3649,3649.5,-0.019089000000000005
3650,3650.5,-0.019089000000000005
3651,3651.5,-0.019089000000000005
3652,3652.5,-0.019089000000000005
3653,3653.5,-0.019089000000000005
3654,3654.5,45.43977232169685
3655,3655.5,298.88721634155576
3656,3656.5,629.1486925656932
3657,3657.5,889.5249583745981
3658,3658.5,1077.6303598887523
3659,3659.5,1197.2745631690048
3660,3660.5,1238.7301950820286
3661,3661.5,1214.5899164901425
3662,3662.5,1016.91824002301
3663,3663.5,953.5644137130901
3664,3664.5,730.7377312339632
3665,3665.5,441.919126057852
3666,3666.5,147.69664078263287
3667,3667.5,16.798780992815125
3668,3668.5,-0.019089000000000005
3669,3669.5,-0.019089000000000005
3670,3670.5,-0.019089000000000005
3671,3671.5,-0.019089000000000005
3672,3672.5,-0.019089000000000005
3673,3673.5,-0.019089000000000005
3674,3674.5,-0.019089000000000005
3675,3675.5,-0.019089000000000005
3676,3676.5,-0.019089000000000005
3677,3677.5,-0.019089000000000005
3678,3678.5,63.15470515384192
3679,3679.5,276.3327671948789
3680,3680.5,598.3526901335515
3681,3681.5,856.8200070194049
3682,3682.5,1055.4183608724077
3683,3683.5,1177.9451801919345
3684,3684.5,1236.2515293570787
3685,3685.5,1211.8866696392568
3686,3686.5,1113.577026327897
3687,3687.5,947.4730020305259
3688,3688.5,724.9753409230757
3689,3689.5,440.44137488270127
3690,3690.5,140.31693833520052
3691,3691.5,15.089103432571184
3692,3692.5,-0.019089000000000005
3693,3693.5,-0.019089000000000005
3694,3694.5,-0.019089000000000005
3695,3695.5,-0.019089000000000005
3696,3696.5,-0.019089000000000005
3697,3697.5,-0.019089000000000005
3698,3698.5,-0.019089000000000005
3699,3699.5,-0.019089000000000005
3700,3700.5,-0.019089000000000005
3701,3701.5,-0.019089000000000005
3702,3702.5,50.14020569687466
3703,3703.5,285.20964108268953
3704,3704.5,602.0319617844483
3705,3705.5,852.484677554998
3706,3706.5,1034.9649266048052
3707,3707.5,1148.2326380750765
3708,3708.5,1189.6639087908459
3709,3709.5,1152.721727765427
3710,3710.5,1060.0251602403866
3711,3711.5,763.7178268678838
3712,3712.5,705.5678009276676
3713,3713.5,434.99014494311757
3714,3714.5,142.75297715901868
3715,3715.5,15.984226465297308
3716,3716.5,-0.019089000000000005
3717,3717.5,-0.019089000000000005
3718,3718.5,-0.019089000000000005
3719,3719.5,-0.019089000000000005
3720,3720.5,-0.019089000000000005
3721,3721.5,-0.019089000000000005
3722,3722.5,-0.019089000000000005
3723,3723.5,-0.019089000000000005
3724,3724.5,-0.019089000000000005
3725,3725.5,-0.019089000000000005
3726,3726.5,57.08722460883242
3727,3727.5,213.0789631390432
3728,3728.5,266.5225519891651
3729,3729.5,854.2678931557767
3730,3730.5,1047.0989820449724
3731,3731.5,1042.3810362170489
3732,3732.5,1211.2654665398263
3733,3733.5,1185.3316425059757
3734,3734.5,1085.816860987055
3735,3735.5,927.2894660102827
3736,3736.5,622.3396132973329
3737,3737.5,413.0125105749691
3738,3738.5,113.64982314970386
3739,3739.5,16.647325127281228
3740,3740.5,-0.019089000000000005
3741,3741.5,-0.019089000000000005
3742,3742.5,-0.019089000000000005
3743,3743.5,-0.019089000000000005
3744,3744.5,-0.019089000000000005
3745,3745.5,-0.019089000000000005
3746,3746.5,-0.019089000000000005
3747,3747.5,-0.019089000000000005
3748,3748.5,-0.019089000000000005
3749,3749.5,-0.019089000000000005
3750,3750.5,33.60348699373438
3751,3751.5,160.66543479738817
3752,3752.5,324.8464055570534
3753,3753.5,453.54571481214106
3754,3754.5,594.6390314368605
3755,3755.5,1134.362694358684
3756,3756.5,1166.4482057143418
3757,3757.5,1132.9775897056847
3758,3758.5,1052.8428884227112
3759,3759.5,906.8360566251517
3760,3760.5,622.3265884340375
3761,3761.5,441.9389100716988
3762,3762.5,149.67540237344417
3763,3763.5,19.403505856364614
3764,3764.5,-0.019089000000000005
3765,3765.5,-0.019089000000000005
3766,3766.5,-0.019089000000000005
3767,3767.5,-0.019089000000000005
3768,3768.5,-0.019089000000000005
3769,3769.5,-0.019089000000000005
3770,3770.5,-0.019089000000000005
3771,3771.5,-0.019089000000000005
3772,3772.5,-0.019089000000000005
3773,3773.5,-0.019089000000000005
3774,3774.5,13.624317188346238
3775,3775.5,39.325781706090204
3776,3776.5,240.9900132150854
3777,3777.5,867.5389110643288
3778,3778.5,1058.4432715246655
3779,3779.5,1178.5011205825188
3780,3780.5,1234.552437959675
3781,3781.5,1213.8011397738858
3782,3782.5,1125.551716905808
3783,3783.5,964.6204131241059
3784,3784.5,617.1747801230957
3785,3785.5,336.9988332020123
3786,3786.5,130.74559882778652
3787,3787.5,22.785282046993217
3788,3788.5,-0.019089000000000005
3789,3789.5,-0.019089000000000005
3790,3790.5,-0.019089000000000005
3791,3791.5,-0.019089000000000005
3792,3792.5,-0.019089000000000005
3793,3793.5,-0.019089000000000005
3794,3794.5,-0.019089000000000005
3795,3795.5,-0.019089000000000005
3796,3796.5,-0.019089000000000005
3797,3797.5,-0.019089000000000005
3798,3798.5,56.346023453513176
3799,3799.5,280.8497645605737
3800,3800.5,588.2337779801696
3801,3801.5,843.7793012326919
3802,3802.5,1040.4419913768913
3803,3803.5,1160.6615564751569
3804,3804.5,1209.6434661955982
3805,3805.5,1188.9481384371563
3806,3806.5,1093.0246474716255
3807,3807.5,597.711071856622
3808,3808.5,196.81083523923672
3809,3809.5,272.1546283515523
3810,3810.5,145.29220897518206
3811,3811.5,21.15073647796699
3812,3812.5,-0.019089000000000005
3813,3813.5,-0.019089000000000005
3814,3814.5,-0.019089000000000005
3815,3815.5,-0.019089000000000005
3816,3816.5,-0.019089000000000005
3817,3817.5,-0.019089000000000005
3818,3818.5,-0.019089000000000005
3819,3819.5,-0.019089000000000005
3820,3820.5,-0.019089000000000005
3821,3821.5,-0.019089000000000005
3822,3822.5,51.873876964732546
3823,3823.5,274.63141008259385
3824,3824.5,576.5331040334622
3825,3825.5,818.2744614537169
3826,3826.5,1001.3486563251355
3827,3827.5,1124.117385753332
3828,3828.5,862.5524484040913
3829,3829.5,674.5698973931495
3830,3830.5,1074.467230424903
3831,3831.5,928.2005890455972
3832,3832.5,719.6687871038861
3833,3833.5,445.37043229595724
3834,3834.5,150.84318925807233
3835,3835.5,18.87178516990494
3836,3836.5,-0.019089000000000005
3837,3837.5,-0.019089000000000005
3838,3838.5,-0.019089000000000005
3839,3839.5,-0.019089000000000005
3840,3840.5,-0.019089000000000005
3841,3841.5,-0.019089000000000005
3842,3842.5,-0.019089000000000005
3843,3843.5,-0.019089000000000005
3844,3844.5,-0.019089000000000005
3845,3845.5,-0.019089000000000005
3846,3846.5,40.746065711699714
3847,3847.5,278.8656462729987
3848,3848.5,590.7449180890668
3849,3849.5,841.1776360728028
3850,3850.5,1030.6393982591608
3851,3851.5,1152.697403069077
3852,3852.5,1202.7012465811235
3853,3853.5,1182.9583441596526
3854,3854.5,1094.72990906385
3855,3855.5,930.8272024828956
3856,3856.5,721.2239107325897
3857,3857.5,447.29757711652184
3858,3858.5,151.26543960118286
3859,3859.5,18.19488012398257
3860,3860.5,-0.019089000000000005
3861,3861.5,-0.019089000000000005
3862,3862.5,-0.019089000000000005
3863,3863.5,-0.019089000000000005
3864,3864.5,-0.019089000000000005
3865,3865.5,-0.019089000000000005
3866,3866.5,-0.019089000000000005
3867,3867.5,-0.019089000000000005
3868,3868.5,-0.019089000000000005
3869,3869.5,-0.019089000000000005
3870,3870.5,44.81449923262755
3871,3871.5,278.3016966886193
3872,3872.5,594.4396353328214
3873,3873.5,842.6424112214007
3874,3874.5,1028.2725855282386
3875,3875.5,1156.653571062133
3876,3876.5,1210.4858771065924
3877,3877.5,1191.7441610357807
3878,3878.5,1098.5872379153168
3879,3879.5,945.5948090101551
3880,3880.5,733.8688813602774
3881,3881.5,454.823223551023
3882,3882.5,155.0339916948266
3883,3883.5,20.375347399096082
3884,3884.5,-0.019089000000000005
3885,3885.5,-0.019089000000000005
3886,3886.5,-0.019089000000000005
3887,3887.5,-0.019089000000000005
3888,3888.5,-0.019089000000000005
3889,3889.5,-0.019089000000000005
3890,3890.5,-0.019089000000000005
3891,3891.5,-0.019089000000000005
3892,3892.5,-0.019089000000000005
3893,3893.5,-0.019089000000000005
3894,3894.5,58.827006315599
3895,3895.5,270.2474307141438
3896,3896.5,560.792415820355
3897,3897.5,797.9171060149984
3898,3898.5,968.0076544540642
3899,3899.5,1079.3233162312758
3900,3900.5,1131.4893037628317
3901,3901.5,1118.4145372627854
3902,3902.5,1041.4889628761632
3903,3903.5,883.5073588566136
3904,3904.5,683.1018919247616
3905,3905.5,425.229966275035
3906,3906.5,155.353967055822
3907,3907.5,21.602455088255752
3908,3908.5,-0.019089000000000005
3909,3909.5,-0.019089000000000005
3910,3910.5,-0.019089000000000005
3911,3911.5,-0.019089000000000005
3912,3912.5,-0.019089000000000005
3913,3913.5,-0.019089000000000005
3914,3914.5,-0.019089000000000005
3915,3915.5,-0.019089000000000005
3916,3916.5,-0.019089000000000005
3917,3917.5,-0.019089000000000005
3918,3918.5,56.100339256856586
3919,3919.5,272.45020130713834
3920,3920.5,566.8538785988083
3921,3921.5,812.7842474009753
3922,3922.5,1006.1640319573042
3923,3923.5,1126.3720347663018
3924,3924.5,1185.8125274124336
3925,3925.5,1166.8561883477912
3926,3926.5,1077.925309691158
3927,3927.5,928.2740685444328
3928,3928.5,717.7430094911788
3929,3929.5,444.32109281657216
3930,3930.5,155.38979167878395
3931,3931.5,20.789964758889447
3932,3932.5,-0.019089000000000005
3933,3933.5,-0.019089000000000005
3934,3934.5,-0.019089000000000005
3935,3935.5,-0.019089000000000005
3936,3936.5,-0.019089000000000005
3937,3937.5,-0.019089000000000005
3938,3938.5,-0.019089000000000005
3939,3939.5,-0.019089000000000005
3940,3940.5,-0.019089000000000005
3941,3941.5,-0.019089000000000005
3942,3942.5,44.501462532698945
3943,3943.5,237.74175284509255
3944,3944.5,585.5936624477517
3945,3945.5,751.7585565046833
3946,3946.5,455.92217889427286
3947,3947.5,1039.9543351297589
3948,3948.5,580.540633659651
3949,3949.5,575.4445716948934
3950,3950.5,366.859117894085
3951,3951.5,534.4762200499474
3952,3952.5,341.8442233395019
3953,3953.5,372.57005123410426
3954,3954.5,155.543594418221
3955,3955.5,23.26579631201646
3956,3956.5,-0.019089000000000005
3957,3957.5,-0.019089000000000005
3958,3958.5,-0.019089000000000005
3959,3959.5,-0.019089000000000005
3960,3960.5,-0.019089000000000005
3961,3961.5,-0.019089000000000005
3962,3962.5,-0.019089000000000005
3963,3963.5,-0.019089000000000005
3964,3964.5,-0.019089000000000005
3965,3965.5,-0.019089000000000005
3966,3966.5,59.174069570596416
3967,3967.5,243.6266615765003
3968,3968.5,373.0659988978779
3969,3969.5,818.1286245773215
3970,3970.5,1011.6201301083231
3971,3971.5,1134.7734389840548
3972,3972.5,1186.260781232124
3973,3973.5,1166.5247005146373
3974,3974.5,1077.289228146239
3975,3975.5,925.1524266900602
3976,3976.5,721.4996770088576
3977,3977.5,451.45717810509336
3978,3978.5,152.8593434271283
3979,3979.5,21.372819121443104
3980,3980.5,-0.019089000000000005
3981,3981.5,-0.019089000000000005
3982,3982.5,-0.019089000000000005
3983,3983.5,-0.019089000000000005
3984,3984.5,-0.019089000000000005
3985,3985.5,-0.019089000000000005
3986,3986.5,-0.019089000000000005
3987,3987.5,-0.019089000000000005
3988,3988.5,-0.019089000000000005
3989,3989.5,-0.019089000000000005
3990,3990.5,59.74251107009215
3991,3991.5,88.01538298717658
3992,3992.5,167.6674542699198
3993,3993.5,596.9704631752791
3994,3994.5,722.7184051819405
3995,3995.5,1118.8352352418779
3996,3996.5,1171.6982498678756
3997,3997.5,1154.615267616688
3998,3998.5,1074.2182394924569
3999,3999.5,916.6772221183834
4000,4000.5,703.6185267597505
4001,4001.5,437.41042269005413
4002,4002.5,160.40541393754833
4003,4003.5,24.157032837321676
4004,4004.5,-0.019089000000000005
4005,4005.5,-0.019089000000000005
4006,4006.5,-0.019089000000000005
4007,4007.5,-0.019089000000000005
4008,4008.5,-0.019089000000000005
4009,4009.5,-0.019089000000000005
4010,4010.5,-0.019089000000000005
4011,4011.5,-0.019089000000000005
4012,4012.5,-0.019089000000000005
4013,4013.5,-0.019089000000000005
4014,4014.5,47.810408899192055
4015,4015.5,267.0490525934519
4016,4016.5,564.0346759560016
4017,4017.5,645.4979760799904
4018,4018.5,986.4748882557874
4019,4019.5,1107.4944891362622
4020,4020.5,1161.2786185226453
4021,4021.5,1148.3184092403742
4022,4022.5,1070.6001977448796
4023,4023.5,927.4572398838604
4024,4024.5,718.5157601342172
4025,4025.5,366.10613370575385
4026,4026.5,139.3655728400528
4027,4027.5,12.76671584501549
4028,4028.5,-0.019089000000000005
4029,4029.5,-0.019089000000000005
4030,4030.5,-0.019089000000000005
4031,4031.5,-0.019089000000000005
4032,4032.5,-0.019089000000000005
4033,4033.5,-0.019089000000000005
4034,4034.5,-0.019089000000000005
4035,4035.5,-0.019089000000000005
4036,4036.5,-0.019089000000000005
4037,4037.5,-0.019089000000000005
4038,4038.5,57.51374002805702
4039,4039.5,184.6115836497404
4040,4040.5,543.2993365049982
4041,4041.5,741.1335055487948
4042,4042.5,912.8427605725385
4043,4043.5,1111.8404760697479
4044,4044.5,1169.5123003969497
4045,4045.5,1158.9525222852296
4046,4046.5,1082.9499342634651
4047,4047.5,710.8764411939558
4048,4048.5,482.2414732353203
4049,4049.5,406.9338931751601
4050,4050.5,157.65914714463457
4051,4051.5,22.995385390399303
4052,4052.5,-0.019089000000000005
4053,4053.5,-0.019089000000000005
4054,4054.5,-0.019089000000000005
4055,4055.5,-0.019089000000000005
4056,4056.5,-0.019089000000000005
4057,4057.5,-0.019089000000000005
4058,4058.5,-0.019089000000000005
4059,4059.5,-0.019089000000000005
4060,4060.5,-0.019089000000000005
4061,4061.5,-0.019089000000000005
4062,4062.5,50.84463994484242
4063,4063.5,90.18665631416063
4064,4064.5,114.72152657455585
4065,4065.5,580.3279775023535
4066,4066.5,785.1649983723958
4067,4067.5,1115.8310737486195
4068,4068.5,1182.4026748875876
4069,4069.5,1171.1109895834147
4070,4070.5,1087.115379214309
4071,4071.5,945.0176609251256
4072,4072.5,554.7944369907498
4073,4073.5,149.5379760507755
4074,4074.5,113.0667044520329
4075,4075.5,-0.019089000000000005
4076,4076.5,-0.019089000000000005
4077,4077.5,-0.019089000000000005
4078,4078.5,-0.019089000000000005
4079,4079.5,-0.019089000000000005
4080,4080.5,-0.019089000000000005
4081,4081.5,-0.019089000000000005
4082,4082.5,-0.019089000000000005
4083,4083.5,-0.019089000000000005
4084,4084.5,-0.019089000000000005
4085,4085.5,-0.019089000000000005
4086,4086.5,60.77108692895968
4087,4087.5,260.8409329043467
4088,4088.5,537.419655981183
4089,4089.5,783.9309911137483
4090,4090.5,972.2752563177551
4091,4091.5,977.5599279518992
4092,4092.5,1093.204493878134
4093,4093.5,1089.1879823772786
4094,4094.5,1061.1217495278297
4095,4095.5,919.8006808516521
4096,4096.5,490.81904292491487
4097,4097.5,234.33906084509297
4098,4098.5,105.9691255114533
4099,4099.5,19.774009707598964
4100,4100.5,-0.019089000000000005
4101,4101.5,-0.019089000000000005
4102,4102.5,-0.019089000000000005
4103,4103.5,-0.019089000000000005
4104,4104.5,-0.019089000000000005
4105,4105.5,-0.019089000000000005
4106,4106.5,-0.019089000000000005
4107,4107.5,-0.019089000000000005
4108,4108.5,-0.019089000000000005
4109,4109.5,-0.019089000000000005
4110,4110.5,57.07216144012321
4111,4111.5,141.15350349763492
4112,4112.5,8.68540335993305
4113,4113.5,325.6328206128465
4114,4114.5,928.674449146612
4115,4115.5,953.4761221238614
4116,4116.5,1176.372846297999
4117,4117.5,1163.7093433779125
4118,4118.5,1077.0278241567094
4119,4119.5,910.7984547664415
4120,4120.5,696.4033052349326
4121,4121.5,433.90396891774657
4122,4122.5,146.93478139277715
4123,4123.5,23.902847350397668
4124,4124.5,-0.019089000000000005
4125,4125.5,-0.019089000000000005
4126,4126.5,-0.019089000000000005
4127,4127.5,-0.019089000000000005
4128,4128.5,-0.019089000000000005
4129,4129.5,-0.019089000000000005
4130,4130.5,-0.019089000000000005
4131,4131.5,-0.019089000000000005
4132,4132.5,-0.019089000000000005
4133,4133.5,-0.019089000000000005
4134,4134.5,57.3660270401271
4135,4135.5,257.7746002515497
4136,4136.5,541.1674522557596
4137,4137.5,785.6415639729853
4138,4138.5,971.0081628280699
4139,4139.5,1095.2771099930908
4140,4140.5,1088.6410339855377
4141,4141.5,1094.8707838073403
4142,4142.5,1022.7426682574262
4143,4143.5,859.0122168637894
4144,4144.5,569.3410530962365
4145,4145.5,373.8832498779465
4146,4146.5,159.11216681593226
4147,4147.5,27.466873694273804
4148,4148.5,-0.019089000000000005
4149,4149.5,-0.019089000000000005
4150,4150.5,-0.019089000000000005
4151,4151.5,-0.019089000000000005
4152,4152.5,-0.019089000000000005
4153,4153.5,-0.019089000000000005
4154,4154.5,-0.019089000000000005
4155,4155.5,-0.019089000000000005
4156,4156.5,-0.019089000000000005
4157,4157.5,-0.019089000000000005
4158,4158.5,56.125762843388436
4159,4159.5,257.74119871975824
4160,4160.5,536.7982228193317
4161,4161.5,779.4868508043352
4162,4162.5,962.0628402503377
4163,4163.5,1083.8030539918082
4164,4164.5,1120.7119986244916
4165,4165.5,1102.6072694146724
4166,4166.5,705.0162425977272
4167,4167.5,698.7263744459259
4168,4168.5,664.0097111903071
4169,4169.5,307.5112958564563
4170,4170.5,152.75053175606433
4171,4171.5,27.20751872660231
4172,4172.5,-0.019089000000000005
4173,4173.5,-0.019089000000000005
4174,4174.5,-0.019089000000000005
4175,4175.5,-0.019089000000000005
4176,4176.5,-0.019089000000000005
4177,4177.5,-0.019089000000000005
4178,4178.5,-0.019089000000000005
4179,4179.5,-0.019089000000000005
4180,4180.5,-0.019089000000000005
4181,4181.5,-0.019089000000000005
4182,4182.5,54.349643596042206
4183,4183.5,242.4411497877
4184,4184.5,424.8629812233334
4185,4185.5,745.4395340790726
4186,4186.5,834.6406529829993
4187,4187.5,942.2799376888697
4188,4188.5,967.5608596235421
4189,4189.5,900.3571127109319
4190,4190.5,895.108551813044
4191,4191.5,771.7816562859083
4192,4192.5,665.1607122110204
4193,4193.5,424.3120053572221
4194,4194.5,176.29031746285324
4195,4195.5,28.395052699774162
4196,4196.5,-0.019089000000000005
4197,4197.5,-0.019089000000000005
4198,4198.5,-0.019089000000000005
4199,4199.5,-0.019089000000000005
4200,4200.5,-0.019089000000000005
4201,4201.5,-0.019089000000000005
4202,4202.5,-0.019089000000000005
4203,4203.5,-0.019089000000000005
4204,4204.5,-0.019089000000000005
4205,4205.5,-0.019089000000000005
4206,4206.5,47.08284333038779
4207,4207.5,219.89914166916014
4208,4208.5,489.8971680049743
4209,4209.5,809.1511539228951
4210,4210.5,1001.6049860246684
4211,4211.5,1130.7879948920363
4212,4212.5,1192.145375949323
4213,4213.5,1181.4275246391626
4214,4214.5,1098.828974183448
4215,4215.5,951.1470935998258
4216,4216.5,746.8627115540315
4217,4217.5,471.7268659723157
4218,4218.5,150.7298477714628
4219,4219.5,22.62416086644466
4220,4220.5,-0.019089000000000005
4221,4221.5,-0.019089000000000005
4222,4222.5,-0.019089000000000005
4223,4223.5,-0.019089000000000005
4224,4224.5,-0.019089000000000005
4225,4225.5,-0.019089000000000005
4226,4226.5,-0.019089000000000005
4227,4227.5,-0.019089000000000005
4228,4228.5,-0.019089000000000005
4229,4229.5,-0.019089000000000005
4230,4230.5,40.686406733661606
4231,4231.5,264.70691118722976
4232,4232.5,576.3989053808452
4233,4233.5,816.9367813747896
4234,4234.5,994.6159086588062
4235,4235.5,1089.731242637371
4236,4236.5,1064.0527575178724
4237,4237.5,976.2757293508419
4238,4238.5,971.8118667528854
4239,4239.5,893.9159329539946
4240,4240.5,705.7698292637743
4241,4241.5,446.40650702996214
4242,4242.5,169.8246767468529
4243,4243.5,25.31871490070872
4244,4244.5,-0.019089000000000005
4245,4245.5,-0.019089000000000005
4246,4246.5,-0.019089000000000005
4247,4247.5,-0.019089000000000005
4248,4248.5,-0.019089000000000005
4249,4249.5,-0.019089000000000005
4250,4250.5,-0.019089000000000005
4251,4251.5,-0.019089000000000005
4252,4252.5,-0.019089000000000005
4253,4253.5,-0.019089000000000005
4254,4254.5,50.5852680279242
4255,4255.5,248.8700766572419
4256,4256.5,528.1680078219781
4257,4257.5,766.9590005502893
4258,4258.5,946.9519754483207
4259,4259.5,1072.4696241905817
4260,4260.5,1139.2096352886424
4261,4261.5,1120.295058434846
4262,4262.5,1040.6246976247166
4263,4263.5,900.9357731051342
4264,4264.5,701.8601591927472
4265,4265.5,441.57941735933406
4266,4266.5,162.48995835899572
4267,4267.5,23.730267393042837
4268,4268.5,-0.019089000000000005
4269,4269.5,-0.019089000000000005
4270,4270.5,-0.019089000000000005
4271,4271.5,-0.019089000000000005
4272,4272.5,-0.019089000000000005
4273,4273.5,-0.019089000000000005
4274,4274.5,-0.019089000000000005
4275,4275.5,-0.019089000000000005
4276,4276.5,-0.019089000000000005
4277,4277.5,-0.019089000000000005
4278,4278.5,39.693883314989534
4279,4279.5,242.74434170873207
4280,4280.5,550.038310158741
4281,4281.5,795.5013449687101
4282,4282.5,982.8297080933747
4283,4283.5,1110.795794331215
4284,4284.5,1038.5606889027385
4285,4285.5,1145.4110422034632
4286,4286.5,1063.0571255285215
4287,4287.5,921.9518131284874
4288,4288.5,718.0027764010035
4289,4289.5,452.4910389032374
4290,4290.5,167.62080662278075
4291,4291.5,24.98749337698134
4292,4292.5,-0.019089000000000005
4293,4293.5,-0.019089000000000005
4294,4294.5,-0.019089000000000005
4295,4295.5,-0.019089000000000005
4296,4296.5,-0.019089000000000005
4297,4297.5,-0.019089000000000005
4298,4298.5,-0.019089000000000005
4299,4299.5,-0.019089000000000005
4300,4300.5,-0.019089000000000005
4301,4301.5,-0.019089000000000005
4302,4302.5,48.58022103829536
4303,4303.5,219.34640851011665
4304,4304.5,473.9382975521006
4305,4305.5,702.9632435887097
4306,4306.5,948.494335235607
4307,4307.5,1068.4884368143976
4308,4308.5,1115.0325349758061
4309,4309.5,1082.3666672796992
4310,4310.5,1001.2842250305433
4311,4311.5,878.5799999631238
4312,4312.5,702.3479571279405
4313,4313.5,437.0547221440393
4314,4314.5,141.6444536480067
4315,4315.5,26.661592420691616
4316,4316.5,-0.019089000000000005
4317,4317.5,-0.019089000000000005
4318,4318.5,-0.019089000000000005
4319,4319.5,-0.019089000000000005
4320,4320.5,-0.019089000000000005
4321,4321.5,-0.019089000000000005
4322,4322.5,-0.019089000000000005
4323,4323.5,-0.019089000000000005
4324,4324.5,-0.019089000000000005
4325,4325.5,-0.019089000000000005
4326,4326.5,42.1560548503519
4327,4327.5,251.9099741789762
4328,4328.5,560.8523803877647
4329,4329.5,808.9664108516689
4330,4330.5,992.0524514706949
4331,4331.5,1114.523510438022
4332,4332.5,1175.239826857796
4333,4333.5,1159.819964072862
4334,4334.5,1082.9991817666703
4335,4335.5,570.1264935071357
4336,4336.5,464.45024844723457
4337,4337.5,396.0584430111937
4338,4338.5,161.89092263134432
4339,4339.5,28.501623547191613
4340,4340.5,-0.019089000000000005
4341,4341.5,-0.019089000000000005
4342,4342.5,-0.019089000000000005
4343,4343.5,-0.019089000000000005
4344,4344.5,-0.019089000000000005
4345,4345.5,-0.019089000000000005
4346,4346.5,-0.019089000000000005
4347,4347.5,-0.019089000000000005
4348,4348.5,-0.019089000000000005
4349,4349.5,-0.019089000000000005
4350,4350.5,45.47479279873068
4351,4351.5,251.8410753191243
4352,4352.5,541.6252125084633
4353,4353.5,789.6649183593968
4354,4354.5,979.824742119845
4355,4355.5,714.6775910910012
4356,4356.5,1185.7861429661887
4357,4357.5,1171.3375279831623
4358,4358.5,912.6408834692008
4359,4359.5,418.15383788644675
4360,4360.5,165.50416785807366
4361,4361.5,298.74073591947024
4362,4362.5,179.94768353217992
4363,4363.5,27.929315449283482
4364,4364.5,-0.019089000000000005
4365,4365.5,-0.019089000000000005
4366,4366.5,-0.019089000000000005
4367,4367.5,-0.019089000000000005
4368,4368.5,-0.019089000000000005
4369,4369.5,-0.019089000000000005
4370,4370.5,-0.019089000000000005
4371,4371.5,-0.019089000000000005
4372,4372.5,-0.019089000000000005
4373,4373.5,-0.019089000000000005
4374,4374.5,52.700381128477176
4375,4375.5,250.99914099409466
4376,4376.5,521.2329341259007
4377,4377.5,756.986375228898
4378,4378.5,944.985278731791
4379,4379.5,1080.498654422797
4380,4380.5,810.868189309037
4381,4381.5,886.7135479155648
4382,4382.5,719.2317765752753
4383,4383.5,934.7684952183707
4384,4384.5,727.1606448721528
4385,4385.5,247.04749235457152
4386,4386.5,9.299481675768781
4387,4387.5,18.826332199041676
4388,4388.5,-0.019089000000000005
4389,4389.5,-0.019089000000000005
4390,4390.5,-0.019089000000000005
4391,4391.5,-0.019089000000000005
4392,4392.5,-0.019089000000000005
4393,4393.5,-0.019089000000000005
4394,4394.5,-0.019089000000000005
4395,4395.5,-0.019089000000000005
4396,4396.5,-0.019089000000000005
4397,4397.5,-0.019089000000000005
4398,4398.5,32.90222780491134
4399,4399.5,237.67872482683467
4400,4400.5,365.94922402572325
4401,4401.5,729.8766950632069
4402,4402.5,789.8396788913136
4403,4403.5,838.9130061711014
4404,4404.5,364.60088504690395
4405,4405.5,701.2433556156117
4406,4406.5,899.2454539384688
4407,4407.5,936.9456079997082
4408,4408.5,634.9266041689857
4409,4409.5,387.3659602169742
4410,4410.5,179.03946354154002
4411,4411.5,27.088434554978054
4412,4412.5,-0.019089000000000005
4413,4413.5,-0.019089000000000005
4414,4414.5,-0.019089000000000005
4415,4415.5,-0.019089000000000005
4416,4416.5,-0.019089000000000005
4417,4417.5,-0.019089000000000005
4418,4418.5,-0.019089000000000005
4419,4419.5,-0.019089000000000005
4420,4420.5,-0.019089000000000005
4421,4421.5,-0.019089000000000005
4422,4422.5,49.56983236067148
4423,4423.5,143.8373094546607
4424,4424.5,515.7514052430579
4425,4425.5,818.8303548962442
4426,4426.5,828.107368091477
4427,4427.5,1144.667717469477
4428,4428.5,1205.577778434652
4429,4429.5,1190.6459495680203
4430,4430.5,1108.9182409618636
4431,4431.5,958.3005513982405
4432,4432.5,744.8808365548863
4433,4433.5,469.1756457244072
4434,4434.5,176.05963649898587
4435,4435.5,24.940069300344433
4436,4436.5,-0.019089000000000005
4437,4437.5,-0.019089000000000005
4438,4438.5,-0.019089000000000005
4439,4439.5,-0.019089000000000005
4440,4440.5,-0.019089000000000005
4441,4441.5,-0.019089000000000005
4442,4442.5,-0.019089000000000005
4443,4443.5,-0.019089000000000005
4444,4444.5,-0.019089000000000005
4445,4445.5,-0.019089000000000005
4446,4446.5,43.763724738482445
4447,4447.5,247.4656769817746
4448,4448.5,543.705461107062
4449,4449.5,801.2095236487409
4450,4450.5,994.777439387643
4451,4451.5,1131.3008242242443
4452,4452.5,1094.5408668565044
4453,4453.5,1163.6318974930905
4454,4454.5,979.8535321771794
4455,4455.5,937.6064423006412
4456,4456.5,726.611679326899
4457,4457.5,436.5002936950692
4458,4458.5,173.08755313946145
4459,4459.5,25.952038151328995
4460,4460.5,-0.019089000000000005
4461,4461.5,-0.019089000000000005
4462,4462.5,-0.019089000000000005
4463,4463.5,-0.019089000000000005
4464,4464.5,-0.019089000000000005
4465,4465.5,-0.019089000000000005
4466,4466.5,-0.019089000000000005
4467,4467.5,-0.019089000000000005
4468,4468.5,-0.019089000000000005
4469,4469.5,-0.019089000000000005
4470,4470.5,47.55585825382691
4471,4471.5,243.75979832311282
4472,4472.5,528.9429108420255
4473,4473.5,780.9783672028377
4474,4474.5,981.0021292387206
4475,4475.5,1111.5866740144768
4476,4476.5,1190.8424780183896
4477,4477.5,1177.2180551608521
4478,4478.5,1087.7918218774605
4479,4479.5,936.7718155195515
4480,4480.5,726.3948697300158
4481,4481.5,457.9870435397988
4482,4482.5,169.07222544104502
4483,4483.5,24.07156662355153
4484,4484.5,-0.019089000000000005
4485,4485.5,-0.019089000000000005
4486,4486.5,-0.019089000000000005
4487,4487.5,-0.019089000000000005
4488,4488.5,-0.019089000000000005
4489,4489.5,-0.019089000000000005
4490,4490.5,-0.019089000000000005
4491,4491.5,-0.019089000000000005
4492,4492.5,-0.019089000000000005
4493,4493.5,-0.019089000000000005
4494,4494.5,-0.019089000000000005
4495,4495.5,-0.019089000000000005
4496,4496.5,454.0614387815248
4497,4497.5,786.7622632846164
4498,4498.5,984.4222786950473
4499,4499.5,1116.9106934892734
4500,4500.5,1175.2677401277306
4501,4501.5,1161.472481962782
4502,4502.5,1074.4965598863846
4503,4503.5,918.1515240148905
4504,4504.5,712.8048727499099
4505,4505.5,449.27241297764994
4506,4506.5,164.2833796839875
4507,4507.5,25.897394416868803
4508,4508.5,-0.019089000000000005
4509,4509.5,-0.019089000000000005
4510,4510.5,-0.019089000000000005
4511,4511.5,-0.019089000000000005
4512,4512.5,-0.019089000000000005
4513,4513.5,-0.019089000000000005
4514,4514.5,-0.019089000000000005
4515,4515.5,-0.019089000000000005
4516,4516.5,-0.019089000000000005
4517,4517.5,-0.019089000000000005
4518,4518.5,41.65900528375468
4519,4519.5,236.85175542528938
4520,4520.5,527.0181610102318
4521,4521.5,771.7988056136511
4522,4522.5,961.9027114480465
4523,4523.5,1084.7690650787838
4524,4524.5,1146.6829005602237
4525,4525.5,1133.4749258747822
4526,4526.5,1057.3459209583832
4527,4527.5,913.8471716099854
4528,4528.5,712.9153730487577
4529,4529.5,450.1552630235014
4530,4530.5,166.76263208750333
4531,4531.5,22.812177913840177
4532,4532.5,-0.019089000000000005
4533,4533.5,-0.019089000000000005
4534,4534.5,-0.019089000000000005
4535,4535.5,-0.019089000000000005
4536,4536.5,-0.019089000000000005
4537,4537.5,-0.019089000000000005
4538,4538.5,-0.019089000000000005
4539,4539.5,-0.019089000000000005
4540,4540.5,-0.019089000000000005
4541,4541.5,-0.019089000000000005
4542,4542.5,34.08218998238437
4543,4543.5,235.28813057214674
4544,4544.5,539.3276770336035
4545,4545.5,791.9702359150122
4546,4546.5,980.2091113418429
4547,4547.5,1106.9204879560616
4548,4548.5,1166.4251955877055
4549,4549.5,1153.7898921576598
4550,4550.5,1074.6743382513785
4551,4551.5,931.4280900523125
4552,4552.5,727.3588466418502
4553,4553.5,461.22445539489115
4554,4554.5,164.90642249684518
4555,4555.5,18.89399071619837
4556,4556.5,-0.019089000000000005
4557,4557.5,-0.019089000000000005
4558,4558.5,-0.019089000000000005
4559,4559.5,-0.019089000000000005
4560,4560.5,-0.019089000000000005
4561,4561.5,-0.019089000000000005
4562,4562.5,-0.019089000000000005
4563,4563.5,-0.019089000000000005
4564,4564.5,-0.019089000000000005
4565,4565.5,-0.019089000000000005
4566,4566.5,33.98523344445653
4567,4567.5,232.41199846396307
4568,4568.5,527.859883721139
4569,4569.5,768.9399634716326
4570,4570.5,949.840116292871
4571,4571.5,973.6740606936013
4572,4572.5,1134.0977940329003
4573,4573.5,1121.983622920669
4574,4574.5,1045.8453999838425
4575,4575.5,904.1224840010144
4576,4576.5,705.7798657763034
4577,4577.5,448.3193587310026
4578,4578.5,166.77445108425533
4579,4579.5,22.43998450894695
4580,4580.5,-0.019089000000000005
4581,4581.5,-0.019089000000000005
4582,4582.5,-0.019089000000000005
4583,4583.5,-0.019089000000000005
4584,4584.5,-0.019089000000000005
4585,4585.5,-0.019089000000000005
4586,4586.5,-0.019089000000000005
4587,4587.5,-0.019089000000000005
4588,4588.5,-0.019089000000000005
4589,4589.5,-0.019089000000000005
4590,4590.5,45.31376999820617
4591,4591.5,185.48588219033414
4592,4592.5,523.3221365882769
4593,4593.5,762.7204557173848
4594,4594.5,937.5713726142633
4595,4595.5,1051.2010908295026
4596,4596.5,331.6679667504182
4597,4597.5,442.9546074127304
4598,4598.5,257.26397707864385
4599,4599.5,802.7299018847726
4600,4600.5,364.8093209972211
4601,4601.5,380.3076602257159
4602,4602.5,162.2492461330841
4603,4603.5,22.752058222539205
4604,4604.5,-0.019089000000000005
4605,4605.5,-0.019089000000000005
4606,4606.5,-0.019089000000000005
4607,4607.5,-0.019089000000000005
4608,4608.5,-0.019089000000000005
4609,4609.5,-0.019089000000000005
4610,4610.5,-0.019089000000000005
4611,4611.5,-0.019089000000000005
4612,4612.5,-0.019089000000000005
4613,4613.5,-0.019089000000000005
4614,4614.5,38.591354938859425
4615,4615.5,195.87891042326967
4616,4616.5,448.61390764647575
4617,4617.5,778.2354566021464
4618,4618.5,967.0934153609861
4619,4619.5,1099.8767195485443
4620,4620.5,1155.7321479072766
4621,4621.5,1149.829785570202
4622,4622.5,720.429212823631
4623,4623.5,749.7310535258629
4624,4624.5,525.6325003589607
4625,4625.5,454.37702301781394
4626,4626.5,165.95723504077657
4627,4627.5,21.106369746146687
4628,4628.5,-0.019089000000000005
4629,4629.5,-0.019089000000000005
4630,4630.5,-0.019089000000000005
4631,4631.5,-0.019089000000000005
4632,4632.5,-0.019089000000000005
4633,4633.5,-0.019089000000000005
4634,4634.5,-0.019089000000000005
4635,4635.5,-0.019089000000000005
4636,4636.5,-0.019089000000000005
4637,4637.5,-0.019089000000000005
4638,4638.5,33.7962683380547
4639,4639.5,232.29954536830124
4640,4640.5,538.7141216120843
4641,4641.5,789.7406869016843
4642,4642.5,979.2437203778812
4643,4643.5,1113.2490616123982
4644,4644.5,1174.3942412430215
4645,4645.5,1164.5334769912786
4646,4646.5,1086.894617098189
4647,4647.5,946.1299094868672
4648,4648.5,738.6039907661368
4649,4649.5,468.18623489572605
4650,4650.5,167.38284349619582
4651,4651.5,20.30094420425225
4652,4652.5,-0.019089000000000005
4653,4653.5,-0.019089000000000005
4654,4654.5,-0.019089000000000005
4655,4655.5,-0.019089000000000005
4656,4656.5,-0.019089000000000005
4657,4657.5,-0.019089000000000005
4658,4658.5,-0.019089000000000005
4659,4659.5,-0.019089000000000005
4660,4660.5,-0.019089000000000005
4661,4661.5,-0.019089000000000005
4662,4662.5,31.528565532642574
4663,4663.5,231.32015182413548
4664,4664.5,536.9670434817317
4665,4665.5,664.5965546525847
4666,4666.5,250.90984939627208
4667,4667.5,280.3247365215694
4668,4668.5,136.60874791368047
4669,4669.5,264.93937842268883
4670,4670.5,260.5078007423418
4671,4671.5,103.44520294947594
4672,4672.5,460.0316618353871
4673,4673.5,43.043534546850005
4674,4674.5,22.361566843887893
4675,4675.5,27.557595140678064
4676,4676.5,-0.019089000000000005
4677,4677.5,-0.019089000000000005
4678,4678.5,-0.019089000000000005
4679,4679.5,-0.019089000000000005
4680,4680.5,-0.019089000000000005
4681,4681.5,-0.019089000000000005
4682,4682.5,-0.019089000000000005
4683,4683.5,-0.019089000000000005
4684,4684.5,-0.019089000000000005
4685,4685.5,-0.019089000000000005
4686,4686.5,34.13205902948395
4687,4687.5,50.1755833075961
4688,4688.5,571.587434657641
4689,4689.5,585.4083182420223
4690,4690.5,646.3021003806394
4691,4691.5,146.69648525731617
4692,4692.5,500.7179001991819
4693,4693.5,255.82909026990365
4694,4694.5,785.694045258727
4695,4695.5,265.61021099389575
4696,4696.5,392.54245640075004
4697,4697.5,241.8847402405213
4698,4698.5,68.13320267390648
4699,4699.5,-0.019089000000000005
4700,4700.5,-0.019089000000000005
4701,4701.5,-0.019089000000000005
4702,4702.5,-0.019089000000000005
4703,4703.5,-0.019089000000000005
4704,4704.5,-0.019089000000000005
4705,4705.5,-0.019089000000000005
4706,4706.5,-0.019089000000000005
4707,4707.5,-0.019089000000000005
4708,4708.5,-0.019089000000000005
4709,4709.5,-0.019089000000000005
4710,4710.5,30.395141897526663
4711,4711.5,11.460091057350185
4712,4712.5,115.9909956394595
4713,4713.5,553.062558995961
4714,4714.5,483.3723660680476
4715,4715.5,800.6845206336446
4716,4716.5,929.5180186084219
4717,4717.5,808.5500508657728
4718,4718.5,626.28744234293
4719,4719.5,454.49325992872986
4720,4720.5,411.91797004666773
4721,4721.5,89.24038885532318
4722,4722.5,154.7236887043681
4723,4723.5,14.539043165080336
4724,4724.5,-0.019089000000000005
4725,4725.5,-0.019089000000000005
4726,4726.5,-0.019089000000000005
4727,4727.5,-0.019089000000000005
4728,4728.5,-0.019089000000000005
4729,4729.5,-0.019089000000000005
4730,4730.5,-0.019089000000000005
4731,4731.5,-0.019089000000000005
4732,4732.5,-0.019089000000000005
4733,4733.5,-0.019089000000000005
4734,4734.5,3.2274258687387833
4735,4735.5,134.0472949602319
4736,4736.5,344.1460413821207
4737,4737.5,649.6345035455932
4738,4738.5,768.518725097934
4739,4739.5,838.2376310817945
4740,4740.5,820.0535144754306
4741,4741.5,858.7757375347145
4742,4742.5,1035.9981723131789
4743,4743.5,543.5267313214567
4744,4744.5,757.0328764044013
4745,4745.5,445.3209415400711
4746,4746.5,132.39928277116854
4747,4747.5,23.52050767107081
4748,4748.5,-0.019089000000000005
4749,4749.5,-0.019089000000000005
4750,4750.5,-0.019089000000000005
4751,4751.5,-0.019089000000000005
4752,4752.5,-0.019089000000000005
4753,4753.5,-0.019089000000000005
4754,4754.5,-0.019089000000000005
4755,4755.5,-0.019089000000000005
4756,4756.5,-0.019089000000000005
4757,4757.5,-0.019089000000000005
4758,4758.5,16.48947438809294
4759,4759.5,144.86858660898395
4760,4760.5,124.71066815970507
4761,4761.5,805.932086072469
4762,4762.5,1009.6536522806987
4763,4763.5,661.3398800786896
4764,4764.5,178.17527070869932
4765,4765.5,410.15010727341013
4766,4766.5,755.0175273068409
4767,4767.5,626.9172571048789
4768,4768.5,753.1653228832124
4769,4769.5,475.54172939128966
4770,4770.5,165.3596749923561
4771,4771.5,17.483520922271538
4772,4772.5,-0.019089000000000005
4773,4773.5,-0.019089000000000005
4774,4774.5,-0.019089000000000005
4775,4775.5,-0.019089000000000005
4776,4776.5,-0.019089000000000005
4777,4777.5,-0.019089000000000005
4778,4778.5,-0.019089000000000005
4779,4779.5,-0.019089000000000005
4780,4780.5,-0.019089000000000005
4781,4781.5,-0.019089000000000005
4782,4782.5,26.688929159853664
4783,4783.5,223.6091605643875
4784,4784.5,539.3227497989368
4785,4785.5,802.6797973086988
4786,4786.5,1007.0111730173192
4787,4787.5,1144.6116076713447
4788,4788.5,1205.7707592240777
4789,4789.5,909.5076458516219
4790,4790.5,1115.680756749973
4791,4791.5,959.6821271676213
4792,4792.5,746.2906854700864
4793,4793.5,471.015283805754
4794,4794.5,164.10414896885658
4795,4795.5,18.178694143671464
4796,4796.5,-0.019089000000000005
4797,4797.5,-0.019089000000000005
4798,4798.5,-0.019089000000000005
4799,4799.5,-0.019089000000000005
4800,4800.5,-0.019089000000000005
4801,4801.5,-0.019089000000000005
4802,4802.5,-0.019089000000000005
4803,4803.5,-0.019089000000000005
4804,4804.5,-0.019089000000000005
4805,4805.5,-0.019089000000000005
4806,4806.5,38.42663775520596
4807,4807.5,74.88868859286383
4808,4808.5,425.7548294599281
4809,4809.5,788.4009116970208
4810,4810.5,981.6114405915038
4811,4811.5,1115.540823680646
4812,4812.5,1180.3030163354106
4813,4813.5,1176.7176222390797
4814,4814.5,1099.5649013070786
4815,4815.5,948.7684186245444
4816,4816.5,665.1618650153439
4817,4817.5,407.6395790444473
4818,4818.5,148.58012961098507
4819,4819.5,20.302062623329608
4820,4820.5,-0.019089000000000005
4821,4821.5,-0.019089000000000005
4822,4822.5,-0.019089000000000005
4823,4823.5,-0.019089000000000005
4824,4824.5,-0.019089000000000005
4825,4825.5,-0.019089000000000005
4826,4826.5,-0.019089000000000005
4827,4827.5,-0.019089000000000005
4828,4828.5,-0.019089000000000005
4829,4829.5,-0.019089000000000005
4830,4830.5,29.923230466632045
4831,4831.5,188.73933489380315
4832,4832.5,527.9253085183784
4833,4833.5,788.7465400138495
4834,4834.5,988.2117646573957
4835,4835.5,1123.1575559035002
4836,4836.5,1190.8991988927887
4837,4837.5,1178.9782911495402
4838,4838.5,925.0546360210271
4839,4839.5,949.9745536907902
4840,4840.5,738.9214312548129
4841,4841.5,466.39639505352454
4842,4842.5,163.61432466440652
4843,4843.5,15.790435645995924
4844,4844.5,-0.019089000000000005
4845,4845.5,-0.019089000000000005
4846,4846.5,-0.019089000000000005
4847,4847.5,-0.019089000000000005
4848,4848.5,-0.019089000000000005
4849,4849.5,-0.019089000000000005
4850,4850.5,-0.019089000000000005
4851,4851.5,-0.019089000000000005
4852,4852.5,-0.019089000000000005
4853,4853.5,-0.019089000000000005
4854,4854.5,31.188781948749185
4855,4855.5,221.70049923005303
4856,4856.5,528.9824964745947
4857,4857.5,789.8171867677885
4858,4858.5,985.5667698411361
4859,4859.5,1124.944248321469
4860,4860.5,1198.140134334114
4861,4861.5,1188.6683643985855
4862,4862.5,1108.6704393178252
4863,4863.5,954.2074894795436
4864,4864.5,692.3642569115462
4865,4865.5,468.94690532871294
4866,4866.5,163.9033506160096
4867,4867.5,16.514636601044202
4868,4868.5,-0.019089000000000005
4869,4869.5,-0.019089000000000005
4870,4870.5,-0.019089000000000005
4871,4871.5,-0.019089000000000005
4872,4872.5,-0.019089000000000005
4873,4873.5,-0.019089000000000005
4874,4874.5,-0.019089000000000005
4875,4875.5,-0.019089000000000005
4876,4876.5,-0.019089000000000005
4877,4877.5,-0.019089000000000005
4878,4878.5,29.978966824010758
4879,4879.5,191.6516642920772
4880,4880.5,527.4744230090652
4881,4881.5,780.8080366020669
4882,4882.5,967.7363233707293
4883,4883.5,1102.921100001459
4884,4884.5,1169.4854307651567
4885,4885.5,1167.3656068483047
4886,4886.5,1092.250870594761
4887,4887.5,947.8390442557334
4888,4888.5,673.3923022055926
4889,4889.5,464.6022141003925
4890,4890.5,162.1851911507768
4891,4891.5,14.890023037783596
4892,4892.5,-0.019089000000000005
4893,4893.5,-0.019089000000000005
4894,4894.5,-0.019089000000000005
4895,4895.5,-0.019089000000000005
4896,4896.5,-0.019089000000000005
4897,4897.5,-0.019089000000000005
4898,4898.5,-0.019089000000000005
4899,4899.5,-0.019089000000000005
4900,4900.5,-0.019089000000000005
4901,4901.5,-0.019089000000000005
4902,4902.5,29.852524611367038
4903,4903.5,214.00060398170515
4904,4904.5,513.7051667120859
4905,4905.5,770.5360979775459
4906,4906.5,966.1478196674963
4907,4907.5,1095.7197963849846
4908,4908.5,1164.6883088261295
4909,4909.5,1155.22254941123
4910,4910.5,1077.3387485472122
4911,4911.5,932.0753644728188
4912,4912.5,686.5018901884818
4913,4913.5,201.57179255147852
4914,4914.5,-0.019089000000000005
4915,4915.5,-0.019089000000000005
4916,4916.5,-0.019089000000000005
4917,4917.5,-0.019089000000000005
4918,4918.5,-0.019089000000000005
4919,4919.5,-0.019089000000000005
4920,4920.5,-0.019089000000000005
4921,4921.5,-0.019089000000000005
4922,4922.5,-0.019089000000000005
4923,4923.5,-0.019089000000000005
4924,4924.5,-0.019089000000000005
4925,4925.5,-0.019089000000000005
4926,4926.5,29.85836786642897
4927,4927.5,64.29144801229313
4928,4928.5,374.5290510241109
4929,4929.5,384.90307684092056
4930,4930.5,351.13446048159943
4931,4931.5,663.0081650207079
4932,4932.5,605.5043312969821
4933,4933.5,709.6584865251608
4934,4934.5,886.2035288769873
4935,4935.5,756.0471998764202
4936,4936.5,703.9509527031468
4937,4937.5,451.8372821382954
4938,4938.5,132.06990505375617
4939,4939.5,17.85379416409751
4940,4940.5,-0.019089000000000005
4941,4941.5,-0.019089000000000005
4942,4942.5,-0.019089000000000005
4943,4943.5,-0.019089000000000005
4944,4944.5,-0.019089000000000005
4945,4945.5,-0.019089000000000005
4946,4946.5,-0.019089000000000005
4947,4947.5,-0.019089000000000005
4948,4948.5,-0.019089000000000005
4949,4949.5,-0.019089000000000005
4950,4950.5,26.53474064521561
4951,4951.5,215.8081929270708
4952,4952.5,498.9170906779099
4953,4953.5,816.948447290571
4954,4954.5,1029.291535027256
4955,4955.5,1167.368265000525
4956,4956.5,1232.0920230777822
4957,4957.5,1226.1385256922342
4958,4958.5,1138.5339783020481
4959,4959.5,981.27326564653
4960,4960.5,761.6331837175964
4961,4961.5,452.83125384846835
4962,4962.5,163.18002174518298
4963,4963.5,14.785402934908687
4964,4964.5,-0.019089000000000005
4965,4965.5,-0.019089000000000005
4966,4966.5,-0.019089000000000005
4967,4967.5,-0.019089000000000005
4968,4968.5,-0.019089000000000005
4969,4969.5,-0.019089000000000005
4970,4970.5,-0.019089000000000005
4971,4971.5,-0.019089000000000005
4972,4972.5,-0.019089000000000005
4973,4973.5,-0.019089000000000005
4974,4974.5,25.681365651813547
4975,4975.5,220.17528089859934
4976,4976.5,494.19708054473136
4977,4977.5,754.8993597597364
4978,4978.5,926.0640730682642
4979,4979.5,1143.36692069951
4980,4980.5,1209.425235598921
4981,4981.5,1203.270676513953
4982,4982.5,1115.0068293563272
4983,4983.5,963.7658854669082
4984,4984.5,752.7564393154003
4985,4985.5,468.8082666044496
4986,4986.5,154.53447480277222
4987,4987.5,13.192670763374863
4988,4988.5,-0.019089000000000005
4989,4989.5,-0.019089000000000005
4990,4990.5,-0.019089000000000005
4991,4991.5,-0.019089000000000005
4992,4992.5,-0.019089000000000005
4993,4993.5,-0.019089000000000005
4994,4994.5,-0.019089000000000005
4995,4995.5,-0.019089000000000005
4996,4996.5,-0.019089000000000005
4997,4997.5,-0.019089000000000005
4998,4998.5,25.22429590834438
4999,4999.5,216.77008000202846
5000,5000.5,535.8377497127794
5001,5001.5,803.8072468746126
5002,5002.5,1006.2155267563581
5003,5003.5,1146.4893984097364
5004,5004.5,1212.1771281603542
5005,5005.5,1199.062802915213
5006,5006.5,1116.4823064014597
5007,5007.5,960.0124349368406
5008,5008.5,743.9520498472014
5009,5009.5,364.9822605922166
5010,5010.5,127.61338249079174
5011,5011.5,14.655542533676435
5012,5012.5,-0.019089000000000005
5013,5013.5,-0.019089000000000005
5014,5014.5,-0.019089000000000005
5015,5015.5,-0.019089000000000005
5016,5016.5,-0.019089000000000005
5017,5017.5,-0.019089000000000005
5018,5018.5,-0.019089000000000005
5019,5019.5,-0.019089000000000005
5020,5020.5,-0.019089000000000005
5021,5021.5,-0.019089000000000005
5022,5022.5,25.22388742711713
5023,5023.5,207.0715973943319
5024,5024.5,435.0005671108474
5025,5025.5,753.5389394658652
5026,5026.5,956.2548447708398
5027,5027.5,1094.4830697582524
5028,5028.5,1167.207079910048
5029,5029.5,1162.477655523247
5030,5030.5,1080.298711091878
5031,5031.5,930.4018808292032
5032,5032.5,719.765516416888
5033,5033.5,447.0603282419714
5034,5034.5,152.72871129236802
5035,5035.5,11.23787232694313
5036,5036.5,-0.019089000000000005
5037,5037.5,-0.019089000000000005
5038,5038.5,-0.019089000000000005
5039,5039.5,-0.019089000000000005
5040,5040.5,-0.019089000000000005
5041,5041.5,-0.019089000000000005
5042,5042.5,-0.019089000000000005
5043,5043.5,-0.019089000000000005
5044,5044.5,-0.019089000000000005
5045,5045.5,-0.019089000000000005
5046,5046.5,23.975734768082337
5047,5047.5,209.5038632615133
5048,5048.5,526.3391194227302
5049,5049.5,794.5492020756196
5050,5050.5,995.6224357855556
5051,5051.5,1133.9132076265773
5052,5052.5,1120.3408284334594
5053,5053.5,1180.820757332719
5054,5054.5,1098.2162776740306
5055,5055.5,943.3814811635746
5056,5056.5,732.2899007930158
5057,5057.5,455.08581399351857
5058,5058.5,153.98272050022973
5059,5059.5,12.082354570411693
5060,5060.5,-0.019089000000000005
5061,5061.5,-0.019089000000000005
5062,5062.5,-0.019089000000000005
5063,5063.5,-0.019089000000000005
5064,5064.5,-0.019089000000000005
5065,5065.5,-0.019089000000000005
5066,5066.5,-0.019089000000000005
5067,5067.5,-0.019089000000000005
5068,5068.5,-0.019089000000000005
5069,5069.5,-0.019089000000000005
5070,5070.5,27.152006604128818
5071,5071.5,206.68473693720492
5072,5072.5,501.62870870716176
5073,5073.5,751.9297910815027
5074,5074.5,944.5017302009932
5075,5075.5,1064.272519971786
5076,5076.5,1123.0123245556197
5077,5077.5,1117.1329543809418
5078,5078.5,1005.6994189802087
5079,5079.5,727.1004713083365
5080,5080.5,543.5350099758621
5081,5081.5,368.1951256795944
5082,5082.5,122.90985188482028
5083,5083.5,12.202684495016632
5084,5084.5,-0.019089000000000005
5085,5085.5,-0.019089000000000005
5086,5086.5,-0.019089000000000005
5087,5087.5,-0.019089000000000005
5088,5088.5,-0.019089000000000005
5089,5089.5,-0.019089000000000005
5090,5090.5,-0.019089000000000005
5091,5091.5,-0.019089000000000005
5092,5092.5,-0.019089000000000005
5093,5093.5,-0.019089000000000005
5094,5094.5,27.725018893062927
5095,5095.5,187.72622888244135
5096,5096.5,496.6807956455907
5097,5097.5,754.4119902685434
5098,5098.5,957.9384830091215
5099,5099.5,1097.357278732402
5100,5100.5,1170.4404785807565
5101,5101.5,1168.3757278274284
5102,5102.5,647.3435618758488
5103,5103.5,455.6607979289433
5104,5104.5,723.3325812262083
5105,5105.5,443.2669627058574
5106,5106.5,110.66476880110669
5107,5107.5,8.771398078418862
5108,5108.5,-0.019089000000000005
5109,5109.5,-0.019089000000000005
5110,5110.5,-0.019089000000000005
5111,5111.5,-0.019089000000000005
5112,5112.5,-0.019089000000000005
5113,5113.5,-0.019089000000000005
5114,5114.5,-0.019089000000000005
5115,5115.5,-0.019089000000000005
5116,5116.5,-0.019089000000000005
5117,5117.5,-0.019089000000000005
5118,5118.5,28.45552728693075
5119,5119.5,203.6295414043787
5120,5120.5,500.4588320888079
5121,5121.5,767.6042507161305
5122,5122.5,978.0152324434661
5123,5123.5,1117.0857218368403
5124,5124.5,1188.4204554905245
5125,5125.5,1177.0300901366948
5126,5126.5,1093.492488683114
5127,5127.5,938.296363429932
5128,5128.5,723.1745439329849
5129,5129.5,440.4428543567482
5130,5130.5,145.70493887591985
5131,5131.5,17.26564343720461
5132,5132.5,-0.019089000000000005
5133,5133.5,-0.019089000000000005
5134,5134.5,-0.019089000000000005
5135,5135.5,-0.019089000000000005
5136,5136.5,-0.019089000000000005
5137,5137.5,-0.019089000000000005
5138,5138.5,-0.019089000000000005
5139,5139.5,-0.019089000000000005
5140,5140.5,-0.019089000000000005
5141,5141.5,-0.019089000000000005
5142,5142.5,21.466754206659818
5143,5143.5,202.87913013058935
5144,5144.5,516.2776570935023
5145,5145.5,774.0636870038579
5146,5146.5,963.0753480150915
5147,5147.5,1074.2981419172563
5148,5148.5,1122.5283279573575
5149,5149.5,1114.1339283449108
5150,5150.5,1049.524407111888
5151,5151.5,906.456278650445
5152,5152.5,699.8577983266022
5153,5153.5,406.01888852721765
5154,5154.5,138.4639162321089
5155,5155.5,13.870439333572845
5156,5156.5,-0.019089000000000005
5157,5157.5,-0.019089000000000005
5158,5158.5,-0.019089000000000005
5159,5159.5,-0.019089000000000005
5160,5160.5,-0.019089000000000005
5161,5161.5,-0.019089000000000005
5162,5162.5,-0.019089000000000005
5163,5163.5,-0.019089000000000005
5164,5164.5,-0.019089000000000005
5165,5165.5,-0.019089000000000005
5166,5166.5,22.96915824370373
5167,5167.5,203.1394928164215
5168,5168.5,511.09424309622506
5169,5169.5,774.1902386744889
5170,5170.5,966.9488033560422
5171,5171.5,1100.5940108340424
5172,5172.5,1105.9402705050854
5173,5173.5,1143.5637781634564
5174,5174.5,1060.5661068654424
5175,5175.5,912.0120441793761
5176,5176.5,707.0496965471901
5177,5177.5,435.0506450830221
5178,5178.5,141.21927775111382
5179,5179.5,7.744145354898996
5180,5180.5,-0.019089000000000005
5181,5181.5,-0.019089000000000005
5182,5182.5,-0.019089000000000005
5183,5183.5,-0.019089000000000005
5184,5184.5,-0.019089000000000005
5185,5185.5,-0.019089000000000005
5186,5186.5,-0.019089000000000005
5187,5187.5,-0.019089000000000005
5188,5188.5,-0.019089000000000005
5189,5189.5,-0.019089000000000005
5190,5190.5,24.897292965691015
5191,5191.5,198.83025710458895
5192,5192.5,496.3483938729095
5193,5193.5,765.9607020886988
5194,5194.5,967.3423665255908
5195,5195.5,1101.1103456869305
5196,5196.5,1170.7360659054557
5197,5197.5,1165.5391184147868
5198,5198.5,1090.986796999381
5199,5199.5,944.5335612420934
5200,5200.5,734.5783193160931
5201,5201.5,454.0513168455691
5202,5202.5,144.01032733002256
5203,5203.5,7.393713738552086
5204,5204.5,-0.019089000000000005
5205,5205.5,-0.019089000000000005
5206,5206.5,-0.019089000000000005
5207,5207.5,-0.019089000000000005
5208,5208.5,-0.019089000000000005
5209,5209.5,-0.019089000000000005
5210,5210.5,-0.019089000000000005
5211,5211.5,-0.019089000000000005
5212,5212.5,-0.019089000000000005
5213,5213.5,-0.019089000000000005
5214,5214.5,18.164591452095966
5215,5215.5,203.81067699704755
5216,5216.5,526.6827523692812
5217,5217.5,787.3978459559004
5218,5218.5,982.195669609664
5219,5219.5,1110.957860438869
5220,5220.5,1166.992508751863
5221,5221.5,1152.9123782025822
5222,5222.5,1072.2500762357306
5223,5223.5,923.575575015311
5224,5224.5,714.0895933168714
5225,5225.5,438.13313733240796
5226,5226.5,138.30258955827517
5227,5227.5,8.900219122192507
5228,5228.5,-0.019089000000000005
5229,5229.5,-0.019089000000000005
5230,5230.5,-0.019089000000000005
5231,5231.5,-0.019089000000000005
5232,5232.5,-0.019089000000000005
5233,5233.5,-0.019089000000000005
5234,5234.5,-0.019089000000000005
5235,5235.5,-0.019089000000000005
5236,5236.5,-0.019089000000000005
5237,5237.5,-0.019089000000000005
5238,5238.5,19.756792207769198
5239,5239.5,198.14469967019252
5240,5240.5,494.14864243684286
5241,5241.5,738.5564552577874
5242,5242.5,922.5724330578757
5243,5243.5,1047.2273295886373
5244,5244.5,898.2963919084318
5245,5245.5,661.223168448744
5246,5246.5,157.34591958276297
5247,5247.5,916.1578052818049
5248,5248.5,702.9742357268507
5249,5249.5,425.79644397161604
5250,5250.5,-0.019089000000000005
5251,5251.5,-0.019089000000000005
5252,5252.5,-0.019089000000000005
5253,5253.5,-0.019089000000000005
5254,5254.5,-0.019089000000000005
5255,5255.5,-0.019089000000000005
5256,5256.5,-0.019089000000000005
5257,5257.5,-0.019089000000000005
5258,5258.5,-0.019089000000000005
5259,5259.5,-0.019089000000000005
5260,5260.5,-0.019089000000000005
5261,5261.5,-0.019089000000000005
5262,5262.5,18.91756988085093
5263,5263.5,203.824297474236
5264,5264.5,382.34624842204215
5265,5265.5,596.1156629495371
5266,5266.5,751.084828388093
5267,5267.5,626.3023518743908
5268,5268.5,1172.6015597549033
5269,5269.5,1153.7108859774191
5270,5270.5,739.0654404065484
5271,5271.5,412.6035388674258
5272,5272.5,645.5533507919768
5273,5273.5,428.7598692663001
5274,5274.5,138.0135220261908
5275,5275.5,9.871225937437107
5276,5276.5,-0.019089000000000005
5277,5277.5,-0.019089000000000005
5278,5278.5,-0.019089000000000005
5279,5279.5,-0.019089000000000005
5280,5280.5,-0.019089000000000005
5281,5281.5,-0.019089000000000005
5282,5282.5,-0.019089000000000005
5283,5283.5,-0.019089000000000005
5284,5284.5,-0.019089000000000005
5285,5285.5,-0.019089000000000005
5286,5286.5,17.8870259527407
5287,5287.5,48.34398882957937
5288,5288.5,251.1613671569367
5289,5289.5,200.36346770530463
5290,5290.5,607.755587872386
5291,5291.5,1180.228412658668
5292,5292.5,1236.0279001884103
5293,5293.5,1217.098764182377
5294,5294.5,1128.2612720721406
5295,5295.5,966.3998657358021
5296,5296.5,746.7829506893055
5297,5297.5,453.2247652870276
5298,5298.5,138.79198406425863
5299,5299.5,7.523479955299986
5300,5300.5,-0.019089000000000005
5301,5301.5,-0.019089000000000005
5302,5302.5,-0.019089000000000005
5303,5303.5,-0.019089000000000005
5304,5304.5,-0.019089000000000005
5305,5305.5,-0.019089000000000005
5306,5306.5,-0.019089000000000005
5307,5307.5,-0.019089000000000005
5308,5308.5,-0.019089000000000005
5309,5309.5,-0.019089000000000005
5310,5310.5,18.278767569988517
5311,5311.5,171.60647699779264
5312,5312.5,446.2488987394489
5313,5313.5,729.9590714640735
5314,5314.5,599.327800690501
5315,5315.5,1058.6373963729043
5316,5316.5,1089.6545114995743
5317,5317.5,1078.6230864676381
5318,5318.5,1030.3753778000164
5319,5319.5,899.0106972368447
5320,5320.5,692.9943952869893
5321,5321.5,401.6715755160953
5322,5322.5,131.6792757877239
5323,5323.5,6.81423847275667
5324,5324.5,-0.019089000000000005
5325,5325.5,-0.019089000000000005
5326,5326.5,-0.019089000000000005
5327,5327.5,-0.019089000000000005
5328,5328.5,-0.019089000000000005
5329,5329.5,-0.019089000000000005
5330,5330.5,-0.019089000000000005
5331,5331.5,-0.019089000000000005
5332,5332.5,-0.019089000000000005
5333,5333.5,-0.019089000000000005
5334,5334.5,2.9855388513874934
5335,5335.5,55.82465988085524
5336,5336.5,203.2026158546034
5337,5337.5,255.44270903769916
5338,5338.5,334.09095994310655
5339,5339.5,322.2358741160811
5340,5340.5,744.0786816899291
5341,5341.5,1030.6509792416723
5342,5342.5,1086.9319911201567
5343,5343.5,712.5541237050418
5344,5344.5,449.79568721661917
5345,5345.5,410.792019110007
5346,5346.5,118.4552620178227
5347,5347.5,4.345315899019111
5348,5348.5,-0.019089000000000005
5349,5349.5,-0.019089000000000005
5350,5350.5,-0.019089000000000005
5351,5351.5,-0.019089000000000005
5352,5352.5,-0.019089000000000005
5353,5353.5,-0.019089000000000005
5354,5354.5,-0.019089000000000005
5355,5355.5,-0.019089000000000005
5356,5356.5,-0.019089000000000005
5357,5357.5,-0.019089000000000005
5358,5358.5,10.324393571609063
5359,5359.5,152.16416359721413
5360,5360.5,235.6562255479125
5361,5361.5,687.5864736344524
5362,5362.5,967.71721757625
5363,5363.5,1102.3847611505166
5364,5364.5,1174.0129890549474
5365,5365.5,1039.6684382481578
5366,5366.5,601.437868018889
5367,5367.5,637.5848645353158
5368,5368.5,447.5672731959566
5369,5369.5,110.01660965996402
5370,5370.5,36.580748364308945
5371,5371.5,-0.019089000000000005
5372,5372.5,-0.019089000000000005
5373,5373.5,-0.019089000000000005
5374,5374.5,-0.019089000000000005
5375,5375.5,-0.019089000000000005
5376,5376.5,-0.019089000000000005
5377,5377.5,-0.019089000000000005
5378,5378.5,-0.019089000000000005
5379,5379.5,-0.019089000000000005
5380,5380.5,-0.019089000000000005
5381,5381.5,-0.019089000000000005
5382,5382.5,14.847202617779923
5383,5383.5,127.25015877653061
5384,5384.5,502.67469487965514
5385,5385.5,764.4920607483629
5386,5386.5,955.336776633879
5387,5387.5,1075.7149141128004
5388,5388.5,1117.639470944136
5389,5389.5,1103.8523170831352
5390,5390.5,714.3495165286797
5391,5391.5,907.3214346646186
5392,5392.5,701.3814717714231
5393,5393.5,220.25244480593173
5394,5394.5,126.12099606795631
5395,5395.5,-0.019089000000000005
5396,5396.5,-0.019089000000000005
5397,5397.5,-0.019089000000000005
5398,5398.5,-0.019089000000000005
5399,5399.5,-0.019089000000000005
5400,5400.5,-0.019089000000000005
5401,5401.5,-0.019089000000000005
5402,5402.5,-0.019089000000000005
5403,5403.5,-0.019089000000000005
5404,5404.5,-0.019089000000000005
5405,5405.5,-0.019089000000000005
5406,5406.5,15.14081643831869
5407,5407.5,98.66117936997514
5408,5408.5,275.3510182916469
5409,5409.5,346.35247180348085
5410,5410.5,828.004377322531
5411,5411.5,539.3869828404681
5412,5412.5,832.2930901375504
5413,5413.5,783.6665153327477
5414,5414.5,1097.2869615636916
5415,5415.5,848.3573352011964
5416,5416.5,724.1058047284527
5417,5417.5,321.27384395423394
5418,5418.5,114.83514477914139
5419,5419.5,-0.019089000000000005
5420,5420.5,-0.019089000000000005
5421,5421.5,-0.019089000000000005
5422,5422.5,-0.019089000000000005
5423,5423.5,-0.019089000000000005
5424,5424.5,-0.019089000000000005
5425,5425.5,-0.019089000000000005
5426,5426.5,-0.019089000000000005
5427,5427.5,-0.019089000000000005
5428,5428.5,-0.019089000000000005
5429,5429.5,-0.019089000000000005
5430,5430.5,13.43128621499177
5431,5431.5,196.531626406898
5432,5432.5,517.0614761102588
5433,5433.5,789.2414636578496
5434,5434.5,985.6762317225944
5435,5435.5,1110.3203326182386
5436,5436.5,1159.1834798625732
5437,5437.5,1136.7249980754025
5438,5438.5,1049.984052619072
5439,5439.5,910.7997334285573
5440,5440.5,705.7493640393861
5441,5441.5,422.0051809762821
5442,5442.5,120.30720768517415
5443,5443.5,-0.019089000000000005
5444,5444.5,-0.019089000000000005
5445,5445.5,-0.019089000000000005
5446,5446.5,-0.019089000000000005
5447,5447.5,-0.019089000000000005
5448,5448.5,-0.019089000000000005
5449,5449.5,-0.019089000000000005
5450,5450.5,-0.019089000000000005
5451,5451.5,-0.019089000000000005
5452,5452.5,-0.019089000000000005
5453,5453.5,-0.019089000000000005
5454,5454.5,12.456409751651986
5455,5455.5,192.22819289166054
5456,5456.5,502.50569569539607
5457,5457.5,763.7563637585586
5458,5458.5,966.4900234966112
5459,5459.5,1096.4908472967015
5460,5460.5,1159.6867151151607
5461,5461.5,1149.2793332812842
5462,5462.5,1068.1360752156709
5463,5463.5,923.0928872911829
5464,5464.5,707.1353314455073
5465,5465.5,418.61717515635047
5466,5466.5,119.4566729530331
5467,5467.5,-0.019089000000000005
5468,5468.5,-0.019089000000000005
5469,5469.5,-0.019089000000000005
5470,5470.5,-0.019089000000000005
5471,5471.5,-0.019089000000000005
5472,5472.5,-0.019089000000000005
5473,5473.5,-0.019089000000000005
5474,5474.5,-0.019089000000000005
5475,5475.5,-0.019089000000000005
5476,5476.5,-0.019089000000000005
5477,5477.5,-0.019089000000000005
5478,5478.5,11.889615158250235
5479,5479.5,191.27527243645213
5480,5480.5,500.1565698846204
5481,5481.5,776.7592770932323
5482,5482.5,990.7113809342666
5483,5483.5,1130.335784152409
5484,5484.5,1192.5158716073154
5485,5485.5,1174.1870318086771
5486,5486.5,1078.2007717884267
5487,5487.5,904.1272291016185
5488,5488.5,674.2289180757988
5489,5489.5,387.67133359626513
5490,5490.5,115.89824210235702
5491,5491.5,-0.019089000000000005
5492,5492.5,-0.019089000000000005
5493,5493.5,-0.019089000000000005
5494,5494.5,-0.019089000000000005
5495,5495.5,-0.019089000000000005
5496,5496.5,-0.019089000000000005
5497,5497.5,-0.019089000000000005
5498,5498.5,-0.019089000000000005
5499,5499.5,-0.019089000000000005
5500,5500.5,-0.019089000000000005
5501,5501.5,-0.019089000000000005
5502,5502.5,7.46869693715509
5503,5503.5,180.45198326886174
5504,5504.5,466.64038532676244
5505,5505.5,729.401817479294
5506,5506.5,934.3984983292855
5507,5507.5,1069.8336601958724
5508,5508.5,1176.2042590644692
5509,5509.5,1161.0375209309718
5510,5510.5,1068.1269688574987
5511,5511.5,912.7082427441885
5512,5512.5,580.036973590936
5513,5513.5,402.7963834152966
5514,5514.5,112.80147275872477
5515,5515.5,-0.019089000000000005
5516,5516.5,-0.019089000000000005
5517,5517.5,-0.019089000000000005
5518,5518.5,-0.019089000000000005
5519,5519.5,-0.019089000000000005
5520,5520.5,-0.019089000000000005
5521,5521.5,-0.019089000000000005
5522,5522.5,-0.019089000000000005
5523,5523.5,-0.019089000000000005
5524,5524.5,-0.019089000000000005
5525,5525.5,-0.019089000000000005
5526,5526.5,11.414394159371506
5527,5527.5,189.43605651089163
5528,5528.5,489.3730281668772
5529,5529.5,757.5458661352998
5530,5530.5,957.8055038860581
5531,5531.5,1079.6327705784104
5532,5532.5,1144.826051868733
5533,5533.5,1131.767681546562
5534,5534.5,1056.0621774048036
5535,5535.5,899.8518664079454
5536,5536.5,680.6589159333257
5537,5537.5,395.1233966716395
5538,5538.5,101.41816946844862
5539,5539.5,-0.019089000000000005
5540,5540.5,-0.019089000000000005
5541,5541.5,-0.019089000000000005
5542,5542.5,-0.019089000000000005
5543,5543.5,-0.019089000000000005
5544,5544.5,-0.019089000000000005
5545,5545.5,-0.019089000000000005
5546,5546.5,-0.019089000000000005
5547,5547.5,-0.019089000000000005
5548,5548.5,-0.019089000000000005
5549,5549.5,-0.019089000000000005
5550,5550.5,10.412870668847246
5551,5551.5,187.52329932888367
5552,5552.5,492.71458310900863
5553,5553.5,762.3456982359534
5554,5554.5,969.9929997828953
5555,5555.5,1109.4745512863656
5556,5556.5,1167.1432508215223
5557,5557.5,1152.6234201422333
5558,5558.5,1067.471420461157
5559,5559.5,924.4468959607331
5560,5560.5,695.4826955930355
5561,5561.5,399.8903701585043
5562,5562.5,107.97829930459635
5563,5563.5,-0.019089000000000005
5564,5564.5,-0.019089000000000005
5565,5565.5,-0.019089000000000005
5566,5566.5,-0.019089000000000005
5567,5567.5,-0.019089000000000005
5568,5568.5,-0.019089000000000005
5569,5569.5,-0.019089000000000005
5570,5570.5,-0.019089000000000005
5571,5571.5,-0.019089000000000005
5572,5572.5,-0.019089000000000005
5573,5573.5,-0.019089000000000005
5574,5574.5,9.628120887577767
5575,5575.5,187.247193010022
5576,5576.5,487.51835154121954
5577,5577.5,764.3911123470529
5578,5578.5,975.016227363867
5579,5579.5,1115.2229501112768
5580,5580.5,1197.805837358423
5581,5581.5,1184.5447764757778
5582,5582.5,1098.331470010372
5583,5583.5,940.1274781498112
5584,5584.5,712.9288394368195
5585,5585.5,411.4240094656175
5586,5586.5,106.02727473416643
5587,5587.5,-0.019089000000000005
5588,5588.5,-0.019089000000000005
5589,5589.5,-0.019089000000000005
5590,5590.5,-0.019089000000000005
5591,5591.5,-0.019089000000000005
5592,5592.5,-0.019089000000000005
5593,5593.5,-0.019089000000000005
5594,5594.5,-0.019089000000000005
5595,5595.5,-0.019089000000000005
5596,5596.5,-0.019089000000000005
5597,5597.5,-0.019089000000000005
5598,5598.5,9.569525072447066
5599,5599.5,159.7583404626845
5600,5600.5,518.8422796953452
5601,5601.5,793.5682452483293
5602,5602.5,992.5219584599356
5603,5603.5,1123.9397250042068
5604,5604.5,1183.8284950371653
5605,5605.5,1175.4481103914002
5606,5606.5,1089.2945815663818
5607,5607.5,932.3804764884441
5608,5608.5,702.9523392019868
5609,5609.5,404.21588811204373
5610,5610.5,103.0976473348992
5611,5611.5,-0.019089000000000005
5612,5612.5,-0.019089000000000005
5613,5613.5,-0.019089000000000005
5614,5614.5,-0.019089000000000005
5615,5615.5,-0.019089000000000005
5616,5616.5,-0.019089000000000005
5617,5617.5,-0.019089000000000005
5618,5618.5,-0.019089000000000005
5619,5619.5,-0.019089000000000005
5620,5620.5,-0.019089000000000005
5621,5621.5,-0.019089000000000005
5622,5622.5,8.565984957342149
5623,5623.5,188.54420184262054
5624,5624.5,508.7260331046156
5625,5625.5,779.4981903121593
5626,5626.5,988.22823399526
5627,5627.5,1124.0826122479577
5628,5628.5,1195.7085013852225
5629,5629.5,1182.0387311444222
5630,5630.5,921.5032175708814
5631,5631.5,931.0642252109888
5632,5632.5,702.1583925456126
5633,5633.5,397.48059265458124
5634,5634.5,97.99526800137748
5635,5635.5,-0.019089000000000005
5636,5636.5,-0.019089000000000005
5637,5637.5,-0.019089000000000005
5638,5638.5,-0.019089000000000005
5639,5639.5,-0.019089000000000005
5640,5640.5,-0.019089000000000005
5641,5641.5,-0.019089000000000005
5642,5642.5,-0.019089000000000005
5643,5643.5,-0.019089000000000005
5644,5644.5,-0.019089000000000005
5645,5645.5,-0.019089000000000005
5646,5646.5,10.36570082192769
5647,5647.5,184.56768064879265
5648,5648.5,504.66976925664284
5649,5649.5,781.3237567265919
5650,5650.5,993.3806667443874
5651,5651.5,1137.236597657701
5652,5652.5,1203.8838672410047
5653,5653.5,1188.3361099331776
5654,5654.5,1095.6469815905918
5655,5655.5,926.7778626159663
5656,5656.5,695.1564807625622
5657,5657.5,393.35066017787875
5658,5658.5,94.1719268533803
5659,5659.5,-0.019089000000000005
5660,5660.5,-0.019089000000000005
5661,5661.5,-0.019089000000000005
5662,5662.5,-0.019089000000000005
5663,5663.5,-0.019089000000000005
5664,5664.5,-0.019089000000000005
5665,5665.5,-0.019089000000000005
5666,5666.5,-0.019089000000000005
5667,5667.5,-0.019089000000000005
5668,5668.5,-0.019089000000000005
5669,5669.5,-0.019089000000000005
5670,5670.5,7.655022049859387
5671,5671.5,153.21009146379436
5672,5672.5,399.3099658075045
5673,5673.5,764.2421207587505
5674,5674.5,967.1597116683856
5675,5675.5,982.4393984607565
5676,5676.5,1049.8549072271971
5677,5677.5,1151.1198999047044
5678,5678.5,1072.5867290926008
5679,5679.5,896.3616298226086
5680,5680.5,182.17940266003123
5681,5681.5,188.39544956104456
5682,5682.5,92.37782974458257
5683,5683.5,-0.019089000000000005
5684,5684.5,-0.019089000000000005
5685,5685.5,-0.019089000000000005
5686,5686.5,-0.019089000000000005
5687,5687.5,-0.019089000000000005
5688,5688.5,-0.019089000000000005
5689,5689.5,-0.019089000000000005
5690,5690.5,-0.019089000000000005
5691,5691.5,-0.019089000000000005
5692,5692.5,-0.019089000000000005
5693,5693.5,-0.019089000000000005
5694,5694.5,8.604281089304147
5695,5695.5,184.29166972874046
5696,5696.5,507.96700386848073
5697,5697.5,782.7179192391044
5698,5698.5,989.1746451767556
5699,5699.5,1133.5398300265695
5700,5700.5,1205.3258811309604
5701,5701.5,1191.8238816464584
5702,5702.5,1101.2019511810568
5703,5703.5,939.9648264806038
5704,5704.5,706.964164424377
5705,5705.5,398.5228829428955
5706,5706.5,88.27942060491641
5707,5707.5,-0.019089000000000005
5708,5708.5,-0.019089000000000005
5709,5709.5,-0.019089000000000005
5710,5710.5,-0.019089000000000005
5711,5711.5,-0.019089000000000005
5712,5712.5,-0.019089000000000005
5713,5713.5,-0.019089000000000005
5714,5714.5,-0.019089000000000005
5715,5715.5,-0.019089000000000005
5716,5716.5,-0.019089000000000005
5717,5717.5,-0.019089000000000005
5718,5718.5,8.723686121568011
5719,5719.5,188.1112713029625
5720,5720.5,525.1408568665557
5721,5721.5,802.8490693686401
5722,5722.5,1007.1660400552332
5723,5723.5,1146.7995419087622
5724,5724.5,948.6342707741734
5725,5725.5,1191.7008721425118
5726,5726.5,1099.0656789393543
5727,5727.5,931.0689306876825
5728,5728.5,696.4182874105628
5729,5729.5,386.3242281386555
5730,5730.5,85.48772645377517
5731,5731.5,-0.019089000000000005
5732,5732.5,-0.019089000000000005
5733,5733.5,-0.019089000000000005
5734,5734.5,-0.019089000000000005
5735,5735.5,-0.019089000000000005
5736,5736.5,-0.019089000000000005
5737,5737.5,-0.019089000000000005
5738,5738.5,-0.019089000000000005
5739,5739.5,-0.019089000000000005
5740,5740.5,-0.019089000000000005
5741,5741.5,-0.019089000000000005
5742,5742.5,7.659800988185513
5743,5743.5,180.65384593801062
5744,5744.5,508.1269999085376
5745,5745.5,788.2480964806551
5746,5746.5,989.6206128571065
5747,5747.5,1125.062054468903
5748,5748.5,1027.5722144152678
5749,5749.5,1048.5900717279364
5750,5750.5,1003.1116589978452
5751,5751.5,567.0516217170808
5752,5752.5,437.2339508649631
5753,5753.5,200.50672626366463
5754,5754.5,52.01676986552548
5755,5755.5,-0.019089000000000005
5756,5756.5,-0.019089000000000005
5757,5757.5,-0.019089000000000005
5758,5758.5,-0.019089000000000005
5759,5759.5,-0.019089000000000005
5760,5760.5,-0.019089000000000005
5761,5761.5,-0.019089000000000005
5762,5762.5,-0.019089000000000005
5763,5763.5,-0.019089000000000005
5764,5764.5,-0.019089000000000005
5765,5765.5,-0.019089000000000005
5766,5766.5,7.660442012808443
5767,5767.5,180.53298687557785
5768,5768.5,509.73415336429093
5769,5769.5,789.3443685142103
5770,5770.5,992.23529143851
5771,5771.5,988.5993014432507
5772,5772.5,1004.6187437633355
5773,5773.5,961.7499956689987
5774,5774.5,933.0719701207111
5775,5775.5,602.3699858159398
5776,5776.5,524.6646340937604
5777,5777.5,271.68878887068234
5778,5778.5,74.61269270467308
5779,5779.5,-0.019089000000000005
5780,5780.5,-0.019089000000000005
5781,5781.5,-0.019089000000000005
5782,5782.5,-0.019089000000000005
5783,5783.5,-0.019089000000000005
5784,5784.5,-0.019089000000000005
5785,5785.5,-0.019089000000000005
5786,5786.5,-0.019089000000000005
5787,5787.5,-0.019089000000000005
5788,5788.5,-0.019089000000000005
5789,5789.5,-0.019089000000000005
5790,5790.5,6.576522316434817
5791,5791.5,181.56045326363886
5792,5792.5,516.7811303484476
5793,5793.5,793.6395646427569
5794,5794.5,991.4533396183975
5795,5795.5,1120.1428440369475
5796,5796.5,1170.793072703801
5797,5797.5,1152.0400957959264
5798,5798.5,1060.4749705790734
5799,5799.5,895.9103804993634
5800,5800.5,669.0961858146349
5801,5801.5,368.63693073191337
5802,5802.5,73.3969495381585
5803,5803.5,-0.019089000000000005
5804,5804.5,-0.019089000000000005
5805,5805.5,-0.019089000000000005
5806,5806.5,-0.019089000000000005
5807,5807.5,-0.019089000000000005
5808,5808.5,-0.019089000000000005
5809,5809.5,-0.019089000000000005
5810,5810.5,-0.019089000000000005
5811,5811.5,-0.019089000000000005
5812,5812.5,-0.019089000000000005
5813,5813.5,-0.019089000000000005
5814,5814.5,5.627326888149817
5815,5815.5,180.81923418237264
5816,5816.5,509.4190255036912
5817,5817.5,781.4238973809863
5818,5818.5,981.3317344918746
5819,5819.5,1114.4708573900202
5820,5820.5,1173.0289215327123
5821,5821.5,1151.9325686884367
5822,5822.5,1060.6366391406993
5823,5823.5,897.0087581349281
5824,5824.5,666.5229643878458
5825,5825.5,363.43746384987617
5826,5826.5,72.4058389273872
5827,5827.5,-0.019089000000000005
5828,5828.5,-0.019089000000000005
5829,5829.5,-0.019089000000000005
5830,5830.5,-0.019089000000000005
5831,5831.5,-0.019089000000000005
5832,5832.5,-0.019089000000000005
5833,5833.5,-0.019089000000000005
5834,5834.5,-0.019089000000000005
5835,5835.5,-0.019089000000000005
5836,5836.5,-0.019089000000000005
5837,5837.5,-0.019089000000000005
5838,5838.5,5.617430800609766
5839,5839.5,176.29589675294272
5840,5840.5,497.0321053184185
5841,5841.5,768.9377548771602
5842,5842.5,969.7323057032319
5843,5843.5,1076.1197134789484
5844,5844.5,1120.995984132485
5845,5845.5,710.0786378990537
5846,5846.5,645.119238649887
5847,5847.5,499.2016045655645
5848,5848.5,480.42903086596317
5849,5849.5,346.28178509114304
5850,5850.5,50.87726910440461
5851,5851.5,-0.019089000000000005
5852,5852.5,-0.019089000000000005
5853,5853.5,-0.019089000000000005
5854,5854.5,-0.019089000000000005
5855,5855.5,-0.019089000000000005
5856,5856.5,-0.019089000000000005
5857,5857.5,-0.019089000000000005
5858,5858.5,-0.019089000000000005
5859,5859.5,-0.019089000000000005
5860,5860.5,-0.019089000000000005
5861,5861.5,-0.019089000000000005
5862,5862.5,-0.019089000000000005
5863,5863.5,173.12263086791373
5864,5864.5,493.50135439339607
5865,5865.5,553.273432072001
5866,5866.5,976.0749652533626
5867,5867.5,1108.2024075026302
5868,5868.5,1165.5625689587343
5869,5869.5,1148.183940095166
5870,5870.5,1058.4115265213065
5871,5871.5,884.5843783465848
5872,5872.5,652.8920013264946
5873,5873.5,348.0408574238831
5874,5874.5,68.15729905276788
5875,5875.5,-0.019089000000000005
5876,5876.5,-0.019089000000000005
5877,5877.5,-0.019089000000000005
5878,5878.5,-0.019089000000000005
5879,5879.5,-0.019089000000000005
5880,5880.5,-0.019089000000000005
5881,5881.5,-0.019089000000000005
5882,5882.5,-0.019089000000000005
5883,5883.5,-0.019089000000000005
5884,5884.5,-0.019089000000000005
5885,5885.5,-0.019089000000000005
5886,5886.5,-0.019089000000000005
5887,5887.5,177.26287760223096
5888,5888.5,496.6051579821565
5889,5889.5,774.123437692672
5890,5890.5,978.1348110751459
5891,5891.5,1105.1819548772596
5892,5892.5,1166.721528250802
5893,5893.5,1150.524999152116
5894,5894.5,1060.5959149442147
5895,5895.5,902.0059802730982
5896,5896.5,669.4424403265673
5897,5897.5,355.76970144345535
5898,5898.5,64.63316729164681
5899,5899.5,-0.019089000000000005
5900,5900.5,-0.019089000000000005
5901,5901.5,-0.019089000000000005
5902,5902.5,-0.019089000000000005
5903,5903.5,-0.019089000000000005
5904,5904.5,-0.019089000000000005
5905,5905.5,-0.019089000000000005
5906,5906.5,-0.019089000000000005
5907,5907.5,-0.019089000000000005
5908,5908.5,-0.019089000000000005
5909,5909.5,-0.019089000000000005
5910,5910.5,-0.019089000000000005
5911,5911.5,177.53996496509876
5912,5912.5,506.08306838601584
5913,5913.5,780.0215564012011
5914,5914.5,960.490932183708
5915,5915.5,1062.2754612044648
5916,5916.5,1134.294979663405
5917,5917.5,1139.48555574491
5918,5918.5,1057.5520148695603
5919,5919.5,897.524441913414
5920,5920.5,665.8751878664226
5921,5921.5,354.13628837509935
5922,5922.5,60.815370978641184
5923,5923.5,-0.019089000000000005
5924,5924.5,-0.019089000000000005
5925,5925.5,-0.019089000000000005
5926,5926.5,-0.019089000000000005
5927,5927.5,-0.019089000000000005
5928,5928.5,-0.019089000000000005
5929,5929.5,-0.019089000000000005
5930,5930.5,-0.019089000000000005
5931,5931.5,-0.019089000000000005
5932,5932.5,-0.019089000000000005
5933,5933.5,-0.019089000000000005
5934,5934.5,-0.019089000000000005
5935,5935.5,181.09587858483806
5936,5936.5,514.5676191473129
5937,5937.5,785.1229859332434
5938,5938.5,982.1062130717918
5939,5939.5,1122.823684876057
5940,5940.5,1186.7823888043922
5941,5941.5,1173.9295759893002
5942,5942.5,1089.5596151198413
5943,5943.5,918.290854396754
5944,5944.5,681.0718347715526
5945,5945.5,361.5604444034641
5946,5946.5,58.930401899932114
5947,5947.5,-0.019089000000000005
5948,5948.5,-0.019089000000000005
5949,5949.5,-0.019089000000000005
5950,5950.5,-0.019089000000000005
5951,5951.5,-0.019089000000000005
5952,5952.5,-0.019089000000000005
5953,5953.5,-0.019089000000000005
5954,5954.5,-0.019089000000000005
5955,5955.5,-0.019089000000000005
5956,5956.5,-0.019089000000000005
5957,5957.5,-0.019089000000000005
5958,5958.5,-0.019089000000000005
5959,5959.5,174.36413844843332
5960,5960.5,501.1559587310913
5961,5961.5,776.4537487488795
5962,5962.5,970.3971877669361
5963,5963.5,1093.0415014475489
5964,5964.5,1154.8594626963973
5965,5965.5,1136.8164102594399
5966,5966.5,1043.787778638246
5967,5967.5,875.5445585840417
5968,5968.5,638.5290938358496
5969,5969.5,331.4958152850039
5970,5970.5,55.89494304834874
5971,5971.5,-0.019089000000000005
5972,5972.5,-0.019089000000000005
5973,5973.5,-0.019089000000000005
5974,5974.5,-0.019089000000000005
5975,5975.5,-0.019089000000000005
5976,5976.5,-0.019089000000000005
5977,5977.5,-0.019089000000000005
5978,5978.5,-0.019089000000000005
5979,5979.5,-0.019089000000000005
5980,5980.5,-0.019089000000000005
5981,5981.5,-0.019089000000000005
5982,5982.5,-0.019089000000000005
5983,5983.5,173.4100761718607
5984,5984.5,499.4139681273833
5985,5985.5,765.0079552433577
5986,5986.5,949.7961392799087
5987,5987.5,1085.461929742644
5988,5988.5,951.1755420675806
5989,5989.5,512.733604307229
5990,5990.5,749.2989352799434
5991,5991.5,758.6232486928049
5992,5992.5,436.6894541387259
5993,5993.5,325.44369523930675
5994,5994.5,51.79026070251525
5995,5995.5,-0.019089000000000005
5996,5996.5,-0.019089000000000005
5997,5997.5,-0.019089000000000005
5998,5998.5,-0.019089000000000005
5999,5999.5,-0.019089000000000005
6000,6000.5,-0.019089000000000005
6001,6001.5,-0.019089000000000005
6002,6002.5,-0.019089000000000005
6003,6003.5,-0.019089000000000005
6004,6004.5,-0.019089000000000005
6005,6005.5,-0.019089000000000005
6006,6006.5,-0.019089000000000005
6007,6007.5,170.27207344371462
6008,6008.5,491.0711314129287
6009,6009.5,763.7065402960523
6010,6010.5,964.9610519022467
6011,6011.5,1101.4795479564602
6012,6012.5,589.0029363418814
6013,6013.5,1161.955905743099
6014,6014.5,791.4856121445853
6015,6015.5,897.0368068437574
6016,6016.5,655.6172775398461
6017,6017.5,334.5455686421409
6018,6018.5,49.186091794423625
6019,6019.5,-0.019089000000000005
6020,6020.5,-0.019089000000000005
6021,6021.5,-0.019089000000000005
6022,6022.5,-0.019089000000000005
6023,6023.5,-0.019089000000000005
6024,6024.5,-0.019089000000000005
6025,6025.5,-0.019089000000000005
6026,6026.5,-0.019089000000000005
6027,6027.5,-0.019089000000000005
6028,6028.5,-0.019089000000000005
6029,6029.5,-0.019089000000000005
6030,6030.5,-0.019089000000000005
6031,6031.5,174.12917892743386
6032,6032.5,514.171595802034
6033,6033.5,800.4194830993125
6034,6034.5,1010.9984673970753
6035,6035.5,1151.5671358980821
6036,6036.5,1216.4820668425193
6037,6037.5,1195.7468729656273
6038,6038.5,1094.096881065438
6039,6039.5,905.7474168796584
6040,6040.5,657.1458152103822
6041,6041.5,331.91043563162975
6042,6042.5,45.848543390355445
6043,6043.5,-0.019089000000000005
6044,6044.5,-0.019089000000000005
6045,6045.5,-0.019089000000000005
6046,6046.5,-0.019089000000000005
6047,6047.5,-0.019089000000000005
6048,6048.5,-0.019089000000000005
6049,6049.5,-0.019089000000000005
6050,6050.5,-0.019089000000000005
6051,6051.5,-0.019089000000000005
6052,6052.5,-0.019089000000000005
6053,6053.5,-0.019089000000000005
6054,6054.5,-0.019089000000000005
6055,6055.5,166.02901248969533
6056,6056.5,491.15855352319625
6057,6057.5,773.5754226214657
6058,6058.5,987.2290904159294
6059,6059.5,592.3021140336555
6060,6060.5,624.4568797958397
6061,6061.5,945.2150163291657
6062,6062.5,923.8084120871625
6063,6063.5,657.5235626268487
6064,6064.5,472.8291745216015
6065,6065.5,318.9111257416586
6066,6066.5,43.361806693797135
6067,6067.5,-0.019089000000000005
6068,6068.5,-0.019089000000000005
6069,6069.5,-0.019089000000000005
6070,6070.5,-0.019089000000000005
6071,6071.5,-0.019089000000000005
6072,6072.5,-0.019089000000000005
6073,6073.5,-0.019089000000000005
6074,6074.5,-0.019089000000000005
6075,6075.5,-0.019089000000000005
6076,6076.5,-0.019089000000000005
6077,6077.5,-0.019089000000000005
6078,6078.5,-0.019089000000000005
6079,6079.5,37.52461199489069
6080,6080.5,211.04874770712883
6081,6081.5,273.28760628510173
6082,6082.5,453.74290978602943
6083,6083.5,711.1636789386879
6084,6084.5,806.4150617690852
6085,6085.5,828.1358345549621
6086,6086.5,672.5948712574755
6087,6087.5,437.81934905664974
6088,6088.5,219.9477067029818
6089,6089.5,150.98260720980696
6090,6090.5,34.82724433079148
6091,6091.5,-0.019089000000000005
6092,6092.5,-0.019089000000000005
6093,6093.5,-0.019089000000000005
6094,6094.5,-0.019089000000000005
6095,6095.5,-0.019089000000000005
6096,6096.5,-0.019089000000000005
6097,6097.5,-0.019089000000000005
6098,6098.5,-0.019089000000000005
6099,6099.5,-0.019089000000000005
6100,6100.5,-0.019089000000000005
6101,6101.5,-0.019089000000000005
6102,6102.5,-0.019089000000000005
6103,6103.5,72.56017215770765
6104,6104.5,372.90826347033675
6105,6105.5,585.6286138716501
6106,6106.5,834.1188503786046
6107,6107.5,1121.7423853022767
6108,6108.5,1176.7750556951187
6109,6109.5,1006.6877315634467
6110,6110.5,892.58746474878
6111,6111.5,776.3124837958421
6112,6112.5,633.1658410404774
6113,6113.5,310.32670626104834
6114,6114.5,37.74066098457818
6115,6115.5,-0.019089000000000005
6116,6116.5,-0.019089000000000005
6117,6117.5,-0.019089000000000005
6118,6118.5,-0.019089000000000005
6119,6119.5,-0.019089000000000005
6120,6120.5,-0.019089000000000005
6121,6121.5,-0.019089000000000005
6122,6122.5,-0.019089000000000005
6123,6123.5,-0.019089000000000005
6124,6124.5,-0.019089000000000005
6125,6125.5,-0.019089000000000005
6126,6126.5,-0.019089000000000005
6127,6127.5,54.95861721393935
6128,6128.5,432.3773244124165
6129,6129.5,653.1519882021627
6130,6130.5,757.1159906512981
6131,6131.5,827.5033119714022
6132,6132.5,824.9767034742482
6133,6133.5,274.81808504074155
6134,6134.5,805.2141663451326
6135,6135.5,375.34732763958345
6136,6136.5,352.76257275909484
6137,6137.5,182.77882778234698
6138,6138.5,6.507123866011186
6139,6139.5,-0.019089000000000005
6140,6140.5,-0.019089000000000005
6141,6141.5,-0.019089000000000005
6142,6142.5,-0.019089000000000005
6143,6143.5,-0.019089000000000005
6144,6144.5,-0.019089000000000005
6145,6145.5,-0.019089000000000005
6146,6146.5,-0.019089000000000005
6147,6147.5,-0.019089000000000005
6148,6148.5,-0.019089000000000005
6149,6149.5,-0.019089000000000005
6150,6150.5,-0.019089000000000005
6151,6151.5,110.55915762344065
6152,6152.5,296.4990700540116
6153,6153.5,628.1147681793989
6154,6154.5,1011.7592610748845
6155,6155.5,1153.3091380921644
6156,6156.5,1011.8458814144141
6157,6157.5,977.8724632995655
6158,6158.5,343.89930391781917
6159,6159.5,503.1130455532199
6160,6160.5,150.16191085677335
6161,6161.5,177.11713281110107
6162,6162.5,20.85437448074417
6163,6163.5,-0.019089000000000005
6164,6164.5,-0.019089000000000005
6165,6165.5,-0.019089000000000005
6166,6166.5,-0.019089000000000005
6167,6167.5,-0.019089000000000005
6168,6168.5,-0.019089000000000005
6169,6169.5,-0.019089000000000005
6170,6170.5,-0.019089000000000005
6171,6171.5,-0.019089000000000005
6172,6172.5,-0.019089000000000005
6173,6173.5,-0.019089000000000005
6174,6174.5,-0.019089000000000005
6175,6175.5,46.63962011181469
6176,6176.5,309.77037002898584
6177,6177.5,400.216220231235
6178,6178.5,486.4524906457413
6179,6179.5,656.8755803232339
6180,6180.5,421.46731790575507
6181,6181.5,479.72839595653033
6182,6182.5,620.2583496862453
6183,6183.5,332.57870906288906
6184,6184.5,232.36510754696374
6185,6185.5,130.11968565057725
6186,6186.5,15.28895170777112
6187,6187.5,-0.019089000000000005
6188,6188.5,-0.019089000000000005
6189,6189.5,-0.019089000000000005
6190,6190.5,-0.019089000000000005
6191,6191.5,-0.019089000000000005
6192,6192.5,-0.019089000000000005
6193,6193.5,-0.019089000000000005
6194,6194.5,-0.019089000000000005
6195,6195.5,-0.019089000000000005
6196,6196.5,-0.019089000000000005
6197,6197.5,-0.019089000000000005
6198,6198.5,-0.019089000000000005
6199,6199.5,158.51337992339023
6200,6200.5,485.6060630477963
6201,6201.5,766.5484286724441
6202,6202.5,975.7134877030145
6203,6203.5,1100.0822679423147
6204,6204.5,1140.6989564055577
6205,6205.5,1106.1104828944133
6206,6206.5,180.72010083917857
6207,6207.5,85.3276818074075
6208,6208.5,66.0066307081207
6209,6209.5,76.07641932235536
6210,6210.5,5.6027523494095215
6211,6211.5,-0.019089000000000005
6212,6212.5,-0.019089000000000005
6213,6213.5,-0.019089000000000005
6214,6214.5,-0.019089000000000005
6215,6215.5,-0.019089000000000005
6216,6216.5,-0.019089000000000005
6217,6217.5,-0.019089000000000005
6218,6218.5,-0.019089000000000005
6219,6219.5,-0.019089000000000005
6220,6220.5,-0.019089000000000005
6221,6221.5,-0.019089000000000005
6222,6222.5,-0.019089000000000005
6223,6223.5,146.6935697311769
6224,6224.5,295.2427553015015
6225,6225.5,497.45789541364593
6226,6226.5,576.2008746804539
6227,6227.5,474.1215319134163
6228,6228.5,628.6698270488774
6229,6229.5,383.5367228361803
6230,6230.5,312.35942599148
6231,6231.5,270.7047581799736
6232,6232.5,625.2164287681214
6233,6233.5,3.7990541812043825
6234,6234.5,-0.019089000000000005
6235,6235.5,-0.019089000000000005
6236,6236.5,-0.019089000000000005
6237,6237.5,-0.019089000000000005
6238,6238.5,-0.019089000000000005
6239,6239.5,-0.019089000000000005
6240,6240.5,-0.019089000000000005
6241,6241.5,-0.019089000000000005
6242,6242.5,-0.019089000000000005
6243,6243.5,-0.019089000000000005
6244,6244.5,-0.019089000000000005
6245,6245.5,-0.019089000000000005
6246,6246.5,-0.019089000000000005
6247,6247.5,168.14326311697238
6248,6248.5,519.3394631483866
6249,6249.5,813.3576787237037
6250,6250.5,1028.7448484647318
6251,6251.5,1169.3049680704519
6252,6252.5,1223.5648099311911
6253,6253.5,1191.2726425988214
6254,6254.5,1079.6835594995803
6255,6255.5,885.8323617365472
6256,6256.5,628.1658070813819
6257,6257.5,288.8172038056213
6258,6258.5,18.20623421119021
6259,6259.5,-0.019089000000000005
6260,6260.5,-0.019089000000000005
6261,6261.5,-0.019089000000000005
6262,6262.5,-0.019089000000000005
6263,6263.5,-0.019089000000000005
6264,6264.5,-0.019089000000000005
6265,6265.5,-0.019089000000000005
6266,6266.5,-0.019089000000000005
6267,6267.5,-0.019089000000000005
6268,6268.5,-0.019089000000000005
6269,6269.5,-0.019089000000000005
6270,6270.5,-0.019089000000000005
6271,6271.5,160.8182383165714
6272,6272.5,272.57009557464295
6273,6273.5,429.27948831375176
6274,6274.5,507.516874398
6275,6275.5,526.4865943757769
6276,6276.5,988.0704354604292
6277,6277.5,978.2829619747587
6278,6278.5,524.9105442316437
6279,6279.5,718.4603696260409
6280,6280.5,529.6171606977425
6281,6281.5,118.36404321968138
6282,6282.5,8.161480513440342
6283,6283.5,-0.019089000000000005
6284,6284.5,-0.019089000000000005
6285,6285.5,-0.019089000000000005
6286,6286.5,-0.019089000000000005
6287,6287.5,-0.019089000000000005
6288,6288.5,-0.019089000000000005
6289,6289.5,-0.019089000000000005
6290,6290.5,-0.019089000000000005
6291,6291.5,-0.019089000000000005
6292,6292.5,-0.019089000000000005
6293,6293.5,-0.019089000000000005
6294,6294.5,-0.019089000000000005
6295,6295.5,39.54163931653728
6296,6296.5,50.00313532469379
6297,6297.5,178.2639212585065
6298,6298.5,303.97976714270385
6299,6299.5,338.8313815168996
6300,6300.5,576.8950543369365
6301,6301.5,398.3101148737975
6302,6302.5,472.68944014826485
6303,6303.5,303.9862953018316
6304,6304.5,332.23364152308557
6305,6305.5,294.25753639677964
6306,6306.5,16.062739859926126
6307,6307.5,-0.019089000000000005
6308,6308.5,-0.019089000000000005
6309,6309.5,-0.019089000000000005
6310,6310.5,-0.019089000000000005
6311,6311.5,-0.019089000000000005
6312,6312.5,-0.019089000000000005
6313,6313.5,-0.019089000000000005
6314,6314.5,-0.019089000000000005
6315,6315.5,-0.019089000000000005
6316,6316.5,-0.019089000000000005
6317,6317.5,-0.019089000000000005
6318,6318.5,-0.019089000000000005
6319,6319.5,176.78527085601925
6320,6320.5,541.1246945208601
6321,6321.5,834.3614117528905
6322,6322.5,1045.6866137578536
6323,6323.5,1176.7443376815409
6324,6324.5,1228.0440471784082
6325,6325.5,1197.8883672064485
6326,6326.5,1088.762001965029
6327,6327.5,901.1712633914462
6328,6328.5,642.7386430870339
6329,6329.5,293.17040073725207
6330,6330.5,14.618032742865093
6331,6331.5,-0.019089000000000005
6332,6332.5,-0.019089000000000005
6333,6333.5,-0.019089000000000005
6334,6334.5,-0.019089000000000005
6335,6335.5,-0.019089000000000005
6336,6336.5,-0.019089000000000005
6337,6337.5,-0.019089000000000005
6338,6338.5,-0.019089000000000005
6339,6339.5,-0.019089000000000005
6340,6340.5,-0.019089000000000005
6341,6341.5,-0.019089000000000005
6342,6342.5,-0.019089000000000005
6343,6343.5,176.42710623105202
6344,6344.5,547.4715725886248
6345,6345.5,853.870348243795
6346,6346.5,1071.6881546541374
6347,6347.5,1210.4537087609208
6348,6348.5,1248.08607
6349,6349.5,1237.4907402330748
6350,6350.5,1121.5691460741782
6351,6351.5,924.9751273786077
6352,6352.5,652.2052931198924
6353,6353.5,293.5966688631143
6354,6354.5,13.352062597418318
6355,6355.5,-0.019089000000000005
6356,6356.5,-0.019089000000000005
6357,6357.5,-0.019089000000000005
6358,6358.5,-0.019089000000000005
6359,6359.5,-0.019089000000000005
6360,6360.5,-0.019089000000000005
6361,6361.5,-0.019089000000000005
6362,6362.5,-0.019089000000000005
6363,6363.5,-0.019089000000000005
6364,6364.5,-0.019089000000000005
6365,6365.5,-0.019089000000000005
6366,6366.5,-0.019089000000000005
6367,6367.5,178.67211120583508
6368,6368.5,560.3729503769841
6369,6369.5,869.9275121357803
6370,6370.5,1087.5409903419757
6371,6371.5,1221.9951322061065
6372,6372.5,1248.08607
6373,6373.5,1223.1346616383112
6374,6374.5,1100.184414665539
6375,6375.5,900.1486103579783
6376,6376.5,630.7091521314616
6377,6377.5,279.68723579846386
6378,6378.5,10.883809618820111
6379,6379.5,-0.019089000000000005
6380,6380.5,-0.019089000000000005
6381,6381.5,-0.019089000000000005
6382,6382.5,-0.019089000000000005
6383,6383.5,-0.019089000000000005
6384,6384.5,-0.019089000000000005
6385,6385.5,-0.019089000000000005
6386,6386.5,-0.019089000000000005
6387,6387.5,-0.019089000000000005
6388,6388.5,-0.019089000000000005
6389,6389.5,-0.019089000000000005
6390,6390.5,-0.019089000000000005
6391,6391.5,167.1097993760514
6392,6392.5,526.4678184947193
6393,6393.5,816.7479984470509
6394,6394.5,999.3028906995455
6395,6395.5,1084.0674726697634
6396,6396.5,1104.8981514110008
6397,6397.5,1089.0773047284522
6398,6398.5,998.1102854887542
6399,6399.5,844.2869407626663
6400,6400.5,609.1343725057723
6401,6401.5,271.72158763200406
6402,6402.5,9.327569041169527
6403,6403.5,-0.019089000000000005
6404,6404.5,-0.019089000000000005
6405,6405.5,-0.019089000000000005
6406,6406.5,-0.019089000000000005
6407,6407.5,-0.019089000000000005
6408,6408.5,-0.019089000000000005
6409,6409.5,-0.019089000000000005
6410,6410.5,-0.019089000000000005
6411,6411.5,-0.019089000000000005
6412,6412.5,-0.019089000000000005
6413,6413.5,-0.019089000000000005
6414,6414.5,-0.019089000000000005
6415,6415.5,168.81212306301003
6416,6416.5,537.7757241620308
6417,6417.5,834.835472677266
6418,6418.5,1054.781720722309
6419,6419.5,1189.770013293096
6420,6420.5,1241.7887693112516
6421,6421.5,1207.3487983875525
6422,6422.5,1090.3947545348453
6423,6423.5,891.374461918482
6424,6424.5,624.1891080335632
6425,6425.5,267.6026538848742
6426,6426.5,7.714027198405059
6427,6427.5,-0.019089000000000005
6428,6428.5,-0.019089000000000005
6429,6429.5,-0.019089000000000005
6430,6430.5,-0.019089000000000005
6431,6431.5,-0.019089000000000005
6432,6432.5,-0.019089000000000005
6433,6433.5,-0.019089000000000005
6434,6434.5,-0.019089000000000005
6435,6435.5,-0.019089000000000005
6436,6436.5,-0.019089000000000005
6437,6437.5,-0.019089000000000005
6438,6438.5,-0.019089000000000005
6439,6439.5,155.71549611730975
6440,6440.5,508.90553805855234
6441,6441.5,798.5141116707218
6442,6442.5,1008.5380395899418
6443,6443.5,1134.300049384775
6444,6444.5,1187.62581695809
6445,6445.5,1158.3762175205013
6446,6446.5,1044.937988980207
6447,6447.5,585.7718407299645
6448,6448.5,216.46211369381675
6449,6449.5,1.5214588162038036
6450,6450.5,-0.019089000000000005
6451,6451.5,-0.019089000000000005
6452,6452.5,-0.019089000000000005
6453,6453.5,-0.019089000000000005
6454,6454.5,-0.019089000000000005
6455,6455.5,-0.019089000000000005
6456,6456.5,-0.019089000000000005
6457,6457.5,-0.019089000000000005
6458,6458.5,-0.019089000000000005
6459,6459.5,-0.019089000000000005
6460,6460.5,-0.019089000000000005
6461,6461.5,-0.019089000000000005
6462,6462.5,-0.019089000000000005
6463,6463.5,146.9134085683467
6464,6464.5,493.24958741182786
6465,6465.5,788.625747584774
6466,6466.5,998.6682720167146
6467,6467.5,508.7246427659336
6468,6468.5,752.9471180394276
6469,6469.5,672.0751494993972
6470,6470.5,645.0958636226593
6471,6471.5,268.7580932028237
6472,6472.5,385.72788526181887
6473,6473.5,221.4378573677182
6474,6474.5,-0.019089000000000005
6475,6475.5,-0.019089000000000005
6476,6476.5,-0.019089000000000005
6477,6477.5,-0.019089000000000005
6478,6478.5,-0.019089000000000005
6479,6479.5,-0.019089000000000005
6480,6480.5,-0.019089000000000005
6481,6481.5,-0.019089000000000005
6482,6482.5,-0.019089000000000005
6483,6483.5,-0.019089000000000005
6484,6484.5,-0.019089000000000005
6485,6485.5,-0.019089000000000005
6486,6486.5,-0.019089000000000005
6487,6487.5,168.27018491228142
6488,6488.5,560.0355141878001
6489,6489.5,888.0884870098245
6490,6490.5,1121.645974813803
6491,6491.5,1248.08607
6492,6492.5,1248.08607
6493,6493.5,1248.08607
6494,6494.5,1138.7929610322096
6495,6495.5,927.3102651225765
6496,6496.5,645.0270241067643
6497,6497.5,270.2121481900945
6498,6498.5,-0.019089000000000005
6499,6499.5,-0.019089000000000005
6500,6500.5,-0.019089000000000005
6501,6501.5,-0.019089000000000005
6502,6502.5,-0.019089000000000005
6503,6503.5,-0.019089000000000005
6504,6504.5,-0.019089000000000005
6505,6505.5,-0.019089000000000005
6506,6506.5,-0.019089000000000005
6507,6507.5,-0.019089000000000005
6508,6508.5,-0.019089000000000005
6509,6509.5,-0.019089000000000005
6510,6510.5,-0.019089000000000005
6511,6511.5,176.50365648372286
6512,6512.5,564.2764375407033
6513,6513.5,873.8875000690928
6514,6514.5,1094.7932350725212
6515,6515.5,1226.1816595001783
6516,6516.5,1248.08607
6517,6517.5,1240.5631023618478
6518,6518.5,1111.8920070428765
6519,6519.5,902.6293638177258
6520,6520.5,620.003614383472
6521,6521.5,257.3003370425002
6522,6522.5,-0.019089000000000005
6523,6523.5,-0.019089000000000005
6524,6524.5,-0.019089000000000005
6525,6525.5,-0.019089000000000005
6526,6526.5,-0.019089000000000005
6527,6527.5,-0.019089000000000005
6528,6528.5,-0.019089000000000005
6529,6529.5,-0.019089000000000005
6530,6530.5,-0.019089000000000005
6531,6531.5,-0.019089000000000005
6532,6532.5,-0.019089000000000005
6533,6533.5,-0.019089000000000005
6534,6534.5,-0.019089000000000005
6535,6535.5,171.77538622234667
6536,6536.5,404.3448622533291
6537,6537.5,688.6707108043163
6538,6538.5,728.4579373885944
6539,6539.5,999.8479941729094
6540,6540.5,1044.1517740524316
6541,6541.5,1121.073547144957
6542,6542.5,1017.8212203682142
6543,6543.5,842.5808422020131
6544,6544.5,587.1026935097382
6545,6545.5,243.79328846443514
6546,6546.5,-0.019089000000000005
6547,6547.5,-0.019089000000000005
6548,6548.5,-0.019089000000000005
6549,6549.5,-0.019089000000000005
6550,6550.5,-0.019089000000000005
6551,6551.5,-0.019089000000000005
6552,6552.5,-0.019089000000000005
6553,6553.5,-0.019089000000000005
6554,6554.5,-0.019089000000000005
6555,6555.5,-0.019089000000000005
6556,6556.5,-0.019089000000000005
6557,6557.5,-0.019089000000000005
6558,6558.5,-0.019089000000000005
6559,6559.5,159.73436717216705
6560,6560.5,524.7303953784442
6561,6561.5,807.3374385692799
6562,6562.5,1007.5706639042422
6563,6563.5,1140.934101727247
6564,6564.5,1194.5198191443822
6565,6565.5,1161.453826347732
6566,6566.5,1047.513989475544
6567,6567.5,856.3957655351293
6568,6568.5,586.6532891318471
6569,6569.5,233.55795221652468
6570,6570.5,-0.019089000000000005
6571,6571.5,-0.019089000000000005
6572,6572.5,-0.019089000000000005
6573,6573.5,-0.019089000000000005
6574,6574.5,-0.019089000000000005
6575,6575.5,-0.019089000000000005
6576,6576.5,-0.019089000000000005
6577,6577.5,-0.019089000000000005
6578,6578.5,-0.019089000000000005
6579,6579.5,-0.019089000000000005
6580,6580.5,-0.019089000000000005
6581,6581.5,-0.019089000000000005
6582,6582.5,-0.019089000000000005
6583,6583.5,153.16504027423844
6584,6584.5,510.0015762482008
6585,6585.5,791.012183493259
6586,6586.5,986.2310888903544
6587,6587.5,1109.653867791856
6588,6588.5,1165.9449248131498
6589,6589.5,1140.6263007572197
6590,6590.5,1035.8968940638579
6591,6591.5,849.8723767712237
6592,6592.5,582.3359918058246
6593,6593.5,231.73942433934647
6594,6594.5,-0.019089000000000005
6595,6595.5,-0.019089000000000005
6596,6596.5,-0.019089000000000005
6597,6597.5,-0.019089000000000005
6598,6598.5,-0.019089000000000005
6599,6599.5,-0.019089000000000005
6600,6600.5,-0.019089000000000005
6601,6601.5,-0.019089000000000005
6602,6602.5,-0.019089000000000005
6603,6603.5,-0.019089000000000005
6604,6604.5,-0.019089000000000005
6605,6605.5,-0.019089000000000005
6606,6606.5,-0.019089000000000005
6607,6607.5,159.7758321442232
6608,6608.5,540.9045029038006
6609,6609.5,844.8159691948949
6610,6610.5,1060.9728925239365
6611,6611.5,1202.926685256956
6612,6612.5,1248.08607
6613,6613.5,1213.5515635802562
6614,6614.5,1085.9598474334375
6615,6615.5,874.5211190302635
6616,6616.5,585.3699719555729
6617,6617.5,220.8621822032598
6618,6618.5,-0.019089000000000005
6619,6619.5,-0.019089000000000005
6620,6620.5,-0.019089000000000005
6621,6621.5,-0.019089000000000005
6622,6622.5,-0.019089000000000005
6623,6623.5,-0.019089000000000005
6624,6624.5,-0.019089000000000005
6625,6625.5,-0.019089000000000005
6626,6626.5,-0.019089000000000005
6627,6627.5,-0.019089000000000005
6628,6628.5,-0.019089000000000005
6629,6629.5,-0.019089000000000005
6630,6630.5,-0.019089000000000005
6631,6631.5,152.04184359987303
6632,6632.5,522.2764989309886
6633,6633.5,828.9541280365942
6634,6634.5,1038.714855403124
6635,6635.5,1172.4458540916191
6636,6636.5,1221.6911775117348
6637,6637.5,1184.127998679763
6638,6638.5,1058.8228749997797
6639,6639.5,857.4840441244527
6640,6640.5,568.3017775393098
6641,6641.5,211.5198045172301
6642,6642.5,-0.019089000000000005
6643,6643.5,-0.019089000000000005
6644,6644.5,-0.019089000000000005
6645,6645.5,-0.019089000000000005
6646,6646.5,-0.019089000000000005
6647,6647.5,-0.019089000000000005
6648,6648.5,-0.019089000000000005
6649,6649.5,-0.019089000000000005
6650,6650.5,-0.019089000000000005
6651,6651.5,-0.019089000000000005
6652,6652.5,-0.019089000000000005
6653,6653.5,-0.019089000000000005
6654,6654.5,-0.019089000000000005
6655,6655.5,155.7528619278754
6656,6656.5,549.2573980029881
6657,6657.5,878.508187276182
6658,6658.5,1111.7386223354072
6659,6659.5,1248.08607
6660,6660.5,1248.08607
6661,6661.5,1248.08607
6662,6662.5,1127.8595571378373
6663,6663.5,914.7941890034621
6664,6664.5,615.2590836527759
6665,6665.5,230.98274555402259
6666,6666.5,-0.019089000000000005
6667,6667.5,-0.019089000000000005
6668,6668.5,-0.019089000000000005
6669,6669.5,-0.019089000000000005
6670,6670.5,-0.019089000000000005
6671,6671.5,-0.019089000000000005
6672,6672.5,-0.019089000000000005
6673,6673.5,-0.019089000000000005
6674,6674.5,-0.019089000000000005
6675,6675.5,-0.019089000000000005
6676,6676.5,-0.019089000000000005
6677,6677.5,-0.019089000000000005
6678,6678.5,-0.019089000000000005
6679,6679.5,158.31592095557863
6680,6680.5,542.3130154070468
6681,6681.5,848.059707748065
6682,6682.5,1068.943335868096
6683,6683.5,1201.6678540922055
6684,6684.5,1248.08607
6685,6685.5,1213.9399928620899
6686,6686.5,1084.0086357285397
6687,6687.5,880.5521346787493
6688,6688.5,587.395960531638
6689,6689.5,217.5664139585957
6690,6690.5,-0.019089000000000005
6691,6691.5,-0.019089000000000005
6692,6692.5,-0.019089000000000005
6693,6693.5,-0.019089000000000005
6694,6694.5,-0.019089000000000005
6695,6695.5,-0.019089000000000005
6696,6696.5,-0.019089000000000005
6697,6697.5,-0.019089000000000005
6698,6698.5,-0.019089000000000005
6699,6699.5,-0.019089000000000005
6700,6700.5,-0.019089000000000005
6701,6701.5,-0.019089000000000005
6702,6702.5,-0.019089000000000005
6703,6703.5,150.8157266077596
6704,6704.5,519.2172245018353
6705,6705.5,811.3348826372232
6706,6706.5,1020.6120435042834
6707,6707.5,1151.6228050309978
6708,6708.5,1197.551712688384
6709,6709.5,1164.2513911843296
6710,6710.5,1050.074920840743
6711,6711.5,851.8678151817933
6712,6712.5,571.6241977396672
6713,6713.5,207.42731036925184
6714,6714.5,-0.019089000000000005
6715,6715.5,-0.019089000000000005
6716,6716.5,-0.019089000000000005
6717,6717.5,-0.019089000000000005
6718,6718.5,-0.019089000000000005
6719,6719.5,-0.019089000000000005
6720,6720.5,-0.019089000000000005
6721,6721.5,-0.019089000000000005
6722,6722.5,-0.019089000000000005
6723,6723.5,-0.019089000000000005
6724,6724.5,-0.019089000000000005
6725,6725.5,-0.019089000000000005
6726,6726.5,-0.019089000000000005
6727,6727.5,146.3153282456529
6728,6728.5,523.0780261807893
6729,6729.5,842.4878556704261
6730,6730.5,850.8337836396366
6731,6731.5,976.9683604710127
6732,6732.5,1172.2399215024727
6733,6733.5,1027.444585130532
6734,6734.5,1034.2784218297452
6735,6735.5,578.0487538028283
6736,6736.5,576.6444324669183
6737,6737.5,203.32963910663403
6738,6738.5,-0.019089000000000005
6739,6739.5,-0.019089000000000005
6740,6740.5,-0.019089000000000005
6741,6741.5,-0.019089000000000005
6742,6742.5,-0.019089000000000005
6743,6743.5,-0.019089000000000005
6744,6744.5,-0.019089000000000005
6745,6745.5,-0.019089000000000005
6746,6746.5,-0.019089000000000005
6747,6747.5,-0.019089000000000005
6748,6748.5,-0.019089000000000005
6749,6749.5,-0.019089000000000005
6750,6750.5,-0.019089000000000005
6751,6751.5,121.18965188702072
6752,6752.5,495.5989441075426
6753,6753.5,805.6480188325373
6754,6754.5,1025.4587104620032
6755,6755.5,1067.92353738021
6756,6756.5,1194.277984127202
6757,6757.5,1156.5526185915019
6758,6758.5,1028.554971182557
6759,6759.5,830.88403411328
6760,6760.5,546.9952290214638
6761,6761.5,188.323679879874
6762,6762.5,-0.019089000000000005
6763,6763.5,-0.019089000000000005
6764,6764.5,-0.019089000000000005
6765,6765.5,-0.019089000000000005
6766,6766.5,-0.019089000000000005
6767,6767.5,-0.019089000000000005
6768,6768.5,-0.019089000000000005
6769,6769.5,-0.019089000000000005
6770,6770.5,-0.019089000000000005
6771,6771.5,-0.019089000000000005
6772,6772.5,-0.019089000000000005
6773,6773.5,-0.019089000000000005
6774,6774.5,-0.019089000000000005
6775,6775.5,122.4318456270251
6776,6776.5,474.33831976019746
6777,6777.5,779.5221504637968
6778,6778.5,1001.2637321758476
6779,6779.5,1135.410780839613
6780,6780.5,1195.313531281524
6781,6781.5,1153.8909107658021
6782,6782.5,1021.0808438774916
6783,6783.5,809.0562599527658
6784,6784.5,512.4741681671852
6785,6785.5,159.32089469358306
6786,6786.5,-0.019089000000000005
6787,6787.5,-0.019089000000000005
6788,6788.5,-0.019089000000000005
6789,6789.5,-0.019089000000000005
6790,6790.5,-0.019089000000000005
6791,6791.5,-0.019089000000000005
6792,6792.5,-0.019089000000000005
6793,6793.5,-0.019089000000000005
6794,6794.5,-0.019089000000000005
6795,6795.5,-0.019089000000000005
6796,6796.5,-0.019089000000000005
6797,6797.5,-0.019089000000000005
6798,6798.5,-0.019089000000000005
6799,6799.5,149.09848893457712
6800,6800.5,545.0285378344528
6801,6801.5,865.6281681488124
6802,6802.5,1093.5247839997558
6803,6803.5,1232.381518523217
6804,6804.5,1248.08607
6805,6805.5,1234.651954586343
6806,6806.5,1094.6493296835265
6807,6807.5,875.9547171569053
6808,6808.5,571.0543728801678
6809,6809.5,190.99834081560826
6810,6810.5,-0.019089000000000005
6811,6811.5,-0.019089000000000005
6812,6812.5,-0.019089000000000005
6813,6813.5,-0.019089000000000005
6814,6814.5,-0.019089000000000005
6815,6815.5,-0.019089000000000005
6816,6816.5,-0.019089000000000005
6817,6817.5,-0.019089000000000005
6818,6818.5,-0.019089000000000005
6819,6819.5,-0.019089000000000005
6820,6820.5,-0.019089000000000005
6821,6821.5,-0.019089000000000005
6822,6822.5,-0.019089000000000005
6823,6823.5,138.26754633903488
6824,6824.5,520.8397445529453
6825,6825.5,843.9123080266314
6826,6826.5,1062.552458414105
6827,6827.5,1188.0492229529314
6828,6828.5,1209.735348104601
6829,6829.5,1139.0043647832626
6830,6830.5,1002.7987207693576
6831,6831.5,808.5085806765437
6832,6832.5,531.5696661267626
6833,6833.5,174.24276194108043
6834,6834.5,-0.019089000000000005
6835,6835.5,-0.019089000000000005
6836,6836.5,-0.019089000000000005
6837,6837.5,-0.019089000000000005
6838,6838.5,-0.019089000000000005
6839,6839.5,-0.019089000000000005
6840,6840.5,-0.019089000000000005
6841,6841.5,-0.019089000000000005
6842,6842.5,-0.019089000000000005
6843,6843.5,-0.019089000000000005
6844,6844.5,-0.019089000000000005
6845,6845.5,-0.019089000000000005
6846,6846.5,-0.019089000000000005
6847,6847.5,78.34158365164743
6848,6848.5,17.543373370397717
6849,6849.5,45.265967086741135
6850,6850.5,130.59961470260356
6851,6851.5,247.9337361214854
6852,6852.5,159.15214411063508
6853,6853.5,450.03194987561034
6854,6854.5,269.9648882746355
6855,6855.5,175.5456793555246
6856,6856.5,104.31193721172374
6857,6857.5,117.5381873504144
6858,6858.5,-0.019089000000000005
6859,6859.5,-0.019089000000000005
6860,6860.5,-0.019089000000000005
6861,6861.5,-0.019089000000000005
6862,6862.5,-0.019089000000000005
6863,6863.5,-0.019089000000000005
6864,6864.5,-0.019089000000000005
6865,6865.5,-0.019089000000000005
6866,6866.5,-0.019089000000000005
6867,6867.5,-0.019089000000000005
6868,6868.5,-0.019089000000000005
6869,6869.5,-0.019089000000000005
6870,6870.5,-0.019089000000000005
6871,6871.5,34.167336428419404
6872,6872.5,157.74238745615446
6873,6873.5,165.3231091552557
6874,6874.5,699.9523567602948
6875,6875.5,734.3481431093159
6876,6876.5,682.3502120082821
6877,6877.5,286.79847640362675
6878,6878.5,613.83997147856
6879,6879.5,450.87463915160833
6880,6880.5,93.83526100909192
6881,6881.5,59.217083108164935
6882,6882.5,-0.019089000000000005
6883,6883.5,-0.019089000000000005
6884,6884.5,-0.019089000000000005
6885,6885.5,-0.019089000000000005
6886,6886.5,-0.019089000000000005
6887,6887.5,-0.019089000000000005
6888,6888.5,-0.019089000000000005
6889,6889.5,-0.019089000000000005
6890,6890.5,-0.019089000000000005
6891,6891.5,-0.019089000000000005
6892,6892.5,-0.019089000000000005
6893,6893.5,-0.019089000000000005
6894,6894.5,-0.019089000000000005
6895,6895.5,46.64443385449566
6896,6896.5,317.1587373045186
6897,6897.5,647.477571588342
6898,6898.5,902.9268508498708
6899,6899.5,1224.6115391512978
6900,6900.5,1248.08607
6901,6901.5,1223.374112332372
6902,6902.5,992.407248202843
6903,6903.5,686.6300791481394
6904,6904.5,550.6181314497078
6905,6905.5,167.30286296889685
6906,6906.5,-0.019089000000000005
6907,6907.5,-0.019089000000000005
6908,6908.5,-0.019089000000000005
6909,6909.5,-0.019089000000000005
6910,6910.5,-0.019089000000000005
6911,6911.5,-0.019089000000000005
6912,6912.5,-0.019089000000000005
6913,6913.5,-0.019089000000000005
6914,6914.5,-0.019089000000000005
6915,6915.5,-0.019089000000000005
6916,6916.5,-0.019089000000000005
6917,6917.5,-0.019089000000000005
6918,6918.5,-0.019089000000000005
6919,6919.5,2.6755821923010434
6920,6920.5,18.28633976195711
6921,6921.5,35.083841768137745
6922,6922.5,286.86101493214596
6923,6923.5,147.0312377846674
6924,6924.5,838.7921920885138
6925,6925.5,545.7164462368564
6926,6926.5,446.2855652986257
6927,6927.5,842.7348130330699
6928,6928.5,534.2889346509202
6929,6929.5,160.57937282618872
6930,6930.5,-0.019089000000000005
6931,6931.5,-0.019089000000000005
6932,6932.5,-0.019089000000000005
6933,6933.5,-0.019089000000000005
6934,6934.5,-0.019089000000000005
6935,6935.5,-0.019089000000000005
6936,6936.5,-0.019089000000000005
6937,6937.5,-0.019089000000000005
6938,6938.5,-0.019089000000000005
6939,6939.5,-0.019089000000000005
6940,6940.5,-0.019089000000000005
6941,6941.5,-0.019089000000000005
6942,6942.5,-0.019089000000000005
6943,6943.5,128.94906475418648
6944,6944.5,524.776837480242
6945,6945.5,840.6974189171926
6946,6946.5,1052.724463661959
6947,6947.5,1182.8403054128325
6948,6948.5,1231.973195489147
6949,6949.5,1186.9120168648583
6950,6950.5,1052.9431354305843
6951,6951.5,838.7948706419158
6952,6952.5,534.0456136713727
6953,6953.5,156.50760540023106
6954,6954.5,-0.019089000000000005
6955,6955.5,-0.019089000000000005
6956,6956.5,-0.019089000000000005
6957,6957.5,-0.019089000000000005
6958,6958.5,-0.019089000000000005
6959,6959.5,-0.019089000000000005
6960,6960.5,-0.019089000000000005
6961,6961.5,-0.019089000000000005
6962,6962.5,-0.019089000000000005
6963,6963.5,-0.019089000000000005
6964,6964.5,-0.019089000000000005
6965,6965.5,-0.019089000000000005
6966,6966.5,-0.019089000000000005
6967,6967.5,124.09144030321062
6968,6968.5,515.4296333311496
6969,6969.5,841.4805703998479
6970,6970.5,269.07917888034336
6971,6971.5,271.1815726636188
6972,6972.5,197.6729702276994
6973,6973.5,278.88520855125626
6974,6974.5,539.6055510260966
6975,6975.5,872.5945555821872
6976,6976.5,233.82933005204603
6977,6977.5,152.84368987246498
6978,6978.5,-0.019089000000000005
6979,6979.5,-0.019089000000000005
6980,6980.5,-0.019089000000000005
6981,6981.5,-0.019089000000000005
6982,6982.5,-0.019089000000000005
6983,6983.5,-0.019089000000000005
6984,6984.5,-0.019089000000000005
6985,6985.5,-0.019089000000000005
6986,6986.5,-0.019089000000000005
6987,6987.5,-0.019089000000000005
6988,6988.5,-0.019089000000000005
6989,6989.5,-0.019089000000000005
6990,6990.5,-0.019089000000000005
6991,6991.5,125.15398438515618
6992,6992.5,525.0043897445656
6993,6993.5,856.427282013998
6994,6994.5,1090.2581880908608
6995,6995.5,1228.1481174917565
6996,6996.5,1248.08607
6997,6997.5,1221.2425712201673
6998,6998.5,1076.4197028680478
6999,6999.5,847.2667745812494
7000,7000.5,532.5992083959901
7001,7001.5,147.45966050607254
7002,7002.5,-0.019089000000000005
7003,7003.5,-0.019089000000000005
7004,7004.5,-0.019089000000000005
7005,7005.5,-0.019089000000000005
7006,7006.5,-0.019089000000000005
7007,7007.5,-0.019089000000000005
7008,7008.5,-0.019089000000000005
7009,7009.5,-0.019089000000000005
7010,7010.5,-0.019089000000000005
7011,7011.5,-0.019089000000000005
7012,7012.5,-0.019089000000000005
7013,7013.5,-0.019089000000000005
7014,7014.5,-0.019089000000000005
7015,7015.5,123.71764456777181
7016,7016.5,522.4625372950231
7017,7017.5,842.3739403933506
7018,7018.5,1057.5464943501788
7019,7019.5,1183.551987286613
7020,7020.5,1220.545695536531
7021,7021.5,1168.6177261828768
7022,7022.5,1033.6748057460993
7023,7023.5,819.6559592414062
7024,7024.5,516.5021272495409
7025,7025.5,140.16258908201286
7026,7026.5,-0.019089000000000005
7027,7027.5,-0.019089000000000005
7028,7028.5,-0.019089000000000005
7029,7029.5,-0.019089000000000005
7030,7030.5,-0.019089000000000005
7031,7031.5,-0.019089000000000005
7032,7032.5,-0.019089000000000005
7033,7033.5,-0.019089000000000005
7034,7034.5,-0.019089000000000005
7035,7035.5,-0.019089000000000005
7036,7036.5,-0.019089000000000005
7037,7037.5,-0.019089000000000005
7038,7038.5,-0.019089000000000005
7039,7039.5,101.45896746074463
7040,7040.5,467.0681308714032
7041,7041.5,790.7538013798954
7042,7042.5,1026.051584401429
7043,7043.5,1163.3291547194451
7044,7044.5,1220.2873688720401
7045,7045.5,1174.5041708800068
7046,7046.5,1040.2487121972338
7047,7047.5,825.9628713424944
7048,7048.5,516.1229183265551
7049,7049.5,137.51178635478712
7050,7050.5,-0.019089000000000005
7051,7051.5,-0.019089000000000005
7052,7052.5,-0.019089000000000005
7053,7053.5,-0.019089000000000005
7054,7054.5,-0.019089000000000005
7055,7055.5,-0.019089000000000005
7056,7056.5,-0.019089000000000005
7057,7057.5,-0.019089000000000005
7058,7058.5,-0.019089000000000005
7059,7059.5,-0.019089000000000005
7060,7060.5,-0.019089000000000005
7061,7061.5,-0.019089000000000005
7062,7062.5,-0.019089000000000005
7063,7063.5,108.31046826379844
7064,7064.5,495.79966974048773
7065,7065.5,816.1626800401323
7066,7066.5,1039.2495164064019
7067,7067.5,1163.162301245333
7068,7068.5,1191.3921296965755
7069,7069.5,1136.1977677869754
7070,7070.5,1005.632068670658
7071,7071.5,793.03708431758
7072,7072.5,496.6508181906919
7073,7073.5,132.0564306339943
7074,7074.5,-0.019089000000000005
7075,7075.5,-0.019089000000000005
7076,7076.5,-0.019089000000000005
7077,7077.5,-0.019089000000000005
7078,7078.5,-0.019089000000000005
7079,7079.5,-0.019089000000000005
7080,7080.5,-0.019089000000000005
7081,7081.5,-0.019089000000000005
7082,7082.5,-0.019089000000000005
7083,7083.5,-0.019089000000000005
7084,7084.5,-0.019089000000000005
7085,7085.5,-0.019089000000000005
7086,7086.5,-0.019089000000000005
7087,7087.5,107.2962603403667
7088,7088.5,492.0298841071837
7089,7089.5,810.8750427487705
7090,7090.5,1030.3366127446575
7091,7091.5,1168.2077623837915
7092,7092.5,1211.1932953362646
7093,7093.5,1162.1230127999456
7094,7094.5,1020.8405547604636
7095,7095.5,803.1163783967166
7096,7096.5,496.41547522656344
7097,7097.5,125.20280913221356
7098,7098.5,-0.019089000000000005
7099,7099.5,-0.019089000000000005
7100,7100.5,-0.019089000000000005
7101,7101.5,-0.019089000000000005
7102,7102.5,-0.019089000000000005
7103,7103.5,-0.019089000000000005
7104,7104.5,-0.019089000000000005
7105,7105.5,-0.019089000000000005
7106,7106.5,-0.019089000000000005
7107,7107.5,-0.019089000000000005
7108,7108.5,-0.019089000000000005
7109,7109.5,-0.019089000000000005
7110,7110.5,-0.019089000000000005
7111,7111.5,95.81900564659124
7112,7112.5,476.7482338927696
7113,7113.5,812.6284127817881
7114,7114.5,1034.9341988493281
7115,7115.5,1176.0269973814163
7116,7116.5,1211.8727502786937
7117,7117.5,1160.7613232151673
7118,7118.5,1020.6899183801347
7119,7119.5,805.9276763244126
7120,7120.5,485.64841304723075
7121,7121.5,115.18438839598961
7122,7122.5,-0.019089000000000005
7123,7123.5,-0.019089000000000005
7124,7124.5,-0.019089000000000005
7125,7125.5,-0.019089000000000005
7126,7126.5,-0.019089000000000005
7127,7127.5,-0.019089000000000005
7128,7128.5,-0.019089000000000005
7129,7129.5,-0.019089000000000005
7130,7130.5,-0.019089000000000005
7131,7131.5,-0.019089000000000005
7132,7132.5,-0.019089000000000005
7133,7133.5,-0.019089000000000005
7134,7134.5,-0.019089000000000005
7135,7135.5,70.04050132055336
7136,7136.5,376.71243210621066
7137,7137.5,594.7066034983179
7138,7138.5,557.7699128683279
7139,7139.5,656.5588729478667
7140,7140.5,666.6059027069921
7141,7141.5,809.0075097649758
7142,7142.5,408.9740611790829
7143,7143.5,363.8658584593378
7144,7144.5,331.15053298656636
7145,7145.5,95.08553521032762
7146,7146.5,-0.019089000000000005
7147,7147.5,-0.019089000000000005
7148,7148.5,-0.019089000000000005
7149,7149.5,-0.019089000000000005
7150,7150.5,-0.019089000000000005
7151,7151.5,-0.019089000000000005
7152,7152.5,-0.019089000000000005
7153,7153.5,-0.019089000000000005
7154,7154.5,-0.019089000000000005
7155,7155.5,-0.019089000000000005
7156,7156.5,-0.019089000000000005
7157,7157.5,-0.019089000000000005
7158,7158.5,-0.019089000000000005
7159,7159.5,44.44095656005923
7160,7160.5,432.0563259932388
7161,7161.5,557.0362753519536
7162,7162.5,986.3289398964703
7163,7163.5,765.0165613765905
7164,7164.5,1170.6880826505605
7165,7165.5,1133.4006872932393
7166,7166.5,1000.5000850221743
7167,7167.5,783.4523911927582
7168,7168.5,471.3941171845934
7169,7169.5,106.22696126496243
7170,7170.5,-0.019089000000000005
7171,7171.5,-0.019089000000000005
7172,7172.5,-0.019089000000000005
7173,7173.5,-0.019089000000000005
7174,7174.5,-0.019089000000000005
7175,7175.5,-0.019089000000000005
7176,7176.5,-0.019089000000000005
7177,7177.5,-0.019089000000000005
7178,7178.5,-0.019089000000000005
7179,7179.5,-0.019089000000000005
7180,7180.5,-0.019089000000000005
7181,7181.5,-0.019089000000000005
7182,7182.5,-0.019089000000000005
7183,7183.5,92.96471950543837
7184,7184.5,485.3729162183272
7185,7185.5,811.2382701173578
7186,7186.5,1030.0474082230792
7187,7187.5,1160.0118338972497
7188,7188.5,1206.766241612315
7189,7189.5,1157.964860265191
7190,7190.5,1018.0631670883357
7191,7191.5,797.4956368326535
7192,7192.5,484.921438221738
7193,7193.5,108.42470867886159
7194,7194.5,-0.019089000000000005
7195,7195.5,-0.019089000000000005
7196,7196.5,-0.019089000000000005
7197,7197.5,-0.019089000000000005
7198,7198.5,-0.019089000000000005
7199,7199.5,-0.019089000000000005
7200,7200.5,-0.019089000000000005
7201,7201.5,-0.019089000000000005
7202,7202.5,-0.019089000000000005
7203,7203.5,-0.019089000000000005
7204,7204.5,-0.019089000000000005
7205,7205.5,-0.019089000000000005
7206,7206.5,-0.019089000000000005
7207,7207.5,5.638279332649382
7208,7208.5,128.42720403888706
7209,7209.5,528.0855783878632
7210,7210.5,635.9878587617962
7211,7211.5,766.6941479449497
7212,7212.5,928.2741796392169
7213,7213.5,918.0839032788699
7214,7214.5,715.3518125767348
7215,7215.5,525.8760373591516
7216,7216.5,385.9364900430177
7217,7217.5,78.49760144760896
7218,7218.5,-0.019089000000000005
7219,7219.5,-0.019089000000000005
7220,7220.5,-0.019089000000000005
7221,7221.5,-0.019089000000000005
7222,7222.5,-0.019089000000000005
7223,7223.5,-0.019089000000000005
7224,7224.5,-0.019089000000000005
7225,7225.5,-0.019089000000000005
7226,7226.5,-0.019089000000000005
7227,7227.5,-0.019089000000000005
7228,7228.5,-0.019089000000000005
7229,7229.5,-0.019089000000000005
7230,7230.5,-0.019089000000000005
7231,7231.5,-0.019089000000000005
7232,7232.5,39.21980650475424
7233,7233.5,192.17005060977755
7234,7234.5,209.03301468099943
7235,7235.5,302.6342780576207
7236,7236.5,817.3520817712089
7237,7237.5,923.4336557528103
7238,7238.5,676.234302310319
7239,7239.5,350.2626998430812
7240,7240.5,123.6419559806591
7241,7241.5,17.742965477043953
7242,7242.5,-0.019089000000000005
7243,7243.5,-0.019089000000000005
7244,7244.5,-0.019089000000000005
7245,7245.5,-0.019089000000000005
7246,7246.5,-0.019089000000000005
7247,7247.5,-0.019089000000000005
7248,7248.5,-0.019089000000000005
7249,7249.5,-0.019089000000000005
7250,7250.5,-0.019089000000000005
7251,7251.5,-0.019089000000000005
7252,7252.5,-0.019089000000000005
7253,7253.5,-0.019089000000000005
7254,7254.5,-0.019089000000000005
7255,7255.5,59.14373503657451
7256,7256.5,343.02670884502237
7257,7257.5,507.04932272668407
7258,7258.5,802.850135991615
7259,7259.5,917.8540247317586
7260,7260.5,919.8296751788725
7261,7261.5,905.1954847886205
7262,7262.5,600.7615904459633
7263,7263.5,337.49917163640265
7264,7264.5,135.30375531607336
7265,7265.5,16.079626725778933
7266,7266.5,-0.019089000000000005
7267,7267.5,-0.019089000000000005
7268,7268.5,-0.019089000000000005
7269,7269.5,-0.019089000000000005
7270,7270.5,-0.019089000000000005
7271,7271.5,-0.019089000000000005
7272,7272.5,-0.019089000000000005
7273,7273.5,-0.019089000000000005
7274,7274.5,-0.019089000000000005
7275,7275.5,-0.019089000000000005
7276,7276.5,-0.019089000000000005
7277,7277.5,-0.019089000000000005
7278,7278.5,-0.019089000000000005
7279,7279.5,64.99509925333129
7280,7280.5,460.6920794888002
7281,7281.5,811.4664492706968
7282,7282.5,1045.9368100379547
7283,7283.5,1189.7859505955416
7284,7284.5,1237.0764099241992
7285,7285.5,1184.3810421147516
7286,7286.5,1038.7145212962985
7287,7287.5,810.0540076950448
7288,7288.5,482.03239539432633
7289,7289.5,84.531265928902
7290,7290.5,-0.019089000000000005
7291,7291.5,-0.019089000000000005
7292,7292.5,-0.019089000000000005
7293,7293.5,-0.019089000000000005
7294,7294.5,-0.019089000000000005
7295,7295.5,-0.019089000000000005
7296,7296.5,-0.019089000000000005
7297,7297.5,-0.019089000000000005
7298,7298.5,-0.019089000000000005
7299,7299.5,-0.019089000000000005
7300,7300.5,-0.019089000000000005
7301,7301.5,-0.019089000000000005
7302,7302.5,-0.019089000000000005
7303,7303.5,66.99660548115955
7304,7304.5,463.50469720854267
7305,7305.5,792.7556789494257
7306,7306.5,1018.6158859061065
7307,7307.5,1157.8704657390278
7308,7308.5,1203.2006584453043
7309,7309.5,1154.0613460758857
7310,7310.5,1007.3805080467793
7311,7311.5,785.650541922673
7312,7312.5,455.2555330482698
7313,7313.5,73.16767969747822
7314,7314.5,-0.019089000000000005
7315,7315.5,-0.019089000000000005
7316,7316.5,-0.019089000000000005
7317,7317.5,-0.019089000000000005
7318,7318.5,-0.019089000000000005
7319,7319.5,-0.019089000000000005
7320,7320.5,-0.019089000000000005
7321,7321.5,-0.019089000000000005
7322,7322.5,-0.019089000000000005
7323,7323.5,-0.019089000000000005
7324,7324.5,-0.019089000000000005
7325,7325.5,-0.019089000000000005
7326,7326.5,-0.019089000000000005
7327,7327.5,65.12091811212139
7328,7328.5,457.12227170870716
7329,7329.5,785.936165278127
7330,7330.5,1017.5823471446621
7331,7331.5,1155.5724466317727
7332,7332.5,1205.6269584635904
7333,7333.5,1158.3083216172122
7334,7334.5,1016.0937510507587
7335,7335.5,791.9205886080807
7336,7336.5,466.79485785652724
7337,7337.5,74.95216741326992
7338,7338.5,-0.019089000000000005
7339,7339.5,-0.019089000000000005
7340,7340.5,-0.019089000000000005
7341,7341.5,-0.019089000000000005
7342,7342.5,-0.019089000000000005
7343,7343.5,-0.019089000000000005
7344,7344.5,-0.019089000000000005
7345,7345.5,-0.019089000000000005
7346,7346.5,-0.019089000000000005
7347,7347.5,-0.019089000000000005
7348,7348.5,-0.019089000000000005
7349,7349.5,-0.019089000000000005
7350,7350.5,-0.019089000000000005
7351,7351.5,8.362356199306745
7352,7352.5,102.09170346907693
7353,7353.5,411.76156132108025
7354,7354.5,328.58548346765343
7355,7355.5,1132.971345636925
7356,7356.5,1166.3302639036465
7357,7357.5,1112.951508480676
7358,7358.5,971.9535094511043
7359,7359.5,440.5717812377701
7360,7360.5,301.9678524322788
7361,7361.5,61.48543707332819
7362,7362.5,-0.019089000000000005
7363,7363.5,-0.019089000000000005
7364,7364.5,-0.019089000000000005
7365,7365.5,-0.019089000000000005
7366,7366.5,-0.019089000000000005
7367,7367.5,-0.019089000000000005
7368,7368.5,-0.019089000000000005
7369,7369.5,-0.019089000000000005
7370,7370.5,-0.019089000000000005
7371,7371.5,-0.019089000000000005
7372,7372.5,-0.019089000000000005
7373,7373.5,-0.019089000000000005
7374,7374.5,-0.019089000000000005
7375,7375.5,49.9594639204792
7376,7376.5,432.61824897556437
7377,7377.5,775.7265004787394
7378,7378.5,1000.0802783745804
7379,7379.5,1131.463451687658
7380,7380.5,1169.1988323088544
7381,7381.5,1111.2233512711127
7382,7382.5,972.5699521295973
7383,7383.5,755.0223141933164
7384,7384.5,434.03656867848883
7385,7385.5,61.99165222096693
7386,7386.5,-0.019089000000000005
7387,7387.5,-0.019089000000000005
7388,7388.5,-0.019089000000000005
7389,7389.5,-0.019089000000000005
7390,7390.5,-0.019089000000000005
7391,7391.5,-0.019089000000000005
7392,7392.5,-0.019089000000000005
7393,7393.5,-0.019089000000000005
7394,7394.5,-0.019089000000000005
7395,7395.5,-0.019089000000000005
7396,7396.5,-0.019089000000000005
7397,7397.5,-0.019089000000000005
7398,7398.5,-0.019089000000000005
7399,7399.5,-0.019089000000000005
7400,7400.5,4.99772951079974
7401,7401.5,13.971674949632344
7402,7402.5,140.1117163572158
7403,7403.5,357.3162078809437
7404,7404.5,1118.0566698049524
7405,7405.5,1082.420770723615
7406,7406.5,951.9347826848448
7407,7407.5,733.6561031465986
7408,7408.5,416.45720436335125
7409,7409.5,55.86343586928276
7410,7410.5,-0.019089000000000005
7411,7411.5,-0.019089000000000005
7412,7412.5,-0.019089000000000005
7413,7413.5,-0.019089000000000005
7414,7414.5,-0.019089000000000005
7415,7415.5,-0.019089000000000005
7416,7416.5,-0.019089000000000005
7417,7417.5,-0.019089000000000005
7418,7418.5,-0.019089000000000005
7419,7419.5,-0.019089000000000005
7420,7420.5,-0.019089000000000005
7421,7421.5,-0.019089000000000005
7422,7422.5,-0.019089000000000005
7423,7423.5,51.20950130364698
7424,7424.5,456.8789668281433
7425,7425.5,803.7510415621866
7426,7426.5,1024.8169067285744
7427,7427.5,1159.7111553172244
7428,7428.5,1213.8864464558465
7429,7429.5,1170.794120341297
7430,7430.5,1029.0506648946455
7431,7431.5,797.1032062098891
7432,7432.5,464.34537257056195
7433,7433.5,66.06126867593206
7434,7434.5,-0.019089000000000005
7435,7435.5,-0.019089000000000005
7436,7436.5,-0.019089000000000005
7437,7437.5,-0.019089000000000005
7438,7438.5,-0.019089000000000005
7439,7439.5,-0.019089000000000005
7440,7440.5,-0.019089000000000005
7441,7441.5,-0.019089000000000005
7442,7442.5,-0.019089000000000005
7443,7443.5,-0.019089000000000005
7444,7444.5,-0.019089000000000005
7445,7445.5,-0.019089000000000005
7446,7446.5,-0.019089000000000005
7447,7447.5,47.05750146715256
7448,7448.5,450.13055090508357
7449,7449.5,791.8844172902948
7450,7450.5,1023.4323423999543
7451,7451.5,1160.0700832217376
7452,7452.5,1208.0003987025784
7453,7453.5,1156.384390001556
7454,7454.5,1015.931459536251
7455,7455.5,786.7465556918852
7456,7456.5,455.38494081249775
7457,7457.5,63.19791119035446
7458,7458.5,-0.019089000000000005
7459,7459.5,-0.019089000000000005
7460,7460.5,-0.019089000000000005
7461,7461.5,-0.019089000000000005
7462,7462.5,-0.019089000000000005
7463,7463.5,-0.019089000000000005
7464,7464.5,-0.019089000000000005
7465,7465.5,-0.019089000000000005
7466,7466.5,-0.019089000000000005
7467,7467.5,-0.019089000000000005
7468,7468.5,-0.019089000000000005
7469,7469.5,-0.019089000000000005
7470,7470.5,-0.019089000000000005
7471,7471.5,13.8124487881391
7472,7472.5,345.1375493508713
7473,7473.5,632.5898085617197
7474,7474.5,1034.3662998326004
7475,7475.5,1170.9833061340344
7476,7476.5,1209.3907514369052
7477,7477.5,1157.0386511904342
7478,7478.5,985.6812737034136
7479,7479.5,708.2027163583035
7480,7480.5,443.75073474556507
7481,7481.5,56.324765736871896
7482,7482.5,-0.019089000000000005
7483,7483.5,-0.019089000000000005
7484,7484.5,-0.019089000000000005
7485,7485.5,-0.019089000000000005
7486,7486.5,-0.019089000000000005
7487,7487.5,-0.019089000000000005
7488,7488.5,-0.019089000000000005
7489,7489.5,-0.019089000000000005
7490,7490.5,-0.019089000000000005
7491,7491.5,-0.019089000000000005
7492,7492.5,-0.019089000000000005
7493,7493.5,-0.019089000000000005
7494,7494.5,-0.019089000000000005
7495,7495.5,38.30611232514371
7496,7496.5,428.0545087850525
7497,7497.5,770.0454687866616
7498,7498.5,997.8390302661218
7499,7499.5,1133.8789147023892
7500,7500.5,1170.8779999651167
7501,7501.5,1118.6270538218903
7502,7502.5,972.0454650282801
7503,7503.5,747.6907842069827
7504,7504.5,424.62012708193276
7505,7505.5,50.64086558221755
7506,7506.5,-0.019089000000000005
7507,7507.5,-0.019089000000000005
7508,7508.5,-0.019089000000000005
7509,7509.5,-0.019089000000000005
7510,7510.5,-0.019089000000000005
7511,7511.5,-0.019089000000000005
7512,7512.5,-0.019089000000000005
7513,7513.5,-0.019089000000000005
7514,7514.5,-0.019089000000000005
7515,7515.5,-0.019089000000000005
7516,7516.5,-0.019089000000000005
7517,7517.5,-0.019089000000000005
7518,7518.5,-0.019089000000000005
7519,7519.5,19.49446079911005
7520,7520.5,71.60898837300257
7521,7521.5,125.0912308404573
7522,7522.5,203.60317952744947
7523,7523.5,192.77442867332203
7524,7524.5,212.542858908241
7525,7525.5,217.45599787324227
7526,7526.5,238.26648631549068
7527,7527.5,725.5463636100803
7528,7528.5,406.2734118514346
7529,7529.5,40.65204967821247
7530,7530.5,-0.019089000000000005
7531,7531.5,-0.019089000000000005
7532,7532.5,-0.019089000000000005
7533,7533.5,-0.019089000000000005
7534,7534.5,-0.019089000000000005
7535,7535.5,-0.019089000000000005
7536,7536.5,-0.019089000000000005
7537,7537.5,-0.019089000000000005
7538,7538.5,-0.019089000000000005
7539,7539.5,-0.019089000000000005
7540,7540.5,-0.019089000000000005
7541,7541.5,-0.019089000000000005
7542,7542.5,-0.019089000000000005
7543,7543.5,27.434261461584484
7544,7544.5,404.4459584612317
7545,7545.5,743.583270635238
7546,7546.5,963.0656530065913
7547,7547.5,1088.0248117142883
7548,7548.5,1124.9845588408969
7549,7549.5,1074.028137679165
7550,7550.5,937.5123910636668
7551,7551.5,726.8928944705684
7552,7552.5,414.60768013104877
7553,7553.5,41.349238700922605
7554,7554.5,-0.019089000000000005
7555,7555.5,-0.019089000000000005
7556,7556.5,-0.019089000000000005
7557,7557.5,-0.019089000000000005
7558,7558.5,-0.019089000000000005
7559,7559.5,-0.019089000000000005
7560,7560.5,-0.019089000000000005
7561,7561.5,-0.019089000000000005
7562,7562.5,-0.019089000000000005
7563,7563.5,-0.019089000000000005
7564,7564.5,-0.019089000000000005
7565,7565.5,-0.019089000000000005
7566,7566.5,-0.019089000000000005
7567,7567.5,24.63139713465496
7568,7568.5,407.50280245635025
7569,7569.5,771.2373971798845
7570,7570.5,1004.5277682774525
7571,7571.5,1143.4029354730471
7572,7572.5,1189.5295227278862
7573,7573.5,1136.948042798885
7574,7574.5,990.953648154264
7575,7575.5,766.4005123167243
7576,7576.5,424.53877601139305
7577,7577.5,40.65681468132034
7578,7578.5,-0.019089000000000005
7579,7579.5,-0.019089000000000005
7580,7580.5,-0.019089000000000005
7581,7581.5,-0.019089000000000005
7582,7582.5,-0.019089000000000005
7583,7583.5,-0.019089000000000005
7584,7584.5,-0.019089000000000005
7585,7585.5,-0.019089000000000005
7586,7586.5,-0.019089000000000005
7587,7587.5,-0.019089000000000005
7588,7588.5,-0.019089000000000005
7589,7589.5,-0.019089000000000005
7590,7590.5,-0.019089000000000005
7591,7591.5,-0.019089000000000005
7592,7592.5,410.69091814866033
7593,7593.5,765.7810559190741
7594,7594.5,998.5626022623724
7595,7595.5,1138.1107497333642
7596,7596.5,1184.3436878207726
7597,7597.5,1136.0826539696784
7598,7598.5,993.2626443786331
7599,7599.5,765.8666481746313
7600,7600.5,431.4960629044808
7601,7601.5,42.58906878227689
7602,7602.5,-0.019089000000000005
7603,7603.5,-0.019089000000000005
7604,7604.5,-0.019089000000000005
7605,7605.5,-0.019089000000000005
7606,7606.5,-0.019089000000000005
7607,7607.5,-0.019089000000000005
7608,7608.5,-0.019089000000000005
7609,7609.5,-0.019089000000000005
7610,7610.5,-0.019089000000000005
7611,7611.5,-0.019089000000000005
7612,7612.5,-0.019089000000000005
7613,7613.5,-0.019089000000000005
7614,7614.5,-0.019089000000000005
7615,7615.5,-0.019089000000000005
7616,7616.5,332.4540197223918
7617,7617.5,547.550063056434
7618,7618.5,737.2910645680226
7619,7619.5,1082.9280652230607
7620,7620.5,796.0778555508936
7621,7621.5,606.7107748467387
7622,7622.5,882.0822181861341
7623,7623.5,277.32660271573377
7624,7624.5,395.6149534207239
7625,7625.5,13.238589766387653
7626,7626.5,-0.019089000000000005
7627,7627.5,-0.019089000000000005
7628,7628.5,-0.019089000000000005
7629,7629.5,-0.019089000000000005
7630,7630.5,-0.019089000000000005
7631,7631.5,-0.019089000000000005
7632,7632.5,-0.019089000000000005
7633,7633.5,-0.019089000000000005
7634,7634.5,-0.019089000000000005
7635,7635.5,-0.019089000000000005
7636,7636.5,-0.019089000000000005
7637,7637.5,-0.019089000000000005
7638,7638.5,-0.019089000000000005
7639,7639.5,-0.019089000000000005
7640,7640.5,395.5214342368805
7641,7641.5,566.5039279416272
7642,7642.5,708.3679180855203
7643,7643.5,852.9935060444848
7644,7644.5,1125.6866846438031
7645,7645.5,577.6894708586069
7646,7646.5,452.38523361849906
7647,7647.5,488.0931849142542
7648,7648.5,191.06293431678495
7649,7649.5,25.453668187213275
7650,7650.5,-0.019089000000000005
7651,7651.5,-0.019089000000000005
7652,7652.5,-0.019089000000000005
7653,7653.5,-0.019089000000000005
7654,7654.5,-0.019089000000000005
7655,7655.5,-0.019089000000000005
7656,7656.5,-0.019089000000000005
7657,7657.5,-0.019089000000000005
7658,7658.5,-0.019089000000000005
7659,7659.5,-0.019089000000000005
7660,7660.5,-0.019089000000000005
7661,7661.5,-0.019089000000000005
7662,7662.5,-0.019089000000000005
7663,7663.5,-0.019089000000000005
7664,7664.5,370.4760940481566
7665,7665.5,714.2132266685418
7666,7666.5,949.9570696791321
7667,7667.5,1097.4062965758849
7668,7668.5,1150.4257157989011
7669,7669.5,813.8547022341519
7670,7670.5,967.4002536164961
7671,7671.5,740.5310969364575
7672,7672.5,408.6546768156532
7673,7673.5,32.75844747395339
7674,7674.5,-0.019089000000000005
7675,7675.5,-0.019089000000000005
7676,7676.5,-0.019089000000000005
7677,7677.5,-0.019089000000000005
7678,7678.5,-0.019089000000000005
7679,7679.5,-0.019089000000000005
7680,7680.5,-0.019089000000000005
7681,7681.5,-0.019089000000000005
7682,7682.5,-0.019089000000000005
7683,7683.5,-0.019089000000000005
7684,7684.5,-0.019089000000000005
7685,7685.5,-0.019089000000000005
7686,7686.5,-0.019089000000000005
7687,7687.5,-0.019089000000000005
7688,7688.5,377.884516095309
7689,7689.5,726.4191609244882
7690,7690.5,952.5197894829416
7691,7691.5,1087.2338628801429
7692,7692.5,1129.2956998241796
7693,7693.5,1082.0975629828156
7694,7694.5,943.2856313819473
7695,7695.5,723.1500110747514
7696,7696.5,394.65111239288024
7697,7697.5,30.480990549161184
7698,7698.5,-0.019089000000000005
7699,7699.5,-0.019089000000000005
7700,7700.5,-0.019089000000000005
7701,7701.5,-0.019089000000000005
7702,7702.5,-0.019089000000000005
7703,7703.5,-0.019089000000000005
7704,7704.5,-0.019089000000000005
7705,7705.5,-0.019089000000000005
7706,7706.5,-0.019089000000000005
7707,7707.5,-0.019089000000000005
7708,7708.5,-0.019089000000000005
7709,7709.5,-0.019089000000000005
7710,7710.5,-0.019089000000000005
7711,7711.5,-0.019089000000000005
7712,7712.5,79.76731220440486
7713,7713.5,492.8230297340001
7714,7714.5,784.4957905815751
7715,7715.5,1105.3976958679357
7716,7716.5,952.3271217614608
7717,7717.5,527.7220069579693
7718,7718.5,437.7536841039159
7719,7719.5,248.22509697662443
7720,7720.5,81.97811079264088
7721,7721.5,1.8696826476560682
7722,7722.5,-0.019089000000000005
7723,7723.5,-0.019089000000000005
7724,7724.5,-0.019089000000000005
7725,7725.5,-0.019089000000000005
7726,7726.5,-0.019089000000000005
7727,7727.5,-0.019089000000000005
7728,7728.5,-0.019089000000000005
7729,7729.5,-0.019089000000000005
7730,7730.5,-0.019089000000000005
7731,7731.5,-0.019089000000000005
7732,7732.5,-0.019089000000000005
7733,7733.5,-0.019089000000000005
7734,7734.5,-0.019089000000000005
7735,7735.5,-0.019089000000000005
7736,7736.5,365.478223462019
7737,7737.5,716.6999400530993
7738,7738.5,683.9144267772649
7739,7739.5,871.5203582901626
7740,7740.5,905.6589310347929
7741,7741.5,1079.7189081399836
7742,7742.5,936.8228764684093
7743,7743.5,712.7785124479983
7744,7744.5,312.9260519390986
7745,7745.5,9.090934470847161
7746,7746.5,-0.019089000000000005
7747,7747.5,-0.019089000000000005
7748,7748.5,-0.019089000000000005
7749,7749.5,-0.019089000000000005
7750,7750.5,-0.019089000000000005
7751,7751.5,-0.019089000000000005
7752,7752.5,-0.019089000000000005
7753,7753.5,-0.019089000000000005
7754,7754.5,-0.019089000000000005
7755,7755.5,-0.019089000000000005
7756,7756.5,-0.019089000000000005
7757,7757.5,-0.019089000000000005
7758,7758.5,-0.019089000000000005
7759,7759.5,-0.019089000000000005
7760,7760.5,273.8451069997826
7761,7761.5,484.3252505268436
7762,7762.5,549.2133926331556
7763,7763.5,858.0149457918147
7764,7764.5,590.0842208481871
7765,7765.5,502.13363588001044
7766,7766.5,127.70092618556976
7767,7767.5,296.4993281754047
7768,7768.5,38.4196656815167
7769,7769.5,-0.019089000000000005
7770,7770.5,-0.019089000000000005
7771,7771.5,-0.019089000000000005
7772,7772.5,-0.019089000000000005
7773,7773.5,-0.019089000000000005
7774,7774.5,-0.019089000000000005
7775,7775.5,-0.019089000000000005
7776,7776.5,-0.019089000000000005
7777,7777.5,-0.019089000000000005
7778,7778.5,-0.019089000000000005
7779,7779.5,-0.019089000000000005
7780,7780.5,-0.019089000000000005
7781,7781.5,-0.019089000000000005
7782,7782.5,-0.019089000000000005
7783,7783.5,-0.019089000000000005
7784,7784.5,333.5825443903392
7785,7785.5,679.8600171522913
7786,7786.5,689.5365844054434
7787,7787.5,332.5612974724667
7788,7788.5,95.2559431452535
7789,7789.5,179.67008140104852
7790,7790.5,587.8146581423404
7791,7791.5,401.93667226904654
7792,7792.5,157.7463627374612
7793,7793.5,-0.019089000000000005
7794,7794.5,-0.019089000000000005
7795,7795.5,-0.019089000000000005
7796,7796.5,-0.019089000000000005
7797,7797.5,-0.019089000000000005
7798,7798.5,-0.019089000000000005
7799,7799.5,-0.019089000000000005
7800,7800.5,-0.019089000000000005
7801,7801.5,-0.019089000000000005
7802,7802.5,-0.019089000000000005
7803,7803.5,-0.019089000000000005
7804,7804.5,-0.019089000000000005
7805,7805.5,-0.019089000000000005
7806,7806.5,-0.019089000000000005
7807,7807.5,-0.019089000000000005
7808,7808.5,18.91502108433127
7809,7809.5,134.38676635069675
7810,7810.5,346.1798112799866
7811,7811.5,399.1113468835104
7812,7812.5,306.1299021921835
7813,7813.5,319.42822023022137
7814,7814.5,448.1956322925338
7815,7815.5,260.44738525234345
7816,7816.5,206.83613802345172
7817,7817.5,-0.019089000000000005
7818,7818.5,-0.019089000000000005
7819,7819.5,-0.019089000000000005
7820,7820.5,-0.019089000000000005
7821,7821.5,-0.019089000000000005
7822,7822.5,-0.019089000000000005
7823,7823.5,-0.019089000000000005
7824,7824.5,-0.019089000000000005
7825,7825.5,-0.019089000000000005
7826,7826.5,-0.019089000000000005
7827,7827.5,-0.019089000000000005
7828,7828.5,-0.019089000000000005
7829,7829.5,-0.019089000000000005
7830,7830.5,-0.019089000000000005
7831,7831.5,-0.019089000000000005
7832,7832.5,38.90001715531835
7833,7833.5,74.16447796913674
7834,7834.5,17.321889452032945
7835,7835.5,186.75053847512876
7836,7836.5,174.54590704812782
7837,7837.5,311.5982553810347
7838,7838.5,162.490108532599
7839,7839.5,174.52864535836545
7840,7840.5,43.8576012295261
7841,7841.5,-0.019089000000000005
7842,7842.5,-0.019089000000000005
7843,7843.5,-0.019089000000000005
7844,7844.5,-0.019089000000000005
7845,7845.5,-0.019089000000000005
7846,7846.5,-0.019089000000000005
7847,7847.5,-0.019089000000000005
7848,7848.5,-0.019089000000000005
7849,7849.5,-0.019089000000000005
7850,7850.5,-0.019089000000000005
7851,7851.5,-0.019089000000000005
7852,7852.5,-0.019089000000000005
7853,7853.5,-0.019089000000000005
7854,7854.5,-0.019089000000000005
7855,7855.5,-0.019089000000000005
7856,7856.5,324.9935973659776
7857,7857.5,23.95115255796934
7858,7858.5,131.43422444667593
7859,7859.5,148.5974171660528
7860,7860.5,220.5915193943173
7861,7861.5,1146.9297584517565
7862,7862.5,1005.25450152962
7863,7863.5,750.1351150090849
7864,7864.5,386.22708966228754
7865,7865.5,-0.019089000000000005
7866,7866.5,-0.019089000000000005
7867,7867.5,-0.019089000000000005
7868,7868.5,-0.019089000000000005
7869,7869.5,-0.019089000000000005
7870,7870.5,-0.019089000000000005
7871,7871.5,-0.019089000000000005
7872,7872.5,-0.019089000000000005
7873,7873.5,-0.019089000000000005
7874,7874.5,-0.019089000000000005
7875,7875.5,-0.019089000000000005
7876,7876.5,-0.019089000000000005
7877,7877.5,-0.019089000000000005
7878,7878.5,-0.019089000000000005
7879,7879.5,-0.019089000000000005
7880,7880.5,22.394487743343802
7881,7881.5,707.727109265089
7882,7882.5,964.1470828128358
7883,7883.5,157.56738913156988
7884,7884.5,410.9660768405854
7885,7885.5,194.2385996026937
7886,7886.5,204.44743070036583
7887,7887.5,109.68955279143975
7888,7888.5,33.66522418082194
7889,7889.5,-0.019089000000000005
7890,7890.5,-0.019089000000000005
7891,7891.5,-0.019089000000000005
7892,7892.5,-0.019089000000000005
7893,7893.5,-0.019089000000000005
7894,7894.5,-0.019089000000000005
7895,7895.5,-0.019089000000000005
7896,7896.5,-0.019089000000000005
7897,7897.5,-0.019089000000000005
7898,7898.5,-0.019089000000000005
7899,7899.5,-0.019089000000000005
7900,7900.5,-0.019089000000000005
7901,7901.5,-0.019089000000000005
7902,7902.5,-0.019089000000000005
7903,7903.5,-0.019089000000000005
7904,7904.5,342.29489942378416
7905,7905.5,727.4362990394199
7906,7906.5,985.5041158990653
7907,7907.5,1145.1723229715167
7908,7908.5,1195.461365352464
7909,7909.5,1158.134834445152
7910,7910.5,1010.8103853919397
7911,7911.5,767.8870474926094
7912,7912.5,411.4844266426569
7913,7913.5,-0.019089000000000005
7914,7914.5,-0.019089000000000005
7915,7915.5,-0.019089000000000005
7916,7916.5,-0.019089000000000005
7917,7917.5,-0.019089000000000005
7918,7918.5,-0.019089000000000005
7919,7919.5,-0.019089000000000005
7920,7920.5,-0.019089000000000005
7921,7921.5,-0.019089000000000005
7922,7922.5,-0.019089000000000005
7923,7923.5,-0.019089000000000005
7924,7924.5,-0.019089000000000005
7925,7925.5,-0.019089000000000005
7926,7926.5,-0.019089000000000005
7927,7927.5,-0.019089000000000005
7928,7928.5,343.41460319324244
7929,7929.5,727.9310457540519
7930,7930.5,982.8093237588336
7931,7931.5,1129.6922334567653
7932,7932.5,1181.2247003935095
7933,7933.5,1136.1867091782306
7934,7934.5,1000.4018791891541
7935,7935.5,753.1276808466727
7936,7936.5,401.23098567999904
7937,7937.5,-0.019089000000000005
7938,7938.5,-0.019089000000000005
7939,7939.5,-0.019089000000000005
7940,7940.5,-0.019089000000000005
7941,7941.5,-0.019089000000000005
7942,7942.5,-0.019089000000000005
7943,7943.5,-0.019089000000000005
7944,7944.5,-0.019089000000000005
7945,7945.5,-0.019089000000000005
7946,7946.5,-0.019089000000000005
7947,7947.5,-0.019089000000000005
7948,7948.5,-0.019089000000000005
7949,7949.5,-0.019089000000000005
7950,7950.5,-0.019089000000000005
7951,7951.5,-0.019089000000000005
7952,7952.5,328.92587891751083
7953,7953.5,493.68816553027773
7954,7954.5,934.8172409972457
7955,7955.5,1071.7145023836408
7956,7956.5,1114.6618934544194
7957,7957.5,1074.3456844807165
7958,7958.5,944.2562791166573
7959,7959.5,722.7928197302833
7960,7960.5,397.00299176343424
7961,7961.5,-0.019089000000000005
7962,7962.5,-0.019089000000000005
7963,7963.5,-0.019089000000000005
7964,7964.5,-0.019089000000000005
7965,7965.5,-0.019089000000000005
7966,7966.5,-0.019089000000000005
7967,7967.5,-0.019089000000000005
7968,7968.5,-0.019089000000000005
7969,7969.5,-0.019089000000000005
7970,7970.5,-0.019089000000000005
7971,7971.5,-0.019089000000000005
7972,7972.5,-0.019089000000000005
7973,7973.5,-0.019089000000000005
7974,7974.5,-0.019089000000000005
7975,7975.5,-0.019089000000000005
7976,7976.5,180.14806895840226
7977,7977.5,409.4717721338775
7978,7978.5,635.6212474719254
7979,7979.5,801.2776013589714
7980,7980.5,923.5194814332251
7981,7981.5,732.6234164132313
7982,7982.5,576.5103561267185
7983,7983.5,433.29100494650413
7984,7984.5,184.28028394433235
7985,7985.5,-0.019089000000000005
7986,7986.5,-0.019089000000000005
7987,7987.5,-0.019089000000000005
7988,7988.5,-0.019089000000000005
7989,7989.5,-0.019089000000000005
7990,7990.5,-0.019089000000000005
7991,7991.5,-0.019089000000000005
7992,7992.5,-0.019089000000000005
7993,7993.5,-0.019089000000000005
7994,7994.5,-0.019089000000000005
7995,7995.5,-0.019089000000000005
7996,7996.5,-0.019089000000000005
7997,7997.5,-0.019089000000000005
7998,7998.5,-0.019089000000000005
7999,7999.5,-0.019089000000000005
8000,8000.5,188.35945049047393
8001,8001.5,296.8175917190505
8002,8002.5,434.60118936878416
8003,8003.5,790.8506870776813
8004,8004.5,862.8545280510907
8005,8005.5,1083.9820584057904
8006,8006.5,780.8461389177882
8007,8007.5,592.6046272028918
8008,8008.5,229.8716866591558
8009,8009.5,-0.019089000000000005
8010,8010.5,-0.019089000000000005
8011,8011.5,-0.019089000000000005
8012,8012.5,-0.019089000000000005
8013,8013.5,-0.019089000000000005
8014,8014.5,-0.019089000000000005
8015,8015.5,-0.019089000000000005
8016,8016.5,-0.019089000000000005
8017,8017.5,-0.019089000000000005
8018,8018.5,-0.019089000000000005
8019,8019.5,-0.019089000000000005
8020,8020.5,-0.019089000000000005
8021,8021.5,-0.019089000000000005
8022,8022.5,-0.019089000000000005
8023,8023.5,-0.019089000000000005
8024,8024.5,44.26347585152054
8025,8025.5,285.1463028857926
8026,8026.5,646.015710465026
8027,8027.5,864.6332366981835
8028,8028.5,819.8941875217268
8029,8029.5,931.4924841812228
8030,8030.5,894.2757558408714
8031,8031.5,718.5001874927116
8032,8032.5,352.03735605484576
8033,8033.5,-0.019089000000000005
8034,8034.5,-0.019089000000000005
8035,8035.5,-0.019089000000000005
8036,8036.5,-0.019089000000000005
8037,8037.5,-0.019089000000000005
8038,8038.5,-0.019089000000000005
8039,8039.5,-0.019089000000000005
8040,8040.5,-0.019089000000000005
8041,8041.5,-0.019089000000000005
8042,8042.5,-0.019089000000000005
8043,8043.5,-0.019089000000000005
8044,8044.5,-0.019089000000000005
8045,8045.5,-0.019089000000000005
8046,8046.5,-0.019089000000000005
8047,8047.5,-0.019089000000000005
8048,8048.5,153.8383150028616
8049,8049.5,669.5015077964591
8050,8050.5,905.3082790126816
8051,8051.5,1040.0106742801172
8052,8052.5,1077.5033255898502
8053,8053.5,1031.1289796086303
8054,8054.5,908.2010472992896
8055,8055.5,698.9789283332641
8056,8056.5,387.0272607619526
8057,8057.5,-0.019089000000000005
8058,8058.5,-0.019089000000000005
8059,8059.5,-0.019089000000000005
8060,8060.5,-0.019089000000000005
8061,8061.5,-0.019089000000000005
8062,8062.5,-0.019089000000000005
8063,8063.5,-0.019089000000000005
8064,8064.5,-0.019089000000000005
8065,8065.5,-0.019089000000000005
8066,8066.5,-0.019089000000000005
8067,8067.5,-0.019089000000000005
8068,8068.5,-0.019089000000000005
8069,8069.5,-0.019089000000000005
8070,8070.5,-0.019089000000000005
8071,8071.5,-0.019089000000000005
8072,8072.5,165.11033494892487
8073,8073.5,420.48288359317195
8074,8074.5,624.7379260880789
8075,8075.5,770.0938854214768
8076,8076.5,1110.4058294342944
8077,8077.5,1067.6967785810843
8078,8078.5,553.0515797246227
8079,8079.5,452.51538162412703
8080,8080.5,304.98463760353366
8081,8081.5,-0.019089000000000005
8082,8082.5,-0.019089000000000005
8083,8083.5,-0.019089000000000005
8084,8084.5,-0.019089000000000005
8085,8085.5,-0.019089000000000005
8086,8086.5,-0.019089000000000005
8087,8087.5,-0.019089000000000005
8088,8088.5,-0.019089000000000005
8089,8089.5,-0.019089000000000005
8090,8090.5,-0.019089000000000005
8091,8091.5,-0.019089000000000005
8092,8092.5,-0.019089000000000005
8093,8093.5,-0.019089000000000005
8094,8094.5,-0.019089000000000005
8095,8095.5,-0.019089000000000005
8096,8096.5,51.330914445266444
8097,8097.5,413.9240012425657
8098,8098.5,657.0684700496001
8099,8099.5,705.0492889742608
8100,8100.5,872.7414611847344
8101,8101.5,774.4668773686661
8102,8102.5,906.7306697784691
8103,8103.5,635.8384080143688
8104,8104.5,128.96325717376786
8105,8105.5,-0.019089000000000005
8106,8106.5,-0.019089000000000005
8107,8107.5,-0.019089000000000005
8108,8108.5,-0.019089000000000005
8109,8109.5,-0.019089000000000005
8110,8110.5,-0.019089000000000005
8111,8111.5,-0.019089000000000005
8112,8112.5,-0.019089000000000005
8113,8113.5,-0.019089000000000005
8114,8114.5,-0.019089000000000005
8115,8115.5,-0.019089000000000005
8116,8116.5,-0.019089000000000005
8117,8117.5,-0.019089000000000005
8118,8118.5,-0.019089000000000005
8119,8119.5,-0.019089000000000005
8120,8120.5,35.22487917286651
8121,8121.5,129.9236728451957
8122,8122.5,167.09400135013186
8123,8123.5,333.87471462883315
8124,8124.5,299.45854497861313
8125,8125.5,346.8189953383766
8126,8126.5,452.6017704239069
8127,8127.5,267.09669940422253
8128,8128.5,121.45973357031181
8129,8129.5,-0.019089000000000005
8130,8130.5,-0.019089000000000005
8131,8131.5,-0.019089000000000005
8132,8132.5,-0.019089000000000005
8133,8133.5,-0.019089000000000005
8134,8134.5,-0.019089000000000005
8135,8135.5,-0.019089000000000005
8136,8136.5,-0.019089000000000005
8137,8137.5,-0.019089000000000005
8138,8138.5,-0.019089000000000005
8139,8139.5,-0.019089000000000005
8140,8140.5,-0.019089000000000005
8141,8141.5,-0.019089000000000005
8142,8142.5,-0.019089000000000005
8143,8143.5,-0.019089000000000005
8144,8144.5,284.2936509235557
8145,8145.5,689.9424357201979
8146,8146.5,963.94321804919
8147,8147.5,1125.6204634629569
8148,8148.5,1181.211428281621
8149,8149.5,1144.4133444399865
8150,8150.5,1013.6178275124917
8151,8151.5,772.9104281728196
8152,8152.5,415.01387101948484
8153,8153.5,-0.019089000000000005
8154,8154.5,-0.019089000000000005
8155,8155.5,-0.019089000000000005
8156,8156.5,-0.019089000000000005
8157,8157.5,-0.019089000000000005
8158,8158.5,-0.019089000000000005
8159,8159.5,-0.019089000000000005
8160,8160.5,-0.019089000000000005
8161,8161.5,-0.019089000000000005
8162,8162.5,-0.019089000000000005
8163,8163.5,-0.019089000000000005
8164,8164.5,-0.019089000000000005
8165,8165.5,-0.019089000000000005
8166,8166.5,-0.019089000000000005
8167,8167.5,-0.019089000000000005
8168,8168.5,279.2407245849376
8169,8169.5,668.0282956366117
8170,8170.5,192.6708429451944
8171,8171.5,87.9717414861534
8172,8172.5,112.60399495462819
8173,8173.5,120.7247306561933
8174,8174.5,125.77254554005769
8175,8175.5,168.29532529662183
8176,8176.5,17.70570973992971
8177,8177.5,-0.019089000000000005
8178,8178.5,-0.019089000000000005
8179,8179.5,-0.019089000000000005
8180,8180.5,-0.019089000000000005
8181,8181.5,-0.019089000000000005
8182,8182.5,-0.019089000000000005
8183,8183.5,-0.019089000000000005
8184,8184.5,-0.019089000000000005
8185,8185.5,-0.019089000000000005
8186,8186.5,-0.019089000000000005
8187,8187.5,-0.019089000000000005
8188,8188.5,-0.019089000000000005
8189,8189.5,-0.019089000000000005
8190,8190.5,-0.019089000000000005
8191,8191.5,-0.019089000000000005
8192,8192.5,283.4442788887632
8193,8193.5,684.7768366582318
8194,8194.5,938.8993845513179
8195,8195.5,1098.2310443207232
8196,8196.5,1157.237773101591
8197,8197.5,1119.1781250511117
8198,8198.5,982.9122616096379
8199,8199.5,760.582749464595
8200,8200.5,413.3304697260132
8201,8201.5,-0.019089000000000005
8202,8202.5,-0.019089000000000005
8203,8203.5,-0.019089000000000005
8204,8204.5,-0.019089000000000005
8205,8205.5,-0.019089000000000005
8206,8206.5,-0.019089000000000005
8207,8207.5,-0.019089000000000005
8208,8208.5,-0.019089000000000005
8209,8209.5,-0.019089000000000005
8210,8210.5,-0.019089000000000005
8211,8211.5,-0.019089000000000005
8212,8212.5,-0.019089000000000005
8213,8213.5,-0.019089000000000005
8214,8214.5,-0.019089000000000005
8215,8215.5,-0.019089000000000005
8216,8216.5,45.7182701584406
8217,8217.5,149.66103207713095
8218,8218.5,271.42078965173533
8219,8219.5,375.96444509135193
8220,8220.5,427.269269613573
8221,8221.5,392.8673860616362
8222,8222.5,951.2217200985326
8223,8223.5,717.7093442332898
8224,8224.5,376.6695873455443
8225,8225.5,-0.019089000000000005
8226,8226.5,-0.019089000000000005
8227,8227.5,-0.019089000000000005
8228,8228.5,-0.019089000000000005
8229,8229.5,-0.019089000000000005
8230,8230.5,-0.019089000000000005
8231,8231.5,-0.019089000000000005
8232,8232.5,-0.019089000000000005
8233,8233.5,-0.019089000000000005
8234,8234.5,-0.019089000000000005
8235,8235.5,-0.019089000000000005
8236,8236.5,-0.019089000000000005
8237,8237.5,-0.019089000000000005
8238,8238.5,-0.019089000000000005
8239,8239.5,-0.019089000000000005
8240,8240.5,148.77774031426404
8241,8241.5,723.0458685029242
8242,8242.5,994.2669449828422
8243,8243.5,1155.7757060751942
8244,8244.5,1219.902822746635
8245,8245.5,1183.7041148711542
8246,8246.5,1041.2386244485713
8247,8247.5,802.8544819985473
8248,8248.5,365.3041167287785
8249,8249.5,-0.019089000000000005
8250,8250.5,-0.019089000000000005
8251,8251.5,-0.019089000000000005
8252,8252.5,-0.019089000000000005
8253,8253.5,-0.019089000000000005
8254,8254.5,-0.019089000000000005
8255,8255.5,-0.019089000000000005
8256,8256.5,-0.019089000000000005
8257,8257.5,-0.019089000000000005
8258,8258.5,-0.019089000000000005
8259,8259.5,-0.019089000000000005
8260,8260.5,-0.019089000000000005
8261,8261.5,-0.019089000000000005
8262,8262.5,-0.019089000000000005
8263,8263.5,-0.019089000000000005
8264,8264.5,150.06061927225358
8265,8265.5,493.04381908332476
8266,8266.5,797.0922102219037
8267,8267.5,769.9374376962979
8268,8268.5,908.4959090079233
8269,8269.5,895.1724802987849
8270,8270.5,984.8561242087972
8271,8271.5,761.5928897407351
8272,8272.5,430.7345126962817
8273,8273.5,-0.019089000000000005
8274,8274.5,-0.019089000000000005
8275,8275.5,-0.019089000000000005
8276,8276.5,-0.019089000000000005
8277,8277.5,-0.019089000000000005
8278,8278.5,-0.019089000000000005
8279,8279.5,-0.019089000000000005
8280,8280.5,-0.019089000000000005
8281,8281.5,-0.019089000000000005
8282,8282.5,-0.019089000000000005
8283,8283.5,-0.019089000000000005
8284,8284.5,-0.019089000000000005
8285,8285.5,-0.019089000000000005
8286,8286.5,-0.019089000000000005
8287,8287.5,-0.019089000000000005
8288,8288.5,110.11566500046246
8289,8289.5,422.52032338065885
8290,8290.5,611.6603277071722
8291,8291.5,433.0181474681333
8292,8292.5,437.1924856150391
8293,8293.5,771.5924125425065
8294,8294.5,233.1055698165395
8295,8295.5,143.67528243143065
8296,8296.5,310.4361189511432
8297,8297.5,-0.019089000000000005
8298,8298.5,-0.019089000000000005
8299,8299.5,-0.019089000000000005
8300,8300.5,-0.019089000000000005
8301,8301.5,-0.019089000000000005
8302,8302.5,-0.019089000000000005
8303,8303.5,-0.019089000000000005
8304,8304.5,-0.019089000000000005
8305,8305.5,-0.019089000000000005
8306,8306.5,-0.019089000000000005
8307,8307.5,-0.019089000000000005
8308,8308.5,-0.019089000000000005
8309,8309.5,-0.019089000000000005
8310,8310.5,-0.019089000000000005
8311,8311.5,-0.019089000000000005
8312,8312.5,242.6732562500257
8313,8313.5,628.8061354112823
8314,8314.5,882.7907213160371
8315,8315.5,1041.4948327615084
8316,8316.5,1104.9553553724704
8317,8317.5,1070.5385156625762
8318,8318.5,773.1117411947508
8319,8319.5,678.4665552078819
8320,8320.5,409.39313041202087
8321,8321.5,-0.019089000000000005
8322,8322.5,-0.019089000000000005
8323,8323.5,-0.019089000000000005
8324,8324.5,-0.019089000000000005
8325,8325.5,-0.019089000000000005
8326,8326.5,-0.019089000000000005
8327,8327.5,-0.019089000000000005
8328,8328.5,-0.019089000000000005
8329,8329.5,-0.019089000000000005
8330,8330.5,-0.019089000000000005
8331,8331.5,-0.019089000000000005
8332,8332.5,-0.019089000000000005
8333,8333.5,-0.019089000000000005
8334,8334.5,-0.019089000000000005
8335,8335.5,-0.019089000000000005
8336,8336.5,238.19459309418994
8337,8337.5,413.6599843596091
8338,8338.5,906.1488894302541
8339,8339.5,1078.1268030632368
8340,8340.5,1153.862800899323
8341,8341.5,1124.138952426878
8342,8342.5,995.0179650558032
8343,8343.5,769.0985974165524
8344,8344.5,430.7534777054486
8345,8345.5,-0.019089000000000005
8346,8346.5,-0.019089000000000005
8347,8347.5,-0.019089000000000005
8348,8348.5,-0.019089000000000005
8349,8349.5,-0.019089000000000005
8350,8350.5,-0.019089000000000005
8351,8351.5,-0.019089000000000005
8352,8352.5,-0.019089000000000005
8353,8353.5,-0.019089000000000005
8354,8354.5,-0.019089000000000005
8355,8355.5,-0.019089000000000005
8356,8356.5,-0.019089000000000005
8357,8357.5,-0.019089000000000005
8358,8358.5,-0.019089000000000005
8359,8359.5,-0.019089000000000005
8360,8360.5,100.00646983617379
8361,8361.5,644.5543447810167
8362,8362.5,895.2458643151194
8363,8363.5,1046.6911586731133
8364,8364.5,1100.9766299268924
8365,8365.5,1068.750531702906
8366,8366.5,954.1677336966942
8367,8367.5,743.7815309275263
8368,8368.5,423.87367592582444
8369,8369.5,-0.019089000000000005
8370,8370.5,-0.019089000000000005
8371,8371.5,-0.019089000000000005
8372,8372.5,-0.019089000000000005
8373,8373.5,-0.019089000000000005
8374,8374.5,-0.019089000000000005
8375,8375.5,-0.019089000000000005
8376,8376.5,-0.019089000000000005
8377,8377.5,-0.019089000000000005
8378,8378.5,-0.019089000000000005
8379,8379.5,-0.019089000000000005
8380,8380.5,-0.019089000000000005
8381,8381.5,-0.019089000000000005
8382,8382.5,-0.019089000000000005
8383,8383.5,-0.019089000000000005
8384,8384.5,98.76223928367776
8385,8385.5,642.4362792681854
8386,8386.5,891.4259532228867
8387,8387.5,1028.5685941872446
8388,8388.5,1065.7818634559173
8389,8389.5,1012.6141987895452
8390,8390.5,897.8786190527674
8391,8391.5,715.4089580885774
8392,8392.5,416.9782773489782
8393,8393.5,-0.019089000000000005
8394,8394.5,-0.019089000000000005
8395,8395.5,-0.019089000000000005
8396,8396.5,-0.019089000000000005
8397,8397.5,-0.019089000000000005
8398,8398.5,-0.019089000000000005
8399,8399.5,-0.019089000000000005
8400,8400.5,-0.019089000000000005
8401,8401.5,-0.019089000000000005
8402,8402.5,-0.019089000000000005
8403,8403.5,-0.019089000000000005
8404,8404.5,-0.019089000000000005
8405,8405.5,-0.019089000000000005
8406,8406.5,-0.019089000000000005
8407,8407.5,-0.019089000000000005
8408,8408.5,96.13805295671686
8409,8409.5,633.7589209381773
8410,8410.5,888.6298200393843
8411,8411.5,1037.698025477059
8412,8412.5,1091.952984948828
8413,8413.5,1058.5693831904507
8414,8414.5,939.7437586073818
8415,8415.5,736.0973140040247
8416,8416.5,425.23847963987305
8417,8417.5,-0.019089000000000005
8418,8418.5,-0.019089000000000005
8419,8419.5,-0.019089000000000005
8420,8420.5,-0.019089000000000005
8421,8421.5,-0.019089000000000005
8422,8422.5,-0.019089000000000005
8423,8423.5,-0.019089000000000005
8424,8424.5,-0.019089000000000005
8425,8425.5,-0.019089000000000005
8426,8426.5,-0.019089000000000005
8427,8427.5,-0.019089000000000005
8428,8428.5,-0.019089000000000005
8429,8429.5,-0.019089000000000005
8430,8430.5,-0.019089000000000005
8431,8431.5,-0.019089000000000005
8432,8432.5,74.34888522221698
8433,8433.5,346.2382349396196
8434,8434.5,686.0068079554918
8435,8435.5,800.9825347789803
8436,8436.5,845.1864483733466
8437,8437.5,835.6090226768264
8438,8438.5,774.8578504821038
8439,8439.5,497.9430506251673
8440,8440.5,264.6391896372002
8441,8441.5,-0.019089000000000005
8442,8442.5,-0.019089000000000005
8443,8443.5,-0.019089000000000005
8444,8444.5,-0.019089000000000005
8445,8445.5,-0.019089000000000005
8446,8446.5,-0.019089000000000005
8447,8447.5,-0.019089000000000005
8448,8448.5,-0.019089000000000005
8449,8449.5,-0.019089000000000005
8450,8450.5,-0.019089000000000005
8451,8451.5,-0.019089000000000005
8452,8452.5,-0.019089000000000005
8453,8453.5,-0.019089000000000005
8454,8454.5,-0.019089000000000005
8455,8455.5,-0.019089000000000005
8456,8456.5,14.852217388806014
8457,8457.5,296.1323822853593
8458,8458.5,264.43000269049634
8459,8459.5,589.7981673592624
8460,8460.5,790.2664413226304
8461,8461.5,1054.1991760183848
8462,8462.5,931.8290656096798
8463,8463.5,727.2770412358628
8464,8464.5,280.8247377149495
8465,8465.5,-0.019089000000000005
8466,8466.5,-0.019089000000000005
8467,8467.5,-0.019089000000000005
8468,8468.5,-0.019089000000000005
8469,8469.5,-0.019089000000000005
8470,8470.5,-0.019089000000000005
8471,8471.5,-0.019089000000000005
8472,8472.5,-0.019089000000000005
8473,8473.5,-0.019089000000000005
8474,8474.5,-0.019089000000000005
8475,8475.5,-0.019089000000000005
8476,8476.5,-0.019089000000000005
8477,8477.5,-0.019089000000000005
8478,8478.5,-0.019089000000000005
8479,8479.5,-0.019089000000000005
8480,8480.5,57.331043103266516
8481,8481.5,240.98115865967577
8482,8482.5,311.9367793724566
8483,8483.5,511.92432772597067
8484,8484.5,437.94398848146596
8485,8485.5,139.62711165604952
8486,8486.5,294.7232693340874
8487,8487.5,346.1437583059007
8488,8488.5,83.97298506917673
8489,8489.5,-0.019089000000000005
8490,8490.5,-0.019089000000000005
8491,8491.5,-0.019089000000000005
8492,8492.5,-0.019089000000000005
8493,8493.5,-0.019089000000000005
8494,8494.5,-0.019089000000000005
8495,8495.5,-0.019089000000000005
8496,8496.5,-0.019089000000000005
8497,8497.5,-0.019089000000000005
8498,8498.5,-0.019089000000000005
8499,8499.5,-0.019089000000000005
8500,8500.5,-0.019089000000000005
8501,8501.5,-0.019089000000000005
8502,8502.5,-0.019089000000000005
8503,8503.5,-0.019089000000000005
8504,8504.5,95.72665372810971
8505,8505.5,105.48576268083326
8506,8506.5,32.23263146177398
8507,8507.5,44.51484579715424
8508,8508.5,235.2588855168004
8509,8509.5,317.47800759985205
8510,8510.5,303.459684660493
8511,8511.5,272.08673114798347
8512,8512.5,86.35972058636197
8513,8513.5,2.04991923963516
8514,8514.5,-0.019089000000000005
8515,8515.5,-0.019089000000000005
8516,8516.5,-0.019089000000000005
8517,8517.5,-0.019089000000000005
8518,8518.5,-0.019089000000000005
8519,8519.5,-0.019089000000000005
8520,8520.5,-0.019089000000000005
8521,8521.5,-0.019089000000000005
8522,8522.5,-0.019089000000000005
8523,8523.5,-0.019089000000000005
8524,8524.5,-0.019089000000000005
8525,8525.5,-0.019089000000000005
8526,8526.5,-0.019089000000000005
8527,8527.5,-0.019089000000000005
8528,8528.5,21.295931612934904
8529,8529.5,154.1411164535941
8530,8530.5,884.6586296510171
8531,8531.5,1071.3486013751756
8532,8532.5,1152.244551005692
8533,8533.5,1127.818979251595
8534,8534.5,1000.4952869431493
8535,8535.5,781.7913455777356
8536,8536.5,443.89032487799165
8537,8537.5,41.999741087764235
8538,8538.5,-0.019089000000000005
8539,8539.5,-0.019089000000000005
8540,8540.5,-0.019089000000000005
8541,8541.5,-0.019089000000000005
8542,8542.5,-0.019089000000000005
8543,8543.5,-0.019089000000000005
8544,8544.5,-0.019089000000000005
8545,8545.5,-0.019089000000000005
8546,8546.5,-0.019089000000000005
8547,8547.5,-0.019089000000000005
8548,8548.5,-0.019089000000000005
8549,8549.5,-0.019089000000000005
8550,8550.5,-0.019089000000000005
8551,8551.5,-0.019089000000000005
8552,8552.5,230.9699462688072
8553,8553.5,633.0854743062519
8554,8554.5,921.3115736205627
8555,8555.5,1094.5926739587692
8556,8556.5,1166.1388519337688
8557,8557.5,1133.4596261473016
8558,8558.5,1004.4493658292397
8559,8559.5,782.0839240956166
8560,8560.5,453.6944736440863
8561,8561.5,46.50832475515381
8562,8562.5,-0.019089000000000005
8563,8563.5,-0.019089000000000005
8564,8564.5,-0.019089000000000005
8565,8565.5,-0.019089000000000005
8566,8566.5,-0.019089000000000005
8567,8567.5,-0.019089000000000005
8568,8568.5,-0.019089000000000005
8569,8569.5,-0.019089000000000005
8570,8570.5,-0.019089000000000005
8571,8571.5,-0.019089000000000005
8572,8572.5,-0.019089000000000005
8573,8573.5,-0.019089000000000005
8574,8574.5,-0.019089000000000005
8575,8575.5,-0.019089000000000005
8576,8576.5,224.90873164320956
8577,8577.5,618.7463828226659
8578,8578.5,889.6615927323451
8579,8579.5,1057.7606093693369
8580,8580.5,1122.063056978976
8581,8581.5,1093.8855051122084
8582,8582.5,963.3972292992491
8583,8583.5,750.7387667968572
8584,8584.5,437.01372578865346
8585,8585.5,46.878883366381274
8586,8586.5,-0.019089000000000005
8587,8587.5,-0.019089000000000005
8588,8588.5,-0.019089000000000005
8589,8589.5,-0.019089000000000005
8590,8590.5,-0.019089000000000005
8591,8591.5,-0.019089000000000005
8592,8592.5,-0.019089000000000005
8593,8593.5,-0.019089000000000005
8594,8594.5,-0.019089000000000005
8595,8595.5,-0.019089000000000005
8596,8596.5,-0.019089000000000005
8597,8597.5,-0.019089000000000005
8598,8598.5,-0.019089000000000005
8599,8599.5,-0.019089000000000005
8600,8600.5,95.17978952757292
8601,8601.5,623.8680343718436
8602,8602.5,910.7101926411606
8603,8603.5,1087.5781779046197
8604,8604.5,1162.184463582643
8605,8605.5,1135.5921946215342
8606,8606.5,1014.4543334460683
8607,8607.5,796.3654127720084
8608,8608.5,469.5498008773196
8609,8609.5,58.04857777536702
8610,8610.5,-0.019089000000000005
8611,8611.5,-0.019089000000000005
8612,8612.5,-0.019089000000000005
8613,8613.5,-0.019089000000000005
8614,8614.5,-0.019089000000000005
8615,8615.5,-0.019089000000000005
8616,8616.5,-0.019089000000000005
8617,8617.5,-0.019089000000000005
8618,8618.5,-0.019089000000000005
8619,8619.5,-0.019089000000000005
8620,8620.5,-0.019089000000000005
8621,8621.5,-0.019089000000000005
8622,8622.5,-0.019089000000000005
8623,8623.5,-0.019089000000000005
8624,8624.5,227.07500054107553
8625,8625.5,623.1794948474769
8626,8626.5,895.7496964410939
8627,8627.5,1063.6182263345245
8628,8628.5,1135.2177655691908
8629,8629.5,1106.6739358235932
8630,8630.5,986.88461103176
8631,8631.5,770.6888956854293
8632,8632.5,458.55584723401626
8633,8633.5,56.57908817675067
8634,8634.5,-0.019089000000000005
8635,8635.5,-0.019089000000000005
8636,8636.5,-0.019089000000000005
8637,8637.5,-0.019089000000000005
8638,8638.5,-0.019089000000000005
8639,8639.5,-0.019089000000000005
8640,8640.5,-0.019089000000000005
8641,8641.5,-0.019089000000000005
8642,8642.5,-0.019089000000000005
8643,8643.5,-0.019089000000000005
8644,8644.5,-0.019089000000000005
8645,8645.5,-0.019089000000000005
8646,8646.5,-0.019089000000000005
8647,8647.5,-0.019089000000000005
8648,8648.5,85.00154776249474
8649,8649.5,602.8967085579403
8650,8650.5,860.8220211246407
8651,8651.5,1015.3333467715996
8652,8652.5,1093.4238013368167
8653,8653.5,1074.6247490263447
8654,8654.5,969.1184458526648
8655,8655.5,768.1800945216528
8656,8656.5,462.4590533635397
8657,8657.5,61.666425000242725
8658,8658.5,-0.019089000000000005
8659,8659.5,-0.019089000000000005
8660,8660.5,-0.019089000000000005
8661,8661.5,-0.019089000000000005
8662,8662.5,-0.019089000000000005
8663,8663.5,-0.019089000000000005
8664,8664.5,-0.019089000000000005
8665,8665.5,-0.019089000000000005
8666,8666.5,-0.019089000000000005
8667,8667.5,-0.019089000000000005
8668,8668.5,-0.019089000000000005
8669,8669.5,-0.019089000000000005
8670,8670.5,-0.019089000000000005
8671,8671.5,-0.019089000000000005
8672,8672.5,218.74171378870523
8673,8673.5,618.1837943503399
8674,8674.5,898.4492712666422
8675,8675.5,1073.1666451811495
8676,8676.5,1146.6785850521685
8677,8677.5,1123.06040686626
8678,8678.5,1002.6043635207836
8679,8679.5,792.7631407258951
8680,8680.5,476.36352832181745
8681,8681.5,66.52373706933246
8682,8682.5,-0.019089000000000005
8683,8683.5,-0.019089000000000005
8684,8684.5,-0.019089000000000005
8685,8685.5,-0.019089000000000005
8686,8686.5,-0.019089000000000005
8687,8687.5,-0.019089000000000005
8688,8688.5,-0.019089000000000005
8689,8689.5,-0.019089000000000005
8690,8690.5,-0.019089000000000005
8691,8691.5,-0.019089000000000005
8692,8692.5,-0.019089000000000005
8693,8693.5,-0.019089000000000005
8694,8694.5,-0.019089000000000005
8695,8695.5,-0.019089000000000005
8696,8696.5,10.72571205233192
8697,8697.5,374.94590134127213
8698,8698.5,492.2279556192182
8699,8699.5,785.3878547136953
8700,8700.5,750.820014464342
8701,8701.5,755.425219585416
8702,8702.5,1005.4543977869217
8703,8703.5,782.5199422695675
8704,8704.5,451.089152871687
8705,8705.5,47.38027326391409
8706,8706.5,-0.019089000000000005
8707,8707.5,-0.019089000000000005
8708,8708.5,-0.019089000000000005
8709,8709.5,-0.019089000000000005
8710,8710.5,-0.019089000000000005
8711,8711.5,-0.019089000000000005
8712,8712.5,-0.019089000000000005
8713,8713.5,-0.019089000000000005
8714,8714.5,-0.019089000000000005
8715,8715.5,-0.019089000000000005
8716,8716.5,-0.019089000000000005
8717,8717.5,-0.019089000000000005
8718,8718.5,-0.019089000000000005
8719,8719.5,-0.019089000000000005
8720,8720.5,204.99582279152895
8721,8721.5,612.5612579757876
8722,8722.5,892.8742097635638
8723,8723.5,1068.0521681204057
8724,8724.5,1145.806668803292
8725,8725.5,1124.8576996893264
8726,8726.5,1007.2669739129101
8727,8727.5,796.5151384150705
8728,8728.5,481.5560484132215
8729,8729.5,70.32060614838089
8730,8730.5,-0.019089000000000005
8731,8731.5,-0.019089000000000005
8732,8732.5,-0.019089000000000005
8733,8733.5,-0.019089000000000005
8734,8734.5,-0.019089000000000005
8735,8735.5,-0.019089000000000005
8736,8736.5,-0.019089000000000005
8737,8737.5,-0.019089000000000005
8738,8738.5,-0.019089000000000005
8739,8739.5,-0.019089000000000005
8740,8740.5,-0.019089000000000005
8741,8741.5,-0.019089000000000005
8742,8742.5,-0.019089000000000005
8743,8743.5,-0.019089000000000005
8744,8744.5,204.4470786699256
8745,8745.5,605.4183892456743
8746,8746.5,886.9368230830648
8747,8747.5,1061.0936812602936
8748,8748.5,1140.4990180500643
8749,8749.5,1116.7672870400213
8750,8750.5,995.5610223096039
8751,8751.5,786.0139832789463
8752,8752.5,476.48374099255767
8753,8753.5,66.99893145813893
8754,8754.5,-0.019089000000000005
8755,8755.5,-0.019089000000000005
8756,8756.5,-0.019089000000000005
8757,8757.5,-0.019089000000000005
8758,8758.5,-0.019089000000000005
8759,8759.5,-0.019089000000000005
