,Time,Power
0,0.5,-0.019089000000000005
1,1.5,-0.019089000000000005
2,2.5,-0.019089000000000005
3,3.5,-0.019089000000000005
4,4.5,-0.019089000000000005
5,5.5,-0.019089000000000005
6,6.5,-0.019089000000000005
7,7.5,-0.019089000000000005
8,8.5,133.44400341652783
9,9.5,651.3158443060676
10,10.5,923.8418747040508
11,11.5,1091.3855914004234
12,12.5,1150.8803549995232
13,13.5,1122.6669827431033
14,14.5,1010.9071205849859
15,15.5,813.1894233153646
16,16.5,512.3382450896346
17,17.5,97.81158211040918
18,18.5,-0.019089000000000005
19,19.5,-0.019089000000000005
20,20.5,-0.019089000000000005
21,21.5,-0.019089000000000005
22,22.5,-0.019089000000000005
23,23.5,-0.019089000000000005
24,24.5,-0.019089000000000005
25,25.5,-0.019089000000000005
26,26.5,-0.019089000000000005
27,27.5,-0.019089000000000005
28,28.5,-0.019089000000000005
29,29.5,-0.019089000000000005
30,30.5,-0.019089000000000005
31,31.5,-0.019089000000000005
32,32.5,128.62560928558256
33,33.5,629.8706690733659
34,34.5,895.9677751839412
35,35.5,1058.0149765056262
36,36.5,1131.4519210016895
37,37.5,1116.4481546258612
38,38.5,1008.8552938230337
39,39.5,811.192910086787
40,40.5,510.2299420394003
41,41.5,97.30417488836099
42,42.5,-0.019089000000000005
43,43.5,-0.019089000000000005
44,44.5,-0.019089000000000005
45,45.5,-0.019089000000000005
46,46.5,-0.019089000000000005
47,47.5,-0.019089000000000005
48,48.5,-0.019089000000000005
49,49.5,-0.019089000000000005
50,50.5,-0.019089000000000005
51,51.5,-0.019089000000000005
52,52.5,-0.019089000000000005
53,53.5,-0.019089000000000005
54,54.5,-0.019089000000000005
55,55.5,-0.019089000000000005
56,56.5,130.32727038834972
57,57.5,633.9441619056203
58,58.5,907.8322799115989
59,59.5,1085.5487573611401
60,60.5,1158.5136143568388
61,61.5,1134.6440862569298
62,62.5,1016.503908571842
63,63.5,821.141333560742
64,64.5,514.9553394227585
65,65.5,100.34210039602833
66,66.5,-0.019089000000000005
67,67.5,-0.019089000000000005
68,68.5,-0.019089000000000005
69,69.5,-0.019089000000000005
70,70.5,-0.019089000000000005
71,71.5,-0.019089000000000005
72,72.5,-0.019089000000000005
73,73.5,-0.019089000000000005
74,74.5,-0.019089000000000005
75,75.5,-0.019089000000000005
76,76.5,-0.019089000000000005
77,77.5,-0.019089000000000005
78,78.5,-0.019089000000000005
79,79.5,-0.019089000000000005
80,80.5,90.9053885055861
81,81.5,407.59891511723004
82,82.5,669.4744355331604
83,83.5,842.4765986646444
84,84.5,1138.4699849164692
85,85.5,1121.3733465083276
86,86.5,1011.3723247181697
87,87.5,811.5403296852833
88,88.5,515.3281539440894
89,89.5,105.57917266490125
90,90.5,-0.019089000000000005
91,91.5,-0.019089000000000005
92,92.5,-0.019089000000000005
93,93.5,-0.019089000000000005
94,94.5,-0.019089000000000005
95,95.5,-0.019089000000000005
96,96.5,-0.019089000000000005
97,97.5,-0.019089000000000005
98,98.5,-0.019089000000000005
99,99.5,-0.019089000000000005
100,100.5,-0.019089000000000005
101,101.5,-0.019089000000000005
102,102.5,-0.019089000000000005
103,103.5,-0.019089000000000005
104,104.5,141.77981654507022
105,105.5,639.1239700947231
106,106.5,918.1534343751645
107,107.5,1090.4310366614382
108,108.5,1172.5974062238163
109,109.5,1155.4276990092558
110,110.5,1039.2335090041527
111,111.5,833.1556506376673
112,112.5,534.4567833233401
113,113.5,114.09806761102244
114,114.5,-0.019089000000000005
115,115.5,-0.019089000000000005
116,116.5,-0.019089000000000005
117,117.5,-0.019089000000000005
118,118.5,-0.019089000000000005
119,119.5,-0.019089000000000005
120,120.5,-0.019089000000000005
121,121.5,-0.019089000000000005
122,122.5,-0.019089000000000005
123,123.5,-0.019089000000000005
124,124.5,-0.019089000000000005
125,125.5,-0.019089000000000005
126,126.5,-0.019089000000000005
127,127.5,-0.019089000000000005
128,128.5,139.14920327894154
129,129.5,432.2781931334108
130,130.5,894.047648004615
131,131.5,1065.603289814759
132,132.5,1138.4326143742671
133,133.5,1120.4714640731138
134,134.5,1008.6039093162333
135,135.5,806.2265978657721
136,136.5,513.0567870871253
137,137.5,108.0404173788902
138,138.5,-0.019089000000000005
139,139.5,-0.019089000000000005
140,140.5,-0.019089000000000005
141,141.5,-0.019089000000000005
142,142.5,-0.019089000000000005
143,143.5,-0.019089000000000005
144,144.5,-0.019089000000000005
145,145.5,-0.019089000000000005
146,146.5,-0.019089000000000005
147,147.5,-0.019089000000000005
148,148.5,-0.019089000000000005
149,149.5,-0.019089000000000005
150,150.5,-0.019089000000000005
151,151.5,-0.019089000000000005
152,152.5,134.73805645442047
153,153.5,625.0238647484053
154,154.5,897.2089075091443
155,155.5,1053.1778881313323
156,156.5,1106.4830696052393
157,157.5,1094.2341907373245
158,158.5,997.4677992765127
159,159.5,808.2912844952847
160,160.5,410.35543850815867
161,161.5,86.00101594880118
162,162.5,-0.019089000000000005
163,163.5,-0.019089000000000005
164,164.5,-0.019089000000000005
165,165.5,-0.019089000000000005
166,166.5,-0.019089000000000005
167,167.5,-0.019089000000000005
168,168.5,-0.019089000000000005
169,169.5,-0.019089000000000005
170,170.5,-0.019089000000000005
171,171.5,-0.019089000000000005
172,172.5,-0.019089000000000005
173,173.5,-0.019089000000000005
174,174.5,-0.019089000000000005
175,175.5,-0.019089000000000005
176,176.5,127.98676609873017
177,177.5,586.6271742994127
178,178.5,707.4385196865366
179,179.5,1052.3201008769001
180,180.5,1132.7648389055332
181,181.5,1121.7897913944507
182,182.5,1017.409638853432
183,183.5,815.508290158251
184,184.5,248.6424542389255
185,185.5,47.085919165621185
186,186.5,-0.019089000000000005
187,187.5,-0.019089000000000005
188,188.5,-0.019089000000000005
189,189.5,-0.019089000000000005
190,190.5,-0.019089000000000005
191,191.5,-0.019089000000000005
192,192.5,-0.019089000000000005
193,193.5,-0.019089000000000005
194,194.5,-0.019089000000000005
195,195.5,-0.019089000000000005
196,196.5,-0.019089000000000005
197,197.5,-0.019089000000000005
198,198.5,-0.019089000000000005
199,199.5,-0.019089000000000005
200,200.5,10.720245034195106
201,201.5,197.89742434927268
202,202.5,102.95022577513971
203,203.5,224.38117673355393
204,204.5,174.64296253314674
205,205.5,136.1504876941435
206,206.5,58.24709441537798
207,207.5,101.48304078548463
208,208.5,21.029642086072734
209,209.5,1.2550211265161533
210,210.5,-0.019089000000000005
211,211.5,-0.019089000000000005
212,212.5,-0.019089000000000005
213,213.5,-0.019089000000000005
214,214.5,-0.019089000000000005
215,215.5,-0.019089000000000005
216,216.5,-0.019089000000000005
217,217.5,-0.019089000000000005
218,218.5,-0.019089000000000005
219,219.5,-0.019089000000000005
220,220.5,-0.019089000000000005
221,221.5,-0.019089000000000005
222,222.5,-0.019089000000000005
223,223.5,-0.019089000000000005
224,224.5,211.5646327433958
225,225.5,618.9938757835799
226,226.5,902.7902778188687
227,227.5,1085.6098026576194
228,228.5,1173.8901934948933
229,229.5,1162.7548620832338
230,230.5,1051.6803076714139
231,231.5,852.9858016781993
232,232.5,552.3325381434889
233,233.5,153.81573745210105
234,234.5,-0.019089000000000005
235,235.5,-0.019089000000000005
236,236.5,-0.019089000000000005
237,237.5,-0.019089000000000005
238,238.5,-0.019089000000000005
239,239.5,-0.019089000000000005
240,240.5,-0.019089000000000005
241,241.5,-0.019089000000000005
242,242.5,-0.019089000000000005
243,243.5,-0.019089000000000005
244,244.5,-0.019089000000000005
245,245.5,-0.019089000000000005
246,246.5,-0.019089000000000005
247,247.5,-0.019089000000000005
248,248.5,160.25309171099383
249,249.5,632.669397338659
250,250.5,688.9155691637906
251,251.5,903.2067827426255
252,252.5,1167.996723180766
253,253.5,1155.9102328902702
254,254.5,1051.352596654095
255,255.5,862.5796754577203
256,256.5,553.319601146596
257,257.5,144.759192675176
258,258.5,-0.019089000000000005
259,259.5,-0.019089000000000005
260,260.5,-0.019089000000000005
261,261.5,-0.019089000000000005
262,262.5,-0.019089000000000005
263,263.5,-0.019089000000000005
264,264.5,-0.019089000000000005
265,265.5,-0.019089000000000005
266,266.5,-0.019089000000000005
267,267.5,-0.019089000000000005
268,268.5,-0.019089000000000005
269,269.5,-0.019089000000000005
270,270.5,-0.019089000000000005
271,271.5,-0.019089000000000005
272,272.5,148.96566618120377
273,273.5,656.1512001648722
274,274.5,844.9504190704054
275,275.5,1015.9647721366651
276,276.5,1065.1542196106147
277,277.5,1214.6793432500165
278,278.5,1101.0094272842007
279,279.5,891.5104918070717
280,280.5,582.1403533238275
281,281.5,164.14831218105917
282,282.5,-0.019089000000000005
283,283.5,-0.019089000000000005
284,284.5,-0.019089000000000005
285,285.5,-0.019089000000000005
286,286.5,-0.019089000000000005
287,287.5,-0.019089000000000005
288,288.5,-0.019089000000000005
289,289.5,-0.019089000000000005
290,290.5,-0.019089000000000005
291,291.5,-0.019089000000000005
292,292.5,-0.019089000000000005
293,293.5,-0.019089000000000005
294,294.5,-0.019089000000000005
295,295.5,-0.019089000000000005
296,296.5,150.54204751538333
297,297.5,644.5432657580403
298,298.5,934.4638746242524
299,299.5,1121.1686980400823
300,300.5,1198.0663503136875
301,301.5,1182.4714952028646
302,302.5,1070.4982916006672
303,303.5,868.0728929623418
304,304.5,574.98170140768
305,305.5,174.43859240262668
306,306.5,-0.019089000000000005
307,307.5,-0.019089000000000005
308,308.5,-0.019089000000000005
309,309.5,-0.019089000000000005
310,310.5,-0.019089000000000005
311,311.5,-0.019089000000000005
312,312.5,-0.019089000000000005
313,313.5,-0.019089000000000005
314,314.5,-0.019089000000000005
315,315.5,-0.019089000000000005
316,316.5,-0.019089000000000005
317,317.5,-0.019089000000000005
318,318.5,-0.019089000000000005
319,319.5,-0.019089000000000005
320,320.5,138.90160799134836
321,321.5,663.7601187579575
322,322.5,942.7659707112911
323,323.5,1116.1387034177903
324,324.5,1199.1418928722653
325,325.5,1188.948212797668
326,326.5,1079.7518050362064
327,327.5,877.9799756435368
328,328.5,587.4287105791274
329,329.5,186.5568137004727
330,330.5,-0.019089000000000005
331,331.5,-0.019089000000000005
332,332.5,-0.019089000000000005
333,333.5,-0.019089000000000005
334,334.5,-0.019089000000000005
335,335.5,-0.019089000000000005
336,336.5,-0.019089000000000005
337,337.5,-0.019089000000000005
338,338.5,-0.019089000000000005
339,339.5,-0.019089000000000005
340,340.5,-0.019089000000000005
341,341.5,-0.019089000000000005
342,342.5,-0.019089000000000005
343,343.5,-0.019089000000000005
344,344.5,145.05940597079612
345,345.5,587.0207328600608
346,346.5,866.0338947510038
347,347.5,1040.9186370155105
348,348.5,1126.219128217211
349,349.5,1119.5822517709516
350,350.5,1016.895240612263
351,351.5,828.6604524539816
352,352.5,546.3074230847234
353,353.5,163.0166941210745
354,354.5,-0.019089000000000005
355,355.5,-0.019089000000000005
356,356.5,-0.019089000000000005
357,357.5,-0.019089000000000005
358,358.5,-0.019089000000000005
359,359.5,-0.019089000000000005
360,360.5,-0.019089000000000005
361,361.5,-0.019089000000000005
362,362.5,-0.019089000000000005
363,363.5,-0.019089000000000005
364,364.5,-0.019089000000000005
365,365.5,-0.019089000000000005
366,366.5,-0.019089000000000005
367,367.5,-0.019089000000000005
368,368.5,75.92379338631945
369,369.5,262.6347627367636
370,370.5,512.0689463169716
371,371.5,851.26994518876
372,372.5,1113.6279282564367
373,373.5,1110.6399960908777
374,374.5,1009.0323445919164
375,375.5,821.1488813130891
376,376.5,537.177937944295
377,377.5,162.76411422599244
378,378.5,-0.019089000000000005
379,379.5,-0.019089000000000005
380,380.5,-0.019089000000000005
381,381.5,-0.019089000000000005
382,382.5,-0.019089000000000005
383,383.5,-0.019089000000000005
384,384.5,-0.019089000000000005
385,385.5,-0.019089000000000005
386,386.5,-0.019089000000000005
387,387.5,-0.019089000000000005
388,388.5,-0.019089000000000005
389,389.5,-0.019089000000000005
390,390.5,-0.019089000000000005
391,391.5,-0.019089000000000005
392,392.5,131.13615821102806
393,393.5,422.4294992884777
394,394.5,921.3298472167253
395,395.5,1108.0366037691442
396,396.5,1183.1161791480558
397,397.5,1158.6997587136336
398,398.5,1047.4405343455803
399,399.5,868.3308139343313
400,400.5,576.7978773482414
401,401.5,180.6618109524054
402,402.5,-0.019089000000000005
403,403.5,-0.019089000000000005
404,404.5,-0.019089000000000005
405,405.5,-0.019089000000000005
406,406.5,-0.019089000000000005
407,407.5,-0.019089000000000005
408,408.5,-0.019089000000000005
409,409.5,-0.019089000000000005
410,410.5,-0.019089000000000005
411,411.5,-0.019089000000000005
412,412.5,-0.019089000000000005
413,413.5,-0.019089000000000005
414,414.5,-0.019089000000000005
415,415.5,-0.019089000000000005
416,416.5,148.85708461088328
417,417.5,641.9260379265592
418,418.5,929.4157475870478
419,419.5,1111.170281681703
420,420.5,987.9216018855288
421,421.5,969.2685290368927
422,422.5,748.5184380404643
423,423.5,875.4918966711483
424,424.5,588.4870123035928
425,425.5,202.57830518595117
426,426.5,-0.019089000000000005
427,427.5,-0.019089000000000005
428,428.5,-0.019089000000000005
429,429.5,-0.019089000000000005
430,430.5,-0.019089000000000005
431,431.5,-0.019089000000000005
432,432.5,-0.019089000000000005
433,433.5,-0.019089000000000005
434,434.5,-0.019089000000000005
435,435.5,-0.019089000000000005
436,436.5,-0.019089000000000005
437,437.5,-0.019089000000000005
438,438.5,-0.019089000000000005
439,439.5,-0.019089000000000005
440,440.5,122.46280544671998
441,441.5,601.3756590150518
442,442.5,869.0825420673261
443,443.5,1039.8862698900311
444,444.5,1108.5730975393153
445,445.5,1096.4290270352858
446,446.5,1005.0517646133649
447,447.5,824.8670138359226
448,448.5,558.3978881272097
449,449.5,188.04346009664417
450,450.5,-0.019089000000000005
451,451.5,-0.019089000000000005
452,452.5,-0.019089000000000005
453,453.5,-0.019089000000000005
454,454.5,-0.019089000000000005
455,455.5,-0.019089000000000005
456,456.5,-0.019089000000000005
457,457.5,-0.019089000000000005
458,458.5,-0.019089000000000005
459,459.5,-0.019089000000000005
460,460.5,-0.019089000000000005
461,461.5,-0.019089000000000005
462,462.5,-0.019089000000000005
463,463.5,-0.019089000000000005
464,464.5,233.54321885575115
465,465.5,627.347285740725
466,466.5,906.94156248534
467,467.5,1093.0776173972563
468,468.5,1187.7030727707847
469,469.5,1188.6655875781505
470,470.5,1092.4685843209083
471,471.5,897.18684976538
472,472.5,602.2215980597313
473,473.5,207.7006681120448
474,474.5,-0.019089000000000005
475,475.5,-0.019089000000000005
476,476.5,-0.019089000000000005
477,477.5,-0.019089000000000005
478,478.5,-0.019089000000000005
479,479.5,-0.019089000000000005
480,480.5,-0.019089000000000005
481,481.5,-0.019089000000000005
482,482.5,-0.019089000000000005
483,483.5,-0.019089000000000005
484,484.5,-0.019089000000000005
485,485.5,-0.019089000000000005
486,486.5,-0.019089000000000005
487,487.5,-0.019089000000000005
488,488.5,149.9708061624845
489,489.5,626.393385471852
490,490.5,905.0868639983963
491,491.5,1092.9992251441452
492,492.5,1189.105016161582
493,493.5,1190.3334069268835
494,494.5,1092.9303966408884
495,495.5,894.9280949116921
496,496.5,606.2387618438246
497,497.5,210.09247207078354
498,498.5,-0.019089000000000005
499,499.5,-0.019089000000000005
500,500.5,-0.019089000000000005
501,501.5,-0.019089000000000005
502,502.5,-0.019089000000000005
503,503.5,-0.019089000000000005
504,504.5,-0.019089000000000005
505,505.5,-0.019089000000000005
506,506.5,-0.019089000000000005
507,507.5,-0.019089000000000005
508,508.5,-0.019089000000000005
509,509.5,-0.019089000000000005
510,510.5,-0.019089000000000005
511,511.5,-0.019089000000000005
512,512.5,145.6614520587044
513,513.5,637.3971967734517
514,514.5,938.4921260968803
515,515.5,1137.0449696669293
516,516.5,1230.7180709278985
517,517.5,1222.450613412422
518,518.5,1115.3051339697797
519,519.5,912.7968847245437
520,520.5,618.8356089932173
521,521.5,217.51981155651217
522,522.5,-0.019089000000000005
523,523.5,-0.019089000000000005
524,524.5,-0.019089000000000005
525,525.5,-0.019089000000000005
526,526.5,-0.019089000000000005
527,527.5,-0.019089000000000005
528,528.5,-0.019089000000000005
529,529.5,-0.019089000000000005
530,530.5,-0.019089000000000005
531,531.5,-0.019089000000000005
532,532.5,-0.019089000000000005
533,533.5,-0.019089000000000005
534,534.5,-0.019089000000000005
535,535.5,-0.019089000000000005
536,536.5,161.715541480937
537,537.5,638.0107634056466
538,538.5,925.3520595082523
539,539.5,1108.5291313177263
540,540.5,1195.259632932302
541,541.5,1188.5039574006087
542,542.5,1085.4353477726822
543,543.5,890.3948276682861
544,544.5,609.5706252601747
545,545.5,219.6905134118454
546,546.5,-0.019089000000000005
547,547.5,-0.019089000000000005
548,548.5,-0.019089000000000005
549,549.5,-0.019089000000000005
550,550.5,-0.019089000000000005
551,551.5,-0.019089000000000005
552,552.5,-0.019089000000000005
553,553.5,-0.019089000000000005
554,554.5,-0.019089000000000005
555,555.5,-0.019089000000000005
556,556.5,-0.019089000000000005
557,557.5,-0.019089000000000005
558,558.5,-0.019089000000000005
559,559.5,-0.019089000000000005
560,560.5,60.45661079139901
561,561.5,269.6672235256914
562,562.5,218.75616999550013
563,563.5,512.576181711285
564,564.5,404.54866816964517
565,565.5,242.202251224594
566,566.5,291.8159299688494
567,567.5,193.61793164819116
568,568.5,195.55929161832327
569,569.5,14.95401256508656
570,570.5,-0.019089000000000005
571,571.5,-0.019089000000000005
572,572.5,-0.019089000000000005
573,573.5,-0.019089000000000005
574,574.5,-0.019089000000000005
575,575.5,-0.019089000000000005
576,576.5,-0.019089000000000005
577,577.5,-0.019089000000000005
578,578.5,-0.019089000000000005
579,579.5,-0.019089000000000005
580,580.5,-0.019089000000000005
581,581.5,-0.019089000000000005
582,582.5,-0.019089000000000005
583,583.5,-0.019089000000000005
584,584.5,22.620236244780614
585,585.5,119.35244833283866
586,586.5,34.16668579355293
587,587.5,44.80119280247381
588,588.5,59.23230581737368
589,589.5,406.0807166718051
590,590.5,341.6823344931218
591,591.5,424.1922861962489
592,592.5,321.5574293119427
593,593.5,169.36375031305968
594,594.5,-0.019089000000000005
595,595.5,-0.019089000000000005
596,596.5,-0.019089000000000005
597,597.5,-0.019089000000000005
598,598.5,-0.019089000000000005
599,599.5,-0.019089000000000005
600,600.5,-0.019089000000000005
601,601.5,-0.019089000000000005
602,602.5,-0.019089000000000005
603,603.5,-0.019089000000000005
604,604.5,-0.019089000000000005
605,605.5,-0.019089000000000005
606,606.5,-0.019089000000000005
607,607.5,-0.019089000000000005
608,608.5,235.04686575866117
609,609.5,634.7018570800544
610,610.5,920.5327964946147
611,611.5,1108.7301657858222
612,612.5,1203.275583516813
613,613.5,1195.9905886090637
614,614.5,1095.8862723639543
615,615.5,904.6146291291191
616,616.5,620.1732867668079
617,617.5,239.27454333746437
618,618.5,-0.019089000000000005
619,619.5,-0.019089000000000005
620,620.5,-0.019089000000000005
621,621.5,-0.019089000000000005
622,622.5,-0.019089000000000005
623,623.5,-0.019089000000000005
624,624.5,-0.019089000000000005
625,625.5,-0.019089000000000005
626,626.5,-0.019089000000000005
627,627.5,-0.019089000000000005
628,628.5,-0.019089000000000005
629,629.5,-0.019089000000000005
630,630.5,-0.019089000000000005
631,631.5,-0.019089000000000005
632,632.5,50.419817093166756
633,633.5,140.11046704058828
634,634.5,894.1932103436175
635,635.5,1076.0064168460262
636,636.5,1163.4811323079941
637,637.5,1159.77027815187
638,638.5,1063.8983388592867
639,639.5,879.4432197874473
640,640.5,606.04856367791
641,641.5,228.78493173976756
642,642.5,-0.019089000000000005
643,643.5,-0.019089000000000005
644,644.5,-0.019089000000000005
645,645.5,-0.019089000000000005
646,646.5,-0.019089000000000005
647,647.5,-0.019089000000000005
648,648.5,-0.019089000000000005
649,649.5,-0.019089000000000005
650,650.5,-0.019089000000000005
651,651.5,-0.019089000000000005
652,652.5,-0.019089000000000005
653,653.5,-0.019089000000000005
654,654.5,-0.019089000000000005
655,655.5,-0.019089000000000005
656,656.5,150.40316132757576
657,657.5,479.2240542702634
658,658.5,435.4715764931177
659,659.5,674.611572028382
660,660.5,904.6468130472479
661,661.5,849.5358894453743
662,662.5,867.6106657020616
663,663.5,657.743709063961
664,664.5,577.6077186391204
665,665.5,242.3066118981697
666,666.5,-0.019089000000000005
667,667.5,-0.019089000000000005
668,668.5,-0.019089000000000005
669,669.5,-0.019089000000000005
670,670.5,-0.019089000000000005
671,671.5,-0.019089000000000005
672,672.5,-0.019089000000000005
673,673.5,-0.019089000000000005
674,674.5,-0.019089000000000005
675,675.5,-0.019089000000000005
676,676.5,-0.019089000000000005
677,677.5,-0.019089000000000005
678,678.5,-0.019089000000000005
679,679.5,-0.019089000000000005
680,680.5,252.971125475905
681,681.5,662.7175278675876
682,682.5,947.9635917368524
683,683.5,1134.8783016732189
684,684.5,1224.7356805531829
685,685.5,1216.7951085054317
686,686.5,1116.82128435089
687,687.5,929.8347948813887
688,688.5,652.2380662285784
689,689.5,259.5876625130714
690,690.5,-0.019089000000000005
691,691.5,-0.019089000000000005
692,692.5,-0.019089000000000005
693,693.5,-0.019089000000000005
694,694.5,-0.019089000000000005
695,695.5,-0.019089000000000005
696,696.5,-0.019089000000000005
697,697.5,-0.019089000000000005
698,698.5,-0.019089000000000005
699,699.5,-0.019089000000000005
700,700.5,-0.019089000000000005
701,701.5,-0.019089000000000005
702,702.5,-0.019089000000000005
703,703.5,-0.019089000000000005
704,704.5,181.53923136045415
705,705.5,650.7956921966843
706,706.5,933.2792170527647
707,707.5,1124.5121935425832
708,708.5,1212.2583034766376
709,709.5,1206.0556580369432
710,710.5,1103.187341980501
711,711.5,779.6146512661629
712,712.5,391.1803280272443
713,713.5,229.53269947274688
714,714.5,-0.019089000000000005
715,715.5,-0.019089000000000005
716,716.5,-0.019089000000000005
717,717.5,-0.019089000000000005
718,718.5,-0.019089000000000005
719,719.5,-0.019089000000000005
720,720.5,-0.019089000000000005
721,721.5,-0.019089000000000005
722,722.5,-0.019089000000000005
723,723.5,-0.019089000000000005
724,724.5,-0.019089000000000005
725,725.5,-0.019089000000000005
726,726.5,-0.019089000000000005
727,727.5,-0.019089000000000005
728,728.5,71.86393985207127
729,729.5,402.20283749744584
730,730.5,746.2556963729196
731,731.5,864.1115596194144
732,732.5,1182.7980304826879
733,733.5,1180.1799894799653
734,734.5,1086.7450897290262
735,735.5,901.7464780050869
736,736.5,628.6928657322698
737,737.5,249.670182160584
738,738.5,-0.019089000000000005
739,739.5,-0.019089000000000005
740,740.5,-0.019089000000000005
741,741.5,-0.019089000000000005
742,742.5,-0.019089000000000005
743,743.5,-0.019089000000000005
744,744.5,-0.019089000000000005
745,745.5,-0.019089000000000005
746,746.5,-0.019089000000000005
747,747.5,-0.019089000000000005
748,748.5,-0.019089000000000005
749,749.5,-0.019089000000000005
750,750.5,-0.019089000000000005
751,751.5,-0.019089000000000005
752,752.5,249.96475641740213
753,753.5,649.6954126000684
754,754.5,931.9508262505084
755,755.5,1121.1571204513177
756,756.5,1219.5076629133093
757,757.5,1215.974912691023
758,758.5,1118.730189577043
759,759.5,928.8759455637863
760,760.5,656.7400733959381
761,761.5,267.7867981132845
762,762.5,-0.019089000000000005
763,763.5,-0.019089000000000005
764,764.5,-0.019089000000000005
765,765.5,-0.019089000000000005
766,766.5,-0.019089000000000005
767,767.5,-0.019089000000000005
768,768.5,-0.019089000000000005
769,769.5,-0.019089000000000005
770,770.5,-0.019089000000000005
771,771.5,-0.019089000000000005
772,772.5,-0.019089000000000005
773,773.5,-0.019089000000000005
774,774.5,-0.019089000000000005
775,775.5,-0.019089000000000005
776,776.5,93.12833773709124
777,777.5,342.38467966658953
778,778.5,173.83906081460776
779,779.5,272.1230310816841
780,780.5,342.00580526613146
781,781.5,772.4223644313793
782,782.5,695.8742051608807
783,783.5,538.7100751553309
784,784.5,488.722963051456
785,785.5,212.34354202322527
786,786.5,-0.019089000000000005
787,787.5,-0.019089000000000005
788,788.5,-0.019089000000000005
789,789.5,-0.019089000000000005
790,790.5,-0.019089000000000005
791,791.5,-0.019089000000000005
792,792.5,-0.019089000000000005
793,793.5,-0.019089000000000005
794,794.5,-0.019089000000000005
795,795.5,-0.019089000000000005
796,796.5,-0.019089000000000005
797,797.5,-0.019089000000000005
798,798.5,-0.019089000000000005
799,799.5,-0.019089000000000005
800,800.5,260.2220992077503
801,801.5,666.9360903981565
802,802.5,951.8933975370222
803,803.5,1151.2827538843767
804,804.5,1248.08607
805,805.5,1248.08607
806,806.5,1155.5354072541613
807,807.5,956.3115854731374
808,808.5,669.4476628108516
809,809.5,272.40825825267336
810,810.5,-0.019089000000000005
811,811.5,-0.019089000000000005
812,812.5,-0.019089000000000005
813,813.5,-0.019089000000000005
814,814.5,-0.019089000000000005
815,815.5,-0.019089000000000005
816,816.5,-0.019089000000000005
817,817.5,-0.019089000000000005
818,818.5,-0.019089000000000005
819,819.5,-0.019089000000000005
820,820.5,-0.019089000000000005
821,821.5,-0.019089000000000005
822,822.5,-0.019089000000000005
823,823.5,-0.019089000000000005
824,824.5,21.822920056059186
825,825.5,320.11630159883333
826,826.5,642.0222761530107
827,827.5,752.6702420267361
828,828.5,1114.057930526251
829,829.5,1225.4731961374143
830,830.5,863.1585302293366
831,831.5,580.420824264945
832,832.5,135.2004676054012
833,833.5,162.574034487976
834,834.5,-0.019089000000000005
835,835.5,-0.019089000000000005
836,836.5,-0.019089000000000005
837,837.5,-0.019089000000000005
838,838.5,-0.019089000000000005
839,839.5,-0.019089000000000005
840,840.5,-0.019089000000000005
841,841.5,-0.019089000000000005
842,842.5,-0.019089000000000005
843,843.5,-0.019089000000000005
844,844.5,-0.019089000000000005
845,845.5,-0.019089000000000005
846,846.5,-0.019089000000000005
847,847.5,-0.019089000000000005
848,848.5,200.79824393140794
849,849.5,511.58597774627424
850,850.5,957.728148333136
851,851.5,1145.1398035164555
852,852.5,1234.3438751458366
853,853.5,1222.4912052645116
854,854.5,1118.3358523361837
855,855.5,933.1923214076511
856,856.5,658.950002315953
857,857.5,280.25507031441344
858,858.5,-0.019089000000000005
859,859.5,-0.019089000000000005
860,860.5,-0.019089000000000005
861,861.5,-0.019089000000000005
862,862.5,-0.019089000000000005
863,863.5,-0.019089000000000005
864,864.5,-0.019089000000000005
865,865.5,-0.019089000000000005
866,866.5,-0.019089000000000005
867,867.5,-0.019089000000000005
868,868.5,-0.019089000000000005
869,869.5,-0.019089000000000005
870,870.5,-0.019089000000000005
871,871.5,-0.019089000000000005
872,872.5,258.64286413088735
873,873.5,657.2640057920437
874,874.5,947.991729329635
875,875.5,1137.7467952170948
876,876.5,1236.0302508267532
877,877.5,1237.1889845728401
878,878.5,1135.7202835363983
879,879.5,947.3552895172019
880,880.5,659.8334797210692
881,881.5,274.991398176833
882,882.5,-0.019089000000000005
883,883.5,-0.019089000000000005
884,884.5,-0.019089000000000005
885,885.5,-0.019089000000000005
886,886.5,-0.019089000000000005
887,887.5,-0.019089000000000005
888,888.5,-0.019089000000000005
889,889.5,-0.019089000000000005
890,890.5,-0.019089000000000005
891,891.5,-0.019089000000000005
892,892.5,-0.019089000000000005
893,893.5,-0.019089000000000005
894,894.5,-0.019089000000000005
895,895.5,-0.019089000000000005
896,896.5,40.31251477965369
897,897.5,379.93188144181113
898,898.5,525.5008178822789
899,899.5,870.2332128700845
900,900.5,1019.1632197262857
901,901.5,1090.2958970379718
902,902.5,1144.0263826483556
903,903.5,700.0395669194044
904,904.5,624.3320883342379
905,905.5,226.9299519921849
906,906.5,-0.019089000000000005
907,907.5,-0.019089000000000005
908,908.5,-0.019089000000000005
909,909.5,-0.019089000000000005
910,910.5,-0.019089000000000005
911,911.5,-0.019089000000000005
912,912.5,-0.019089000000000005
913,913.5,-0.019089000000000005
914,914.5,-0.019089000000000005
915,915.5,-0.019089000000000005
916,916.5,-0.019089000000000005
917,917.5,-0.019089000000000005
918,918.5,-0.019089000000000005
919,919.5,-0.019089000000000005
920,920.5,268.58080867688204
921,921.5,668.1741671361234
922,922.5,951.2442698294328
923,923.5,1134.5760452129916
924,924.5,1228.1178285128462
925,925.5,1230.5235670534723
926,926.5,1132.3335387618351
927,927.5,946.0219305173689
928,928.5,661.9636191772877
929,929.5,278.563944506332
930,930.5,-0.019089000000000005
931,931.5,-0.019089000000000005
932,932.5,-0.019089000000000005
933,933.5,-0.019089000000000005
934,934.5,-0.019089000000000005
935,935.5,-0.019089000000000005
936,936.5,-0.019089000000000005
937,937.5,-0.019089000000000005
938,938.5,-0.019089000000000005
939,939.5,-0.019089000000000005
940,940.5,-0.019089000000000005
941,941.5,-0.019089000000000005
942,942.5,-0.019089000000000005
943,943.5,-0.019089000000000005
944,944.5,151.9172442471947
945,945.5,404.65058741338396
946,946.5,648.380929293963
947,947.5,1080.7186097243377
948,948.5,1031.566511211858
949,949.5,713.1165573116123
950,950.5,889.2302697177948
951,951.5,362.9186466221511
952,952.5,93.029748754282
953,953.5,98.66515248856332
954,954.5,-0.019089000000000005
955,955.5,-0.019089000000000005
956,956.5,-0.019089000000000005
957,957.5,-0.019089000000000005
958,958.5,-0.019089000000000005
959,959.5,-0.019089000000000005
960,960.5,-0.019089000000000005
961,961.5,-0.019089000000000005
962,962.5,-0.019089000000000005
963,963.5,-0.019089000000000005
964,964.5,-0.019089000000000005
965,965.5,-0.019089000000000005
966,966.5,-0.019089000000000005
967,967.5,-0.019089000000000005
968,968.5,283.6740045133273
969,969.5,683.3036684762371
970,970.5,964.5066845586962
971,971.5,1155.5284175202578
972,972.5,1242.6252057588106
973,973.5,1233.6365493966418
974,974.5,1129.7819932332914
975,975.5,943.3497194609895
976,976.5,670.4691909882771
977,977.5,298.9761164116201
978,978.5,-0.019089000000000005
979,979.5,-0.019089000000000005
980,980.5,-0.019089000000000005
981,981.5,-0.019089000000000005
982,982.5,-0.019089000000000005
983,983.5,-0.019089000000000005
984,984.5,-0.019089000000000005
985,985.5,-0.019089000000000005
986,986.5,-0.019089000000000005
987,987.5,-0.019089000000000005
988,988.5,-0.019089000000000005
989,989.5,-0.019089000000000005
990,990.5,-0.019089000000000005
991,991.5,-0.019089000000000005
992,992.5,199.49365145611608
993,993.5,714.3929929622029
994,994.5,1009.065445121455
995,995.5,1216.7785773493126
996,996.5,1248.08607
997,997.5,784.1418675417673
998,998.5,953.4733263078748
999,999.5,383.8747248250154
1000,1000.5,313.9470970487557
1001,1001.5,301.7424849535731
1002,1002.5,-0.019089000000000005
1003,1003.5,-0.019089000000000005
1004,1004.5,-0.019089000000000005
1005,1005.5,-0.019089000000000005
1006,1006.5,-0.019089000000000005
1007,1007.5,-0.019089000000000005
1008,1008.5,-0.019089000000000005
1009,1009.5,-0.019089000000000005
1010,1010.5,-0.019089000000000005
1011,1011.5,-0.019089000000000005
1012,1012.5,-0.019089000000000005
1013,1013.5,-0.019089000000000005
1014,1014.5,-0.019089000000000005
1015,1015.5,-0.019089000000000005
1016,1016.5,12.674944789270818
1017,1017.5,97.73034950656145
1018,1018.5,296.4727535146699
1019,1019.5,154.3321861532427
1020,1020.5,257.72645068572643
1021,1021.5,259.12337507883433
1022,1022.5,393.18664329625426
1023,1023.5,24.62265064856664
1024,1024.5,12.541083891313558
1025,1025.5,12.47475495157888
1026,1026.5,-0.019089000000000005
1027,1027.5,-0.019089000000000005
1028,1028.5,-0.019089000000000005
1029,1029.5,-0.019089000000000005
1030,1030.5,-0.019089000000000005
1031,1031.5,-0.019089000000000005
1032,1032.5,-0.019089000000000005
1033,1033.5,-0.019089000000000005
1034,1034.5,-0.019089000000000005
1035,1035.5,-0.019089000000000005
1036,1036.5,-0.019089000000000005
1037,1037.5,-0.019089000000000005
1038,1038.5,-0.019089000000000005
1039,1039.5,-0.019089000000000005
1040,1040.5,281.8833586847383
1041,1041.5,693.2327722163359
1042,1042.5,989.6466747859421
1043,1043.5,1185.9546180642167
1044,1044.5,1248.08607
1045,1045.5,1248.08607
1046,1046.5,1183.1410778822667
1047,1047.5,983.8543665561485
1048,1048.5,702.0190166617327
1049,1049.5,318.0841449766161
1050,1050.5,-0.019089000000000005
1051,1051.5,-0.019089000000000005
1052,1052.5,-0.019089000000000005
1053,1053.5,-0.019089000000000005
1054,1054.5,-0.019089000000000005
1055,1055.5,-0.019089000000000005
1056,1056.5,-0.019089000000000005
1057,1057.5,-0.019089000000000005
1058,1058.5,-0.019089000000000005
1059,1059.5,-0.019089000000000005
1060,1060.5,-0.019089000000000005
1061,1061.5,-0.019089000000000005
1062,1062.5,-0.019089000000000005
1063,1063.5,-0.019089000000000005
1064,1064.5,291.29077276682835
1065,1065.5,678.9299902106761
1066,1066.5,952.2905346159617
1067,1067.5,1140.7822897426406
1068,1068.5,1234.662816379192
1069,1069.5,1231.3868796173692
1070,1070.5,1135.6398026660816
1071,1071.5,469.1915572570348
1072,1072.5,621.9263862073999
1073,1073.5,83.3911251555155
1074,1074.5,-0.019089000000000005
1075,1075.5,-0.019089000000000005
1076,1076.5,-0.019089000000000005
1077,1077.5,-0.019089000000000005
1078,1078.5,-0.019089000000000005
1079,1079.5,-0.019089000000000005
1080,1080.5,-0.019089000000000005
1081,1081.5,-0.019089000000000005
1082,1082.5,-0.019089000000000005
1083,1083.5,-0.019089000000000005
1084,1084.5,-0.019089000000000005
1085,1085.5,-0.019089000000000005
1086,1086.5,-0.019089000000000005
1087,1087.5,-0.019089000000000005
1088,1088.5,313.2842661534166
1089,1089.5,722.4150967131995
1090,1090.5,1013.1105311246488
1091,1091.5,1213.1059884337637
1092,1092.5,1248.08607
1093,1093.5,1248.08607
1094,1094.5,1201.800035914858
1095,1095.5,999.2013575595338
1096,1096.5,712.6805851005968
1097,1097.5,327.0372733832317
1098,1098.5,-0.019089000000000005
1099,1099.5,-0.019089000000000005
1100,1100.5,-0.019089000000000005
1101,1101.5,-0.019089000000000005
1102,1102.5,-0.019089000000000005
1103,1103.5,-0.019089000000000005
1104,1104.5,-0.019089000000000005
1105,1105.5,-0.019089000000000005
1106,1106.5,-0.019089000000000005
1107,1107.5,-0.019089000000000005
1108,1108.5,-0.019089000000000005
1109,1109.5,-0.019089000000000005
1110,1110.5,-0.019089000000000005
1111,1111.5,-0.019089000000000005
1112,1112.5,227.36005956940835
1113,1113.5,433.12348161949643
1114,1114.5,373.209109434798
1115,1115.5,358.181549005457
1116,1116.5,60.46901662298775
1117,1117.5,416.5526180982823
1118,1118.5,515.6473141340515
1119,1119.5,159.77324265521293
1120,1120.5,233.27859396682223
1121,1121.5,36.09581860191864
1122,1122.5,-0.019089000000000005
1123,1123.5,-0.019089000000000005
1124,1124.5,-0.019089000000000005
1125,1125.5,-0.019089000000000005
1126,1126.5,-0.019089000000000005
1127,1127.5,-0.019089000000000005
1128,1128.5,-0.019089000000000005
1129,1129.5,-0.019089000000000005
1130,1130.5,-0.019089000000000005
1131,1131.5,-0.019089000000000005
1132,1132.5,-0.019089000000000005
1133,1133.5,-0.019089000000000005
1134,1134.5,-0.019089000000000005
1135,1135.5,-0.019089000000000005
1136,1136.5,52.35358668910598
1137,1137.5,40.725603253099955
1138,1138.5,25.195142529826256
1139,1139.5,75.97173758460049
1140,1140.5,316.33524989216824
1141,1141.5,241.90636274324174
1142,1142.5,177.5006758382209
1143,1143.5,143.69189504816273
1144,1144.5,153.2159684388466
1145,1145.5,205.044772897988
1146,1146.5,-0.019089000000000005
1147,1147.5,-0.019089000000000005
1148,1148.5,-0.019089000000000005
1149,1149.5,-0.019089000000000005
1150,1150.5,-0.019089000000000005
1151,1151.5,-0.019089000000000005
1152,1152.5,-0.019089000000000005
1153,1153.5,-0.019089000000000005
1154,1154.5,-0.019089000000000005
1155,1155.5,-0.019089000000000005
1156,1156.5,-0.019089000000000005
1157,1157.5,-0.019089000000000005
1158,1158.5,-0.019089000000000005
1159,1159.5,-0.019089000000000005
1160,1160.5,128.28382648714975
1161,1161.5,208.47572080544867
1162,1162.5,72.2850395259126
1163,1163.5,171.65029216629353
1164,1164.5,313.4385206413701
1165,1165.5,449.932563484262
1166,1166.5,405.8636819462849
1167,1167.5,668.2863715936114
1168,1168.5,147.07357845363126
1169,1169.5,42.68074443489206
1170,1170.5,-0.019089000000000005
1171,1171.5,-0.019089000000000005
1172,1172.5,-0.019089000000000005
1173,1173.5,-0.019089000000000005
1174,1174.5,-0.019089000000000005
1175,1175.5,-0.019089000000000005
1176,1176.5,-0.019089000000000005
1177,1177.5,-0.019089000000000005
1178,1178.5,-0.019089000000000005
1179,1179.5,-0.019089000000000005
1180,1180.5,-0.019089000000000005
1181,1181.5,-0.019089000000000005
1182,1182.5,-0.019089000000000005
1183,1183.5,-0.019089000000000005
1184,1184.5,34.78226477373754
1185,1185.5,85.80663385532944
1186,1186.5,230.98904939652374
1187,1187.5,399.06810339633074
1188,1188.5,454.24020579355636
1189,1189.5,445.70261075960997
1190,1190.5,1183.530769606122
1191,1191.5,992.7971985634002
1192,1192.5,707.3435158616227
1193,1193.5,327.0197171095736
1194,1194.5,-0.019089000000000005
1195,1195.5,-0.019089000000000005
1196,1196.5,-0.019089000000000005
1197,1197.5,-0.019089000000000005
1198,1198.5,-0.019089000000000005
1199,1199.5,-0.019089000000000005
1200,1200.5,-0.019089000000000005
1201,1201.5,-0.019089000000000005
1202,1202.5,-0.019089000000000005
1203,1203.5,-0.019089000000000005
1204,1204.5,-0.019089000000000005
1205,1205.5,-0.019089000000000005
1206,1206.5,-0.019089000000000005
1207,1207.5,-0.019089000000000005
1208,1208.5,312.8579958613581
1209,1209.5,719.46453054135
1210,1210.5,1027.7275328651122
1211,1211.5,1240.6162851639165
1212,1212.5,1248.08607
1213,1213.5,1248.08607
1214,1214.5,1248.08607
1215,1215.5,1060.7966879336632
1216,1216.5,774.6228647507967
1217,1217.5,373.14388191938593
1218,1218.5,-0.019089000000000005
1219,1219.5,-0.019089000000000005
1220,1220.5,-0.019089000000000005
1221,1221.5,-0.019089000000000005
1222,1222.5,-0.019089000000000005
1223,1223.5,-0.019089000000000005
1224,1224.5,-0.019089000000000005
1225,1225.5,-0.019089000000000005
1226,1226.5,-0.019089000000000005
1227,1227.5,-0.019089000000000005
1228,1228.5,-0.019089000000000005
1229,1229.5,-0.019089000000000005
1230,1230.5,-0.019089000000000005
1231,1231.5,-0.019089000000000005
1232,1232.5,344.73345470900017
1233,1233.5,740.9151368811664
1234,1234.5,1018.2513511268171
1235,1235.5,1210.7592110404528
1236,1236.5,1248.08607
1237,1237.5,1248.08607
1238,1238.5,1197.6730749959208
1239,1239.5,1003.3566164964844
1240,1240.5,727.9738888174961
1241,1241.5,349.0525183987932
1242,1242.5,-0.019089000000000005
1243,1243.5,-0.019089000000000005
1244,1244.5,-0.019089000000000005
1245,1245.5,-0.019089000000000005
1246,1246.5,-0.019089000000000005
1247,1247.5,-0.019089000000000005
1248,1248.5,-0.019089000000000005
1249,1249.5,-0.019089000000000005
1250,1250.5,-0.019089000000000005
1251,1251.5,-0.019089000000000005
1252,1252.5,-0.019089000000000005
1253,1253.5,-0.019089000000000005
1254,1254.5,-0.019089000000000005
1255,1255.5,-0.019089000000000005
1256,1256.5,347.998989870219
1257,1257.5,732.4938069627214
1258,1258.5,1009.4718592955821
1259,1259.5,1188.0195885749056
1260,1260.5,1248.08607
1261,1261.5,1248.08607
1262,1262.5,1171.8806857455302
1263,1263.5,984.5634542881097
1264,1264.5,715.8882617224081
1265,1265.5,348.7918508658452
1266,1266.5,-0.019089000000000005
1267,1267.5,-0.019089000000000005
1268,1268.5,-0.019089000000000005
1269,1269.5,-0.019089000000000005
1270,1270.5,-0.019089000000000005
1271,1271.5,-0.019089000000000005
1272,1272.5,-0.019089000000000005
1273,1273.5,-0.019089000000000005
1274,1274.5,-0.019089000000000005
1275,1275.5,-0.019089000000000005
1276,1276.5,-0.019089000000000005
1277,1277.5,-0.019089000000000005
1278,1278.5,-0.019089000000000005
1279,1279.5,-0.019089000000000005
1280,1280.5,350.7371178006368
1281,1281.5,728.818285280179
1282,1282.5,998.0660232992801
1283,1283.5,1186.1252597561438
1284,1284.5,1095.0548994948683
1285,1285.5,1144.6134992023467
1286,1286.5,1155.057105697555
1287,1287.5,965.2319333742928
1288,1288.5,709.18885022566
1289,1289.5,344.22533008885864
1290,1290.5,12.4003324497955
1291,1291.5,-0.019089000000000005
1292,1292.5,-0.019089000000000005
1293,1293.5,-0.019089000000000005
1294,1294.5,-0.019089000000000005
1295,1295.5,-0.019089000000000005
1296,1296.5,-0.019089000000000005
1297,1297.5,-0.019089000000000005
1298,1298.5,-0.019089000000000005
1299,1299.5,-0.019089000000000005
1300,1300.5,-0.019089000000000005
1301,1301.5,-0.019089000000000005
1302,1302.5,-0.019089000000000005
1303,1303.5,-0.019089000000000005
1304,1304.5,376.08038065650095
1305,1305.5,776.6902227601496
1306,1306.5,1057.7449943597494
1307,1307.5,1235.587281249208
1308,1308.5,1248.08607
1309,1309.5,1248.08607
1310,1310.5,1211.8991776890484
1311,1311.5,1027.686591559541
1312,1312.5,758.1290241664819
1313,1313.5,384.80099857219864
1314,1314.5,18.926477303157952
1315,1315.5,-0.019089000000000005
1316,1316.5,-0.019089000000000005
1317,1317.5,-0.019089000000000005
1318,1318.5,-0.019089000000000005
1319,1319.5,-0.019089000000000005
1320,1320.5,-0.019089000000000005
1321,1321.5,-0.019089000000000005
1322,1322.5,-0.019089000000000005
1323,1323.5,-0.019089000000000005
1324,1324.5,-0.019089000000000005
1325,1325.5,-0.019089000000000005
1326,1326.5,-0.019089000000000005
1327,1327.5,-0.019089000000000005
1328,1328.5,376.07736963275386
1329,1329.5,774.2351002191882
1330,1330.5,1059.707314502469
1331,1331.5,1248.08607
1332,1332.5,1248.08607
1333,1333.5,1248.08607
1334,1334.5,1232.539811387363
1335,1335.5,1035.5053074511877
1336,1336.5,751.7768086536644
1337,1337.5,364.92280053457665
1338,1338.5,15.727982071134317
1339,1339.5,-0.019089000000000005
1340,1340.5,-0.019089000000000005
1341,1341.5,-0.019089000000000005
1342,1342.5,-0.019089000000000005
1343,1343.5,-0.019089000000000005
1344,1344.5,-0.019089000000000005
1345,1345.5,-0.019089000000000005
1346,1346.5,-0.019089000000000005
1347,1347.5,-0.019089000000000005
1348,1348.5,-0.019089000000000005
1349,1349.5,-0.019089000000000005
1350,1350.5,-0.019089000000000005
1351,1351.5,13.442159682507127
1352,1352.5,363.0417741887877
1353,1353.5,744.0948361982906
1354,1354.5,999.3277932821295
1355,1355.5,1165.0427730702017
1356,1356.5,1244.1456896837137
1357,1357.5,1239.542020125913
1358,1358.5,1141.6965705206248
1359,1359.5,963.274959417065
1360,1360.5,704.7780849888053
1361,1361.5,347.6060858672918
1362,1362.5,16.194929460355063
1363,1363.5,-0.019089000000000005
1364,1364.5,-0.019089000000000005
1365,1365.5,-0.019089000000000005
1366,1366.5,-0.019089000000000005
1367,1367.5,-0.019089000000000005
1368,1368.5,-0.019089000000000005
1369,1369.5,-0.019089000000000005
1370,1370.5,-0.019089000000000005
1371,1371.5,-0.019089000000000005
1372,1372.5,-0.019089000000000005
1373,1373.5,-0.019089000000000005
1374,1374.5,-0.019089000000000005
1375,1375.5,-0.019089000000000005
1376,1376.5,21.711374621932443
1377,1377.5,41.95655001011162
1378,1378.5,143.74416461595786
1379,1379.5,176.27532947374624
1380,1380.5,200.43271077900422
1381,1381.5,277.1153834673408
1382,1382.5,216.9253508213995
1383,1383.5,111.28824136091286
1384,1384.5,131.58960679324755
1385,1385.5,338.04720193892854
1386,1386.5,15.28740699544336
1387,1387.5,-0.019089000000000005
1388,1388.5,-0.019089000000000005
1389,1389.5,-0.019089000000000005
1390,1390.5,-0.019089000000000005
1391,1391.5,-0.019089000000000005
1392,1392.5,-0.019089000000000005
1393,1393.5,-0.019089000000000005
1394,1394.5,-0.019089000000000005
1395,1395.5,-0.019089000000000005
1396,1396.5,-0.019089000000000005
1397,1397.5,-0.019089000000000005
1398,1398.5,-0.019089000000000005
1399,1399.5,14.73972163973687
1400,1400.5,43.698252600587736
1401,1401.5,717.583665475712
1402,1402.5,992.0198151424368
1403,1403.5,1187.2050343547594
1404,1404.5,1248.08607
1405,1405.5,1248.08607
1406,1406.5,1189.7206132074064
1407,1407.5,1004.7630305795973
1408,1408.5,722.7709789791459
1409,1409.5,348.82898095493323
1410,1410.5,16.569096339683746
1411,1411.5,-0.019089000000000005
1412,1412.5,-0.019089000000000005
1413,1413.5,-0.019089000000000005
1414,1414.5,-0.019089000000000005
1415,1415.5,-0.019089000000000005
1416,1416.5,-0.019089000000000005
1417,1417.5,-0.019089000000000005
1418,1418.5,-0.019089000000000005
1419,1419.5,-0.019089000000000005
1420,1420.5,-0.019089000000000005
1421,1421.5,-0.019089000000000005
1422,1422.5,-0.019089000000000005
1423,1423.5,17.20867597084166
1424,1424.5,370.7961149015679
1425,1425.5,754.7438726004481
1426,1426.5,1028.0667035896615
1427,1427.5,1218.903354229678
1428,1428.5,1248.08607
1429,1429.5,1248.08607
1430,1430.5,1208.8924809281887
1431,1431.5,1014.8710806513911
1432,1432.5,733.9228762958612
1433,1433.5,360.4437836283652
1434,1434.5,21.126322582417753
1435,1435.5,-0.019089000000000005
1436,1436.5,-0.019089000000000005
1437,1437.5,-0.019089000000000005
1438,1438.5,-0.019089000000000005
1439,1439.5,-0.019089000000000005
1440,1440.5,-0.019089000000000005
1441,1441.5,-0.019089000000000005
1442,1442.5,-0.019089000000000005
1443,1443.5,-0.019089000000000005
1444,1444.5,-0.019089000000000005
1445,1445.5,-0.019089000000000005
1446,1446.5,-0.019089000000000005
1447,1447.5,27.341654177697144
1448,1448.5,390.99713166510674
1449,1449.5,770.4430139174813
1450,1450.5,1023.2691966538953
1451,1451.5,1184.1046776506353
1452,1452.5,1248.08607
1453,1453.5,1248.08607
1454,1454.5,1183.51086182513
1455,1455.5,991.8133012816908
1456,1456.5,714.8428000803807
1457,1457.5,357.09421632296903
1458,1458.5,23.16315761637942
1459,1459.5,-0.019089000000000005
1460,1460.5,-0.019089000000000005
1461,1461.5,-0.019089000000000005
1462,1462.5,-0.019089000000000005
1463,1463.5,-0.019089000000000005
1464,1464.5,-0.019089000000000005
1465,1465.5,-0.019089000000000005
1466,1466.5,-0.019089000000000005
1467,1467.5,-0.019089000000000005
1468,1468.5,-0.019089000000000005
1469,1469.5,-0.019089000000000005
1470,1470.5,-0.019089000000000005
1471,1471.5,30.310024257705415
1472,1472.5,397.5151024471131
1473,1473.5,785.3562539156042
1474,1474.5,1059.7247758602
1475,1475.5,1248.08607
1476,1476.5,1248.08607
1477,1477.5,1248.08607
1478,1478.5,1248.08607
1479,1479.5,1089.2305375504216
1480,1480.5,807.7875163886451
1481,1481.5,406.9289086998572
1482,1482.5,30.76971775585061
1483,1483.5,-0.019089000000000005
1484,1484.5,-0.019089000000000005
1485,1485.5,-0.019089000000000005
1486,1486.5,-0.019089000000000005
1487,1487.5,-0.019089000000000005
1488,1488.5,-0.019089000000000005
1489,1489.5,-0.019089000000000005
1490,1490.5,-0.019089000000000005
1491,1491.5,-0.019089000000000005
1492,1492.5,-0.019089000000000005
1493,1493.5,-0.019089000000000005
1494,1494.5,-0.019089000000000005
1495,1495.5,31.295688894277816
1496,1496.5,412.58430661522294
1497,1497.5,784.9211672603145
1498,1498.5,1032.216317485815
1499,1499.5,1192.83922541489
1500,1500.5,1246.9510721020856
1501,1501.5,1233.6852642422164
1502,1502.5,1143.4553426542877
1503,1503.5,984.8491579932738
1504,1504.5,733.6714877635873
1505,1505.5,379.3981621175042
1506,1506.5,30.308406725224422
1507,1507.5,-0.019089000000000005
1508,1508.5,-0.019089000000000005
1509,1509.5,-0.019089000000000005
1510,1510.5,-0.019089000000000005
1511,1511.5,-0.019089000000000005
1512,1512.5,-0.019089000000000005
1513,1513.5,-0.019089000000000005
1514,1514.5,-0.019089000000000005
1515,1515.5,-0.019089000000000005
1516,1516.5,-0.019089000000000005
1517,1517.5,-0.019089000000000005
1518,1518.5,-0.019089000000000005
1519,1519.5,35.00065838564219
1520,1520.5,397.3210136030653
1521,1521.5,768.1565355605585
1522,1522.5,1044.8039579044762
1523,1523.5,1220.9308584876187
1524,1524.5,1248.08607
1525,1525.5,1248.08607
1526,1526.5,1204.121708203318
1527,1527.5,1020.1195737950309
1528,1528.5,747.5736643273661
1529,1529.5,379.93096978314037
1530,1530.5,29.982825659478657
1531,1531.5,-0.019089000000000005
1532,1532.5,-0.019089000000000005
1533,1533.5,-0.019089000000000005
1534,1534.5,-0.019089000000000005
1535,1535.5,-0.019089000000000005
1536,1536.5,-0.019089000000000005
1537,1537.5,-0.019089000000000005
1538,1538.5,-0.019089000000000005
1539,1539.5,-0.019089000000000005
1540,1540.5,-0.019089000000000005
1541,1541.5,-0.019089000000000005
1542,1542.5,-0.019089000000000005
1543,1543.5,35.876228583506716
1544,1544.5,385.7758216990666
1545,1545.5,762.010499501618
1546,1546.5,1031.0820697580891
1547,1547.5,1215.6613501543484
1548,1548.5,1116.9086431037224
1549,1549.5,1248.08607
1550,1550.5,1187.4189107103691
1551,1551.5,993.5511100343036
1552,1552.5,718.5993973454046
1553,1553.5,357.1256031095959
1554,1554.5,27.628481097360183
1555,1555.5,-0.019089000000000005
1556,1556.5,-0.019089000000000005
1557,1557.5,-0.019089000000000005
1558,1558.5,-0.019089000000000005
1559,1559.5,-0.019089000000000005
1560,1560.5,-0.019089000000000005
1561,1561.5,-0.019089000000000005
1562,1562.5,-0.019089000000000005
1563,1563.5,-0.019089000000000005
1564,1564.5,-0.019089000000000005
1565,1565.5,-0.019089000000000005
1566,1566.5,-0.019089000000000005
1567,1567.5,19.820235207998664
1568,1568.5,211.5815056756628
1569,1569.5,633.8799051991913
1570,1570.5,1034.3979480675823
1571,1571.5,1212.2134954869093
1572,1572.5,1248.08607
1573,1573.5,1248.08607
1574,1574.5,1203.6008573238923
1575,1575.5,1016.953750585133
1576,1576.5,744.5702235635862
1577,1577.5,381.4842733195054
1578,1578.5,32.90751114367316
1579,1579.5,-0.019089000000000005
1580,1580.5,-0.019089000000000005
1581,1581.5,-0.019089000000000005
1582,1582.5,-0.019089000000000005
1583,1583.5,-0.019089000000000005
1584,1584.5,-0.019089000000000005
1585,1585.5,-0.019089000000000005
1586,1586.5,-0.019089000000000005
1587,1587.5,-0.019089000000000005
1588,1588.5,-0.019089000000000005
1589,1589.5,-0.019089000000000005
1590,1590.5,-0.019089000000000005
1591,1591.5,12.673826016727677
1592,1592.5,117.58380231585005
1593,1593.5,235.771704455812
1594,1594.5,278.54415279597157
1595,1595.5,262.9233731167112
1596,1596.5,195.1811312469949
1597,1597.5,177.38440647537058
1598,1598.5,726.4355656550376
1599,1599.5,279.7532962926831
1600,1600.5,35.05072383981002
1601,1601.5,69.96227025468284
1602,1602.5,4.524466094082451
1603,1603.5,-0.019089000000000005
1604,1604.5,-0.019089000000000005
1605,1605.5,-0.019089000000000005
1606,1606.5,-0.019089000000000005
1607,1607.5,-0.019089000000000005
1608,1608.5,-0.019089000000000005
1609,1609.5,-0.019089000000000005
1610,1610.5,-0.019089000000000005
1611,1611.5,-0.019089000000000005
1612,1612.5,-0.019089000000000005
1613,1613.5,-0.019089000000000005
1614,1614.5,-0.019089000000000005
1615,1615.5,7.293053874650047
1616,1616.5,28.2768523369777
1617,1617.5,69.00848381957046
1618,1618.5,69.4299055686012
1619,1619.5,231.91884320751302
1620,1620.5,126.03669538480489
1621,1621.5,454.5686317993591
1622,1622.5,326.56801800693114
1623,1623.5,183.3625911229899
1624,1624.5,117.68158395699561
1625,1625.5,79.66884335413164
1626,1626.5,6.280172452109392
1627,1627.5,-0.019089000000000005
1628,1628.5,-0.019089000000000005
1629,1629.5,-0.019089000000000005
1630,1630.5,-0.019089000000000005
1631,1631.5,-0.019089000000000005
1632,1632.5,-0.019089000000000005
1633,1633.5,-0.019089000000000005
1634,1634.5,-0.019089000000000005
1635,1635.5,-0.019089000000000005
1636,1636.5,-0.019089000000000005
1637,1637.5,-0.019089000000000005
1638,1638.5,-0.019089000000000005
1639,1639.5,3.3977298565923015
1640,1640.5,41.14761311144414
1641,1641.5,79.69026322750148
1642,1642.5,273.4260952796947
1643,1643.5,263.04863905347185
1644,1644.5,253.77980947277192
1645,1645.5,171.92908616680617
1646,1646.5,226.77524934370783
1647,1647.5,143.78197380346103
1648,1648.5,100.56801828883624
1649,1649.5,53.09544799651142
1650,1650.5,3.635024806308135
1651,1651.5,-0.019089000000000005
1652,1652.5,-0.019089000000000005
1653,1653.5,-0.019089000000000005
1654,1654.5,-0.019089000000000005
1655,1655.5,-0.019089000000000005
1656,1656.5,-0.019089000000000005
1657,1657.5,-0.019089000000000005
1658,1658.5,-0.019089000000000005
1659,1659.5,-0.019089000000000005
1660,1660.5,-0.019089000000000005
1661,1661.5,-0.019089000000000005
1662,1662.5,-0.019089000000000005
1663,1663.5,62.95186808292432
1664,1664.5,428.95399739717965
1665,1665.5,794.9054647681378
1666,1666.5,1065.3462301413654
1667,1667.5,1248.08607
1668,1668.5,1248.08607
1669,1669.5,1248.08607
1670,1670.5,1233.6387980022246
1671,1671.5,1033.3137249286572
1672,1672.5,761.8350779512809
1673,1673.5,394.77707480616976
1674,1674.5,42.83798699268521
1675,1675.5,-0.019089000000000005
1676,1676.5,-0.019089000000000005
1677,1677.5,-0.019089000000000005
1678,1678.5,-0.019089000000000005
1679,1679.5,-0.019089000000000005
1680,1680.5,-0.019089000000000005
1681,1681.5,-0.019089000000000005
1682,1682.5,-0.019089000000000005
1683,1683.5,-0.019089000000000005
1684,1684.5,-0.019089000000000005
1685,1685.5,-0.019089000000000005
1686,1686.5,-0.019089000000000005
1687,1687.5,71.60340518512479
1688,1688.5,447.77901063332814
1689,1689.5,801.1176686758361
1690,1690.5,1043.3279208145016
1691,1691.5,1213.6631531953149
1692,1692.5,1100.8034278218763
1693,1693.5,999.4746573176935
1694,1694.5,1019.627942330151
1695,1695.5,916.2750779597053
1696,1696.5,719.6207049766389
1697,1697.5,399.2113124516402
1698,1698.5,45.7275905134496
1699,1699.5,-0.019089000000000005
1700,1700.5,-0.019089000000000005
1701,1701.5,-0.019089000000000005
1702,1702.5,-0.019089000000000005
1703,1703.5,-0.019089000000000005
1704,1704.5,-0.019089000000000005
1705,1705.5,-0.019089000000000005
1706,1706.5,-0.019089000000000005
1707,1707.5,-0.019089000000000005
1708,1708.5,-0.019089000000000005
1709,1709.5,-0.019089000000000005
1710,1710.5,-0.019089000000000005
1711,1711.5,22.088866946889574
1712,1712.5,187.94657753650975
1713,1713.5,645.473092533978
1714,1714.5,875.6621819252936
1715,1715.5,1181.4137727207217
1716,1716.5,1100.6642126532702
1717,1717.5,1108.5816697010714
1718,1718.5,1149.5010671322316
1719,1719.5,974.1815993185223
1720,1720.5,718.0905929717424
1721,1721.5,375.5914891757271
1722,1722.5,44.43167096805237
1723,1723.5,-0.019089000000000005
1724,1724.5,-0.019089000000000005
1725,1725.5,-0.019089000000000005
1726,1726.5,-0.019089000000000005
1727,1727.5,-0.019089000000000005
1728,1728.5,-0.019089000000000005
1729,1729.5,-0.019089000000000005
1730,1730.5,-0.019089000000000005
1731,1731.5,-0.019089000000000005
1732,1732.5,-0.019089000000000005
1733,1733.5,-0.019089000000000005
1734,1734.5,-0.019089000000000005
1735,1735.5,10.862895903616222
1736,1736.5,40.844371120495566
1737,1737.5,134.5822370787895
1738,1738.5,243.7521909057286
1739,1739.5,1026.7312969738105
1740,1740.5,1144.2801356147108
1741,1741.5,1238.358331138401
1742,1742.5,1150.1248006596095
1743,1743.5,777.7502869520753
1744,1744.5,723.2797667101693
1745,1745.5,376.2461783041731
1746,1746.5,46.41581546648334
1747,1747.5,-0.019089000000000005
1748,1748.5,-0.019089000000000005
1749,1749.5,-0.019089000000000005
1750,1750.5,-0.019089000000000005
1751,1751.5,-0.019089000000000005
1752,1752.5,-0.019089000000000005
1753,1753.5,-0.019089000000000005
1754,1754.5,-0.019089000000000005
1755,1755.5,-0.019089000000000005
1756,1756.5,-0.019089000000000005
1757,1757.5,-0.019089000000000005
1758,1758.5,-0.019089000000000005
1759,1759.5,83.59421916386708
1760,1760.5,130.72996340375408
1761,1761.5,276.5482432297598
1762,1762.5,1021.6176233333631
1763,1763.5,1165.7525129617793
1764,1764.5,1247.3685362550784
1765,1765.5,1248.08607
1766,1766.5,958.5511355212168
1767,1767.5,851.5210573355711
1768,1768.5,705.482320093853
1769,1769.5,212.1414545348434
1770,1770.5,29.420946659478428
1771,1771.5,-0.019089000000000005
1772,1772.5,-0.019089000000000005
1773,1773.5,-0.019089000000000005
1774,1774.5,-0.019089000000000005
1775,1775.5,-0.019089000000000005
1776,1776.5,-0.019089000000000005
1777,1777.5,-0.019089000000000005
1778,1778.5,-0.019089000000000005
1779,1779.5,-0.019089000000000005
1780,1780.5,-0.019089000000000005
1781,1781.5,-0.019089000000000005
1782,1782.5,-0.019089000000000005
1783,1783.5,42.90330397755048
1784,1784.5,418.40271139764405
1785,1785.5,754.1437038257201
1786,1786.5,998.7699884092617
1787,1787.5,1164.847418879434
1788,1788.5,1248.08607
1789,1789.5,1235.0748105954824
1790,1790.5,1002.4737119013217
1791,1791.5,687.6296418258725
1792,1792.5,574.2549690568537
1793,1793.5,173.07314848114726
1794,1794.5,46.907602817555144
1795,1795.5,-0.019089000000000005
1796,1796.5,-0.019089000000000005
1797,1797.5,-0.019089000000000005
1798,1798.5,-0.019089000000000005
1799,1799.5,-0.019089000000000005
1800,1800.5,-0.019089000000000005
1801,1801.5,-0.019089000000000005
1802,1802.5,-0.019089000000000005
1803,1803.5,-0.019089000000000005
1804,1804.5,-0.019089000000000005
1805,1805.5,-0.019089000000000005
1806,1806.5,-0.019089000000000005
1807,1807.5,85.2208939533306
1808,1808.5,338.92210698730344
1809,1809.5,792.09493665933
1810,1810.5,877.1916560618714
1811,1811.5,1147.39388064323
1812,1812.5,1248.08607
1813,1813.5,1248.08607
1814,1814.5,1005.6783004935027
1815,1815.5,770.5829448968443
1816,1816.5,721.4782251581358
1817,1817.5,372.9655800607601
1818,1818.5,52.15539754596437
1819,1819.5,-0.019089000000000005
1820,1820.5,-0.019089000000000005
1821,1821.5,-0.019089000000000005
1822,1822.5,-0.019089000000000005
1823,1823.5,-0.019089000000000005
1824,1824.5,-0.019089000000000005
1825,1825.5,-0.019089000000000005
1826,1826.5,-0.019089000000000005
1827,1827.5,-0.019089000000000005
1828,1828.5,-0.019089000000000005
1829,1829.5,-0.019089000000000005
1830,1830.5,-0.019089000000000005
1831,1831.5,41.348043202861874
1832,1832.5,412.6474683728699
1833,1833.5,611.7568393065308
1834,1834.5,718.9118799917478
1835,1835.5,775.9796510240901
1836,1836.5,913.8963643340193
1837,1837.5,1115.991746957126
1838,1838.5,805.0460040091388
1839,1839.5,553.3422866200934
1840,1840.5,569.3736880619815
1841,1841.5,1.5212720491239504
1842,1842.5,-0.019089000000000005
1843,1843.5,-0.019089000000000005
1844,1844.5,-0.019089000000000005
1845,1845.5,-0.019089000000000005
1846,1846.5,-0.019089000000000005
1847,1847.5,-0.019089000000000005
1848,1848.5,-0.019089000000000005
1849,1849.5,-0.019089000000000005
1850,1850.5,-0.019089000000000005
1851,1851.5,-0.019089000000000005
1852,1852.5,-0.019089000000000005
1853,1853.5,-0.019089000000000005
1854,1854.5,-0.019089000000000005
1855,1855.5,27.653673598977292
1856,1856.5,397.96197961466675
1857,1857.5,317.92340028573886
1858,1858.5,159.56135824788905
1859,1859.5,298.49402893205934
1860,1860.5,294.75388213696107
1861,1861.5,183.45663644152597
1862,1862.5,1205.4975798598734
1863,1863.5,1026.6069115457026
1864,1864.5,751.5699107656421
1865,1865.5,230.92103982796903
1866,1866.5,30.198816826270484
1867,1867.5,-0.019089000000000005
1868,1868.5,-0.019089000000000005
1869,1869.5,-0.019089000000000005
1870,1870.5,-0.019089000000000005
1871,1871.5,-0.019089000000000005
1872,1872.5,-0.019089000000000005
1873,1873.5,-0.019089000000000005
1874,1874.5,-0.019089000000000005
1875,1875.5,-0.019089000000000005
1876,1876.5,-0.019089000000000005
1877,1877.5,-0.019089000000000005
1878,1878.5,-0.019089000000000005
1879,1879.5,108.94531434291973
1880,1880.5,501.131621191401
1881,1881.5,863.208964146731
1882,1882.5,1130.058029992918
1883,1883.5,1248.08607
1884,1884.5,372.5011945234129
1885,1885.5,760.4377986248492
1886,1886.5,1025.0305560932047
1887,1887.5,504.47730314958693
1888,1888.5,291.47101468093047
1889,1889.5,259.41203177524034
1890,1890.5,52.11697558486655
1891,1891.5,-0.019089000000000005
1892,1892.5,-0.019089000000000005
1893,1893.5,-0.019089000000000005
1894,1894.5,-0.019089000000000005
1895,1895.5,-0.019089000000000005
1896,1896.5,-0.019089000000000005
1897,1897.5,-0.019089000000000005
1898,1898.5,-0.019089000000000005
1899,1899.5,-0.019089000000000005
1900,1900.5,-0.019089000000000005
1901,1901.5,-0.019089000000000005
1902,1902.5,-0.019089000000000005
1903,1903.5,1.6576993585268673
1904,1904.5,131.50369017696826
1905,1905.5,476.88216505912453
1906,1906.5,835.2106713345962
1907,1907.5,994.2410024018521
1908,1908.5,833.5259064338561
1909,1909.5,654.7180151468629
1910,1910.5,584.4804695278759
1911,1911.5,619.7962520853504
1912,1912.5,638.6529609072311
1913,1913.5,316.7488846749923
1914,1914.5,61.46560595288893
1915,1915.5,-0.019089000000000005
1916,1916.5,-0.019089000000000005
1917,1917.5,-0.019089000000000005
1918,1918.5,-0.019089000000000005
1919,1919.5,-0.019089000000000005
1920,1920.5,-0.019089000000000005
1921,1921.5,-0.019089000000000005
1922,1922.5,-0.019089000000000005
1923,1923.5,-0.019089000000000005
1924,1924.5,-0.019089000000000005
1925,1925.5,-0.019089000000000005
1926,1926.5,-0.019089000000000005
1927,1927.5,78.98396772048518
1928,1928.5,492.50489366698315
1929,1929.5,837.018166442462
1930,1930.5,1095.1183491568745
1931,1931.5,1248.08607
1932,1932.5,900.7845340106045
1933,1933.5,1248.08607
1934,1934.5,1223.0021615464834
1935,1935.5,1023.3336006397649
1936,1936.5,755.3508418106932
1937,1937.5,400.89221724150815
1938,1938.5,61.93842120506694
1939,1939.5,-0.019089000000000005
1940,1940.5,-0.019089000000000005
1941,1941.5,-0.019089000000000005
1942,1942.5,-0.019089000000000005
1943,1943.5,-0.019089000000000005
1944,1944.5,-0.019089000000000005
1945,1945.5,-0.019089000000000005
1946,1946.5,-0.019089000000000005
1947,1947.5,-0.019089000000000005
1948,1948.5,-0.019089000000000005
1949,1949.5,-0.019089000000000005
1950,1950.5,-0.019089000000000005
1951,1951.5,120.16537330449313
1952,1952.5,499.90386165484693
1953,1953.5,833.4810997489136
1954,1954.5,1066.5473813879219
1955,1955.5,1216.822911468295
1956,1956.5,1248.08607
1957,1957.5,1248.08607
1958,1958.5,1162.6096828701757
1959,1959.5,981.1278722652687
1960,1960.5,731.1872979513918
1961,1961.5,405.47738897466263
1962,1962.5,65.08015549571137
1963,1963.5,-0.019089000000000005
1964,1964.5,-0.019089000000000005
1965,1965.5,-0.019089000000000005
1966,1966.5,-0.019089000000000005
1967,1967.5,-0.019089000000000005
1968,1968.5,-0.019089000000000005
1969,1969.5,-0.019089000000000005
1970,1970.5,-0.019089000000000005
1971,1971.5,-0.019089000000000005
1972,1972.5,-0.019089000000000005
1973,1973.5,-0.019089000000000005
1974,1974.5,-0.019089000000000005
1975,1975.5,123.12639559860098
1976,1976.5,500.5552201833471
1977,1977.5,826.8531227222059
1978,1978.5,1056.104775222518
1979,1979.5,1203.4369150462676
1980,1980.5,1248.08607
1981,1981.5,1248.08607
1982,1982.5,1162.566366191669
1983,1983.5,986.4962358380061
1984,1984.5,733.1149957199684
1985,1985.5,396.91516878078835
1986,1986.5,64.79865953963717
1987,1987.5,-0.019089000000000005
1988,1988.5,-0.019089000000000005
1989,1989.5,-0.019089000000000005
1990,1990.5,-0.019089000000000005
1991,1991.5,-0.019089000000000005
1992,1992.5,-0.019089000000000005
1993,1993.5,-0.019089000000000005
1994,1994.5,-0.019089000000000005
1995,1995.5,-0.019089000000000005
1996,1996.5,-0.019089000000000005
1997,1997.5,-0.019089000000000005
1998,1998.5,-0.019089000000000005
1999,1999.5,119.84936955198216
2000,2000.5,476.6171427206809
2001,2001.5,803.800168767872
2002,2002.5,1048.3636143069346
2003,2003.5,1202.6446845205562
2004,2004.5,1248.08607
2005,2005.5,1248.08607
2006,2006.5,1165.31506429475
2007,2007.5,987.7834980045876
2008,2008.5,725.149231164628
2009,2009.5,385.5115824646498
2010,2010.5,64.41551555292278
2011,2011.5,-0.019089000000000005
2012,2012.5,-0.019089000000000005
2013,2013.5,-0.019089000000000005
2014,2014.5,-0.019089000000000005
2015,2015.5,-0.019089000000000005
2016,2016.5,-0.019089000000000005
2017,2017.5,-0.019089000000000005
2018,2018.5,-0.019089000000000005
2019,2019.5,-0.019089000000000005
2020,2020.5,-0.019089000000000005
2021,2021.5,-0.019089000000000005
2022,2022.5,-0.019089000000000005
2023,2023.5,80.61970484679456
2024,2024.5,390.0963700870572
2025,2025.5,676.4104992999388
2026,2026.5,848.6903557147223
2027,2027.5,1059.9327015270453
2028,2028.5,1146.0864731471258
2029,2029.5,1156.8445643575483
2030,2030.5,1109.334694107618
2031,2031.5,917.062927477714
2032,2032.5,656.5354294160776
2033,2033.5,172.88211024951696
2034,2034.5,57.81083497345447
2035,2035.5,-0.019089000000000005
2036,2036.5,-0.019089000000000005
2037,2037.5,-0.019089000000000005
2038,2038.5,-0.019089000000000005
2039,2039.5,-0.019089000000000005
2040,2040.5,-0.019089000000000005
2041,2041.5,-0.019089000000000005
2042,2042.5,-0.019089000000000005
2043,2043.5,-0.019089000000000005
2044,2044.5,-0.019089000000000005
2045,2045.5,-0.019089000000000005
2046,2046.5,-0.019089000000000005
2047,2047.5,126.91479755837668
2048,2048.5,487.59456151658196
2049,2049.5,811.9256176401342
2050,2050.5,1043.7075791632456
2051,2051.5,1191.0248543878822
2052,2052.5,1248.08607
2053,2053.5,1248.08607
2054,2054.5,1150.0293277669518
2055,2055.5,978.5446502406676
2056,2056.5,723.895720997392
2057,2057.5,371.91478115418
2058,2058.5,64.19775512166282
2059,2059.5,-0.019089000000000005
2060,2060.5,-0.019089000000000005
2061,2061.5,-0.019089000000000005
2062,2062.5,-0.019089000000000005
2063,2063.5,-0.019089000000000005
2064,2064.5,-0.019089000000000005
2065,2065.5,-0.019089000000000005
2066,2066.5,-0.019089000000000005
2067,2067.5,-0.019089000000000005
2068,2068.5,-0.019089000000000005
2069,2069.5,-0.019089000000000005
2070,2070.5,-0.019089000000000005
2071,2071.5,125.4343197501096
2072,2072.5,454.0078078115676
2073,2073.5,706.942425008277
2074,2074.5,1022.2138048754435
2075,2075.5,1165.0088256854774
2076,2076.5,1241.200696353523
2077,2077.5,1230.801122091901
2078,2078.5,1138.22083872127
2079,2079.5,965.8857029622419
2080,2080.5,709.5599964420518
2081,2081.5,376.52653936975923
2082,2082.5,64.24541603191423
2083,2083.5,-0.019089000000000005
2084,2084.5,-0.019089000000000005
2085,2085.5,-0.019089000000000005
2086,2086.5,-0.019089000000000005
2087,2087.5,-0.019089000000000005
2088,2088.5,-0.019089000000000005
2089,2089.5,-0.019089000000000005
2090,2090.5,-0.019089000000000005
2091,2091.5,-0.019089000000000005
2092,2092.5,-0.019089000000000005
2093,2093.5,-0.019089000000000005
2094,2094.5,-0.019089000000000005
2095,2095.5,74.18868549388093
2096,2096.5,235.67148060283395
2097,2097.5,808.083064160385
2098,2098.5,1041.0953572663168
2099,2099.5,1187.701580067365
2100,2100.5,1248.08607
2101,2101.5,1241.286830689714
2102,2102.5,1144.122952276495
2103,2103.5,978.051790415962
2104,2104.5,730.2312306878711
2105,2105.5,396.19540953925315
2106,2106.5,71.43783479340661
2107,2107.5,-0.019089000000000005
2108,2108.5,-0.019089000000000005
2109,2109.5,-0.019089000000000005
2110,2110.5,-0.019089000000000005
2111,2111.5,-0.019089000000000005
2112,2112.5,-0.019089000000000005
2113,2113.5,-0.019089000000000005
2114,2114.5,-0.019089000000000005
2115,2115.5,-0.019089000000000005
2116,2116.5,-0.019089000000000005
2117,2117.5,-0.019089000000000005
2118,2118.5,-0.019089000000000005
2119,2119.5,146.86232234818934
2120,2120.5,519.6107045428229
2121,2121.5,834.2040952286366
2122,2122.5,1061.4865291167644
2123,2123.5,1216.9160276587356
2124,2124.5,1248.08607
2125,2125.5,1248.08607
2126,2126.5,1162.6618175675746
2127,2127.5,978.1645338137869
2128,2128.5,715.9546373781205
2129,2129.5,381.9552603890934
2130,2130.5,70.03832535838032
2131,2131.5,-0.019089000000000005
2132,2132.5,-0.019089000000000005
2133,2133.5,-0.019089000000000005
2134,2134.5,-0.019089000000000005
2135,2135.5,-0.019089000000000005
2136,2136.5,-0.019089000000000005
2137,2137.5,-0.019089000000000005
2138,2138.5,-0.019089000000000005
2139,2139.5,-0.019089000000000005
2140,2140.5,-0.019089000000000005
2141,2141.5,-0.019089000000000005
2142,2142.5,-0.019089000000000005
2143,2143.5,147.4176575661486
2144,2144.5,507.4828627996941
2145,2145.5,799.5339389884635
2146,2146.5,990.6634244900002
2147,2147.5,1129.266606793558
2148,2148.5,1204.6889956278778
2149,2149.5,1203.8768460049334
2150,2150.5,1122.2200626971585
2151,2151.5,954.6216797079737
2152,2152.5,714.4297925838277
2153,2153.5,389.06271563449434
2154,2154.5,70.24607800529418
2155,2155.5,-0.019089000000000005
2156,2156.5,-0.019089000000000005
2157,2157.5,-0.019089000000000005
2158,2158.5,-0.019089000000000005
2159,2159.5,-0.019089000000000005
2160,2160.5,-0.019089000000000005
2161,2161.5,-0.019089000000000005
2162,2162.5,-0.019089000000000005
2163,2163.5,-0.019089000000000005
2164,2164.5,-0.019089000000000005
2165,2165.5,-0.019089000000000005
2166,2166.5,-0.019089000000000005
2167,2167.5,153.06424186117434
2168,2168.5,521.5511782393885
2169,2169.5,837.3992263915443
2170,2170.5,1064.7767734187714
2171,2171.5,1220.8623770812972
2172,2172.5,1248.08607
2173,2173.5,1248.08607
2174,2174.5,1190.7837741482676
2175,2175.5,1010.1360907661303
2176,2176.5,750.1601727646245
2177,2177.5,406.06606399321697
2178,2178.5,74.7897486078218
2179,2179.5,-0.019089000000000005
2180,2180.5,-0.019089000000000005
2181,2181.5,-0.019089000000000005
2182,2182.5,-0.019089000000000005
2183,2183.5,-0.019089000000000005
2184,2184.5,-0.019089000000000005
2185,2185.5,-0.019089000000000005
2186,2186.5,-0.019089000000000005
2187,2187.5,-0.019089000000000005
2188,2188.5,-0.019089000000000005
2189,2189.5,-0.019089000000000005
2190,2190.5,-0.019089000000000005
2191,2191.5,157.54794309638774
2192,2192.5,530.5590878109942
2193,2193.5,862.3730180631073
2194,2194.5,1115.1178300550416
2195,2195.5,1248.08607
2196,2196.5,1248.08607
2197,2197.5,1248.08607
2198,2198.5,1247.645186418173
2199,2199.5,1054.6470641545493
2200,2200.5,785.1726208058545
2201,2201.5,425.82394490664785
2202,2202.5,78.54931171464098
2203,2203.5,-0.019089000000000005
2204,2204.5,-0.019089000000000005
2205,2205.5,-0.019089000000000005
2206,2206.5,-0.019089000000000005
2207,2207.5,-0.019089000000000005
2208,2208.5,-0.019089000000000005
2209,2209.5,-0.019089000000000005
2210,2210.5,-0.019089000000000005
2211,2211.5,-0.019089000000000005
2212,2212.5,-0.019089000000000005
2213,2213.5,-0.019089000000000005
2214,2214.5,-0.019089000000000005
2215,2215.5,167.30057530805573
2216,2216.5,550.3215469247928
2217,2217.5,884.2341557540218
2218,2218.5,1128.278985534177
2219,2219.5,1248.08607
2220,2220.5,1248.08607
2221,2221.5,1248.08607
2222,2222.5,1216.6058223649222
2223,2223.5,1030.7851022505224
2224,2224.5,759.5107771268354
2225,2225.5,407.89258357512426
2226,2226.5,77.89421367337823
2227,2227.5,-0.019089000000000005
2228,2228.5,-0.019089000000000005
2229,2229.5,-0.019089000000000005
2230,2230.5,-0.019089000000000005
2231,2231.5,-0.019089000000000005
2232,2232.5,-0.019089000000000005
2233,2233.5,-0.019089000000000005
2234,2234.5,-0.019089000000000005
2235,2235.5,-0.019089000000000005
2236,2236.5,-0.019089000000000005
2237,2237.5,-0.019089000000000005
2238,2238.5,-0.019089000000000005
2239,2239.5,168.09119620401685
2240,2240.5,543.128930802088
2241,2241.5,870.821201745507
2242,2242.5,1112.464126295831
2243,2243.5,1248.08607
2244,2244.5,1248.08607
2245,2245.5,1248.08607
2246,2246.5,1224.3324642513815
2247,2247.5,1028.8988389193812
2248,2248.5,765.2083910815091
2249,2249.5,412.7640403295129
2250,2250.5,75.70113291688742
2251,2251.5,-0.019089000000000005
2252,2252.5,-0.019089000000000005
2253,2253.5,-0.019089000000000005
2254,2254.5,-0.019089000000000005
2255,2255.5,-0.019089000000000005
2256,2256.5,-0.019089000000000005
2257,2257.5,-0.019089000000000005
2258,2258.5,-0.019089000000000005
2259,2259.5,-0.019089000000000005
2260,2260.5,-0.019089000000000005
2261,2261.5,-0.019089000000000005
2262,2262.5,-0.019089000000000005
2263,2263.5,172.16350215537105
2264,2264.5,538.0318373470506
2265,2265.5,832.5790089512232
2266,2266.5,1031.338696271013
2267,2267.5,1162.8415844798774
2268,2268.5,1209.9702411190808
2269,2269.5,1160.3454089434574
2270,2270.5,1093.180782727803
2271,2271.5,943.37766032147
2272,2272.5,590.4285547149375
2273,2273.5,395.1749964445231
2274,2274.5,76.91811108673585
2275,2275.5,-0.019089000000000005
2276,2276.5,-0.019089000000000005
2277,2277.5,-0.019089000000000005
2278,2278.5,-0.019089000000000005
2279,2279.5,-0.019089000000000005
2280,2280.5,-0.019089000000000005
2281,2281.5,-0.019089000000000005
2282,2282.5,-0.019089000000000005
2283,2283.5,-0.019089000000000005
2284,2284.5,-0.019089000000000005
2285,2285.5,-0.019089000000000005
2286,2286.5,-0.019089000000000005
2287,2287.5,164.43435530038275
2288,2288.5,508.28657936707833
2289,2289.5,818.5081366560889
2290,2290.5,1052.501035434877
2291,2291.5,1203.5172426170993
2292,2292.5,1248.08607
2293,2293.5,1248.08607
2294,2294.5,1143.4406669522805
2295,2295.5,945.86285882643
2296,2296.5,574.3530950384147
2297,2297.5,386.70435244168027
2298,2298.5,77.62919787829969
2299,2299.5,-0.019089000000000005
2300,2300.5,-0.019089000000000005
2301,2301.5,-0.019089000000000005
2302,2302.5,-0.019089000000000005
2303,2303.5,-0.019089000000000005
2304,2304.5,-0.019089000000000005
2305,2305.5,-0.019089000000000005
2306,2306.5,-0.019089000000000005
2307,2307.5,-0.019089000000000005
2308,2308.5,-0.019089000000000005
2309,2309.5,-0.019089000000000005
2310,2310.5,-0.019089000000000005
2311,2311.5,99.35194204919868
2312,2312.5,348.80751104013683
2313,2313.5,573.5429710136044
2314,2314.5,775.2504561095585
2315,2315.5,943.7715630665714
2316,2316.5,1152.529029066584
2317,2317.5,1055.6955572245736
2318,2318.5,1086.4508850862344
2319,2319.5,693.6938704656567
2320,2320.5,616.5252794512758
2321,2321.5,329.29694060585075
2322,2322.5,73.52490763650884
2323,2323.5,-0.019089000000000005
2324,2324.5,-0.019089000000000005
2325,2325.5,-0.019089000000000005
2326,2326.5,-0.019089000000000005
2327,2327.5,-0.019089000000000005
2328,2328.5,-0.019089000000000005
2329,2329.5,-0.019089000000000005
2330,2330.5,-0.019089000000000005
2331,2331.5,-0.019089000000000005
2332,2332.5,-0.019089000000000005
2333,2333.5,-0.019089000000000005
2334,2334.5,-0.019089000000000005
2335,2335.5,171.87085237356774
2336,2336.5,509.4834987939687
2337,2337.5,812.8614828169334
2338,2338.5,1036.1067349444686
2339,2339.5,1153.8993610661648
2340,2340.5,1207.8506753391525
2341,2341.5,1201.9965712420217
2342,2342.5,1114.3251372881361
2343,2343.5,950.7221599504146
2344,2344.5,711.0767695963204
2345,2345.5,389.18474564780973
2346,2346.5,78.93064088826847
2347,2347.5,-0.019089000000000005
2348,2348.5,-0.019089000000000005
2349,2349.5,-0.019089000000000005
2350,2350.5,-0.019089000000000005
2351,2351.5,-0.019089000000000005
2352,2352.5,-0.019089000000000005
2353,2353.5,-0.019089000000000005
2354,2354.5,-0.019089000000000005
2355,2355.5,-0.019089000000000005
2356,2356.5,-0.019089000000000005
2357,2357.5,-0.019089000000000005
2358,2358.5,-0.019089000000000005
2359,2359.5,163.4291153612677
2360,2360.5,441.4405368197958
2361,2361.5,729.7393221059946
2362,2362.5,1031.5731876813331
2363,2363.5,1052.2874198551756
2364,2364.5,1179.5394239757368
2365,2365.5,1060.0713131617697
2366,2366.5,1014.969664029965
2367,2367.5,826.3979784518643
2368,2368.5,471.4787002758037
2369,2369.5,243.46554387872766
2370,2370.5,61.998478474207616
2371,2371.5,-0.019089000000000005
2372,2372.5,-0.019089000000000005
2373,2373.5,-0.019089000000000005
2374,2374.5,-0.019089000000000005
2375,2375.5,-0.019089000000000005
2376,2376.5,-0.019089000000000005
2377,2377.5,-0.019089000000000005
2378,2378.5,-0.019089000000000005
2379,2379.5,-0.019089000000000005
2380,2380.5,-0.019089000000000005
2381,2381.5,-0.019089000000000005
2382,2382.5,-0.019089000000000005
2383,2383.5,175.71694575747392
2384,2384.5,503.6980675362831
2385,2385.5,786.0904698901543
2386,2386.5,1002.0047764150271
2387,2387.5,1156.7053611419226
2388,2388.5,1233.71118381606
2389,2389.5,1224.6797624378296
2390,2390.5,1025.4108805484548
2391,2391.5,897.5928078110669
2392,2392.5,640.8848878453102
2393,2393.5,384.43603476424744
2394,2394.5,79.17723907462297
2395,2395.5,-0.019089000000000005
2396,2396.5,-0.019089000000000005
2397,2397.5,-0.019089000000000005
2398,2398.5,-0.019089000000000005
2399,2399.5,-0.019089000000000005
2400,2400.5,-0.019089000000000005
2401,2401.5,-0.019089000000000005
2402,2402.5,-0.019089000000000005
2403,2403.5,-0.019089000000000005
2404,2404.5,-0.019089000000000005
2405,2405.5,-0.019089000000000005
2406,2406.5,-0.019089000000000005
2407,2407.5,185.5901905898961
2408,2408.5,531.7700194340551
2409,2409.5,830.6505802390719
2410,2410.5,541.1799535990015
2411,2411.5,1073.081204310116
2412,2412.5,1148.3484763765455
2413,2413.5,964.4215353401268
2414,2414.5,612.5456935126879
2415,2415.5,653.9195603501335
2416,2416.5,347.8031278843381
2417,2417.5,221.01874209259677
2418,2418.5,59.15020532889433
2419,2419.5,-0.019089000000000005
2420,2420.5,-0.019089000000000005
2421,2421.5,-0.019089000000000005
2422,2422.5,-0.019089000000000005
2423,2423.5,-0.019089000000000005
2424,2424.5,-0.019089000000000005
2425,2425.5,-0.019089000000000005
2426,2426.5,-0.019089000000000005
2427,2427.5,-0.019089000000000005
2428,2428.5,-0.019089000000000005
2429,2429.5,-0.019089000000000005
2430,2430.5,3.413918118976906
2431,2431.5,154.7815523924432
2432,2432.5,156.67700100245986
2433,2433.5,254.31563435283778
2434,2434.5,678.8102613928099
2435,2435.5,1230.1481453019778
2436,2436.5,1224.7955676167137
2437,2437.5,1248.08607
2438,2438.5,1196.5345390817006
2439,2439.5,1013.2484298214446
2440,2440.5,754.67346376207
2441,2441.5,340.0126188198454
2442,2442.5,60.99746516632679
2443,2443.5,-0.019089000000000005
2444,2444.5,-0.019089000000000005
2445,2445.5,-0.019089000000000005
2446,2446.5,-0.019089000000000005
2447,2447.5,-0.019089000000000005
2448,2448.5,-0.019089000000000005
2449,2449.5,-0.019089000000000005
2450,2450.5,-0.019089000000000005
2451,2451.5,-0.019089000000000005
2452,2452.5,-0.019089000000000005
2453,2453.5,-0.019089000000000005
2454,2454.5,9.086606613402882
2455,2455.5,199.1334354413559
2456,2456.5,493.2750833678536
2457,2457.5,737.5484371457613
2458,2458.5,857.1375715750548
2459,2459.5,1103.941038556082
2460,2460.5,1123.969656202035
2461,2461.5,1248.08607
2462,2462.5,1166.0358927461925
2463,2463.5,986.5377346165104
2464,2464.5,724.9254997752164
2465,2465.5,349.265062864549
2466,2466.5,83.09822265784638
2467,2467.5,-0.019089000000000005
2468,2468.5,-0.019089000000000005
2469,2469.5,-0.019089000000000005
2470,2470.5,-0.019089000000000005
2471,2471.5,-0.019089000000000005
2472,2472.5,-0.019089000000000005
2473,2473.5,-0.019089000000000005
2474,2474.5,-0.019089000000000005
2475,2475.5,-0.019089000000000005
2476,2476.5,-0.019089000000000005
2477,2477.5,-0.019089000000000005
2478,2478.5,8.003496278718195
2479,2479.5,205.1008109187984
2480,2480.5,573.3993632821011
2481,2481.5,882.8248192001644
2482,2482.5,1114.63235363286
2483,2483.5,1248.08607
2484,2484.5,1248.08607
2485,2485.5,1248.08607
2486,2486.5,1208.2143852982874
2487,2487.5,1014.3200378728344
2488,2488.5,750.7457838342865
2489,2489.5,405.2335067478375
2490,2490.5,85.73515858815074
2491,2491.5,-0.019089000000000005
2492,2492.5,-0.019089000000000005
2493,2493.5,-0.019089000000000005
2494,2494.5,-0.019089000000000005
2495,2495.5,-0.019089000000000005
2496,2496.5,-0.019089000000000005
2497,2497.5,-0.019089000000000005
2498,2498.5,-0.019089000000000005
2499,2499.5,-0.019089000000000005
2500,2500.5,-0.019089000000000005
2501,2501.5,-0.019089000000000005
2502,2502.5,10.25538975704082
2503,2503.5,225.61825370599212
2504,2504.5,618.794487085186
2505,2505.5,946.0027132748712
2506,2506.5,1188.8171442853222
2507,2507.5,1248.08607
2508,2508.5,1248.08607
2509,2509.5,1248.08607
2510,2510.5,1248.08607
2511,2511.5,1063.6316333274624
2512,2512.5,786.0023024150988
2513,2513.5,429.27715621647116
2514,2514.5,90.2962591852717
2515,2515.5,-0.019089000000000005
2516,2516.5,-0.019089000000000005
2517,2517.5,-0.019089000000000005
2518,2518.5,-0.019089000000000005
2519,2519.5,-0.019089000000000005
2520,2520.5,-0.019089000000000005
2521,2521.5,-0.019089000000000005
2522,2522.5,-0.019089000000000005
2523,2523.5,-0.019089000000000005
2524,2524.5,-0.019089000000000005
2525,2525.5,-0.019089000000000005
2526,2526.5,11.272541386241466
2527,2527.5,218.57542848069568
2528,2528.5,594.0805131759969
2529,2529.5,903.2640543064456
2530,2530.5,1132.3547597137783
2531,2531.5,1248.08607
2532,2532.5,1248.08607
2533,2533.5,1248.08607
2534,2534.5,1187.7317952258827
2535,2535.5,1001.1703640814657
2536,2536.5,746.1899884993413
2537,2537.5,409.6113583232646
2538,2538.5,89.93137196878395
2539,2539.5,-0.019089000000000005
2540,2540.5,-0.019089000000000005
2541,2541.5,-0.019089000000000005
2542,2542.5,-0.019089000000000005
2543,2543.5,-0.019089000000000005
2544,2544.5,-0.019089000000000005
2545,2545.5,-0.019089000000000005
2546,2546.5,-0.019089000000000005
2547,2547.5,-0.019089000000000005
2548,2548.5,-0.019089000000000005
2549,2549.5,-0.019089000000000005
2550,2550.5,9.267857648586196
2551,2551.5,218.86785807947803
2552,2552.5,584.3611104745931
2553,2553.5,887.4399504880847
2554,2554.5,1103.3805373131802
2555,2555.5,1245.2195563399493
2556,2556.5,1248.08607
2557,2557.5,1248.08607
2558,2558.5,1188.0174440926053
2559,2559.5,1003.71233888724
2560,2560.5,748.8268665673565
2561,2561.5,410.6029844914095
2562,2562.5,89.82398368171133
2563,2563.5,-0.019089000000000005
2564,2564.5,-0.019089000000000005
2565,2565.5,-0.019089000000000005
2566,2566.5,-0.019089000000000005
2567,2567.5,-0.019089000000000005
2568,2568.5,-0.019089000000000005
2569,2569.5,-0.019089000000000005
2570,2570.5,-0.019089000000000005
2571,2571.5,-0.019089000000000005
2572,2572.5,-0.019089000000000005
2573,2573.5,-0.019089000000000005
2574,2574.5,10.672079669063908
2575,2575.5,220.16012838339952
2576,2576.5,581.9766036952121
2577,2577.5,883.4554447724709
2578,2578.5,1102.1721949311113
2579,2579.5,1237.1156194538623
2580,2580.5,1248.08607
2581,2581.5,1248.08607
2582,2582.5,1153.3766048870684
2583,2583.5,959.8346960019385
2584,2584.5,702.8626191820296
2585,2585.5,381.10580541227455
2586,2586.5,89.27481426743431
2587,2587.5,-0.019089000000000005
2588,2588.5,-0.019089000000000005
2589,2589.5,-0.019089000000000005
2590,2590.5,-0.019089000000000005
2591,2591.5,-0.019089000000000005
2592,2592.5,-0.019089000000000005
2593,2593.5,-0.019089000000000005
2594,2594.5,-0.019089000000000005
2595,2595.5,-0.019089000000000005
2596,2596.5,-0.019089000000000005
2597,2597.5,-0.019089000000000005
2598,2598.5,11.23191723220415
2599,2599.5,160.52699017101764
2600,2600.5,575.9053644670964
2601,2601.5,793.1694866086219
2602,2602.5,975.1329639916978
2603,2603.5,1001.028214052783
2604,2604.5,1068.2250465358377
2605,2605.5,884.6949011154953
2606,2606.5,855.6391908530429
2607,2607.5,772.3158108074848
2608,2608.5,377.849232383113
2609,2609.5,265.1050422145898
2610,2610.5,67.87505082326366
2611,2611.5,-0.019089000000000005
2612,2612.5,-0.019089000000000005
2613,2613.5,-0.019089000000000005
2614,2614.5,-0.019089000000000005
2615,2615.5,-0.019089000000000005
2616,2616.5,-0.019089000000000005
2617,2617.5,-0.019089000000000005
2618,2618.5,-0.019089000000000005
2619,2619.5,-0.019089000000000005
2620,2620.5,-0.019089000000000005
2621,2621.5,-0.019089000000000005
2622,2622.5,12.098111623879825
2623,2623.5,221.43665758041507
2624,2624.5,574.6064000008615
2625,2625.5,877.6597756276627
2626,2626.5,1102.8181434022094
2627,2627.5,875.436797575468
2628,2628.5,1248.08607
2629,2629.5,640.8503321017666
2630,2630.5,1180.5179889246465
2631,2631.5,997.4405368223793
2632,2632.5,743.1325597832645
2633,2633.5,410.78718853309624
2634,2634.5,91.88253736290505
2635,2635.5,-0.019089000000000005
2636,2636.5,-0.019089000000000005
2637,2637.5,-0.019089000000000005
2638,2638.5,-0.019089000000000005
2639,2639.5,-0.019089000000000005
2640,2640.5,-0.019089000000000005
2641,2641.5,-0.019089000000000005
2642,2642.5,-0.019089000000000005
2643,2643.5,-0.019089000000000005
2644,2644.5,-0.019089000000000005
2645,2645.5,-0.019089000000000005
2646,2646.5,13.481971534258415
2647,2647.5,229.62649541869735
2648,2648.5,593.779376188038
2649,2649.5,886.5779781015599
2650,2650.5,1100.2815821668548
2651,2651.5,1227.8111029968632
2652,2652.5,1248.08607
2653,2653.5,1243.709865414436
2654,2654.5,1136.8252634946782
2655,2655.5,956.758738839026
2656,2656.5,713.5585515629083
2657,2657.5,399.8535815522994
2658,2658.5,90.20660099769324
2659,2659.5,-0.019089000000000005
2660,2660.5,-0.019089000000000005
2661,2661.5,-0.019089000000000005
2662,2662.5,-0.019089000000000005
2663,2663.5,-0.019089000000000005
2664,2664.5,-0.019089000000000005
2665,2665.5,-0.019089000000000005
2666,2666.5,-0.019089000000000005
2667,2667.5,-0.019089000000000005
2668,2668.5,-0.019089000000000005
2669,2669.5,-0.019089000000000005
2670,2670.5,12.996885949103921
2671,2671.5,226.73518804152528
2672,2672.5,576.5864029888335
2673,2673.5,854.071853723059
2674,2674.5,1059.8910768135643
2675,2675.5,1198.6808098797333
2676,2676.5,1248.08607
2677,2677.5,1228.3430265755367
2678,2678.5,1130.912315598667
2679,2679.5,942.0754422314011
2680,2680.5,702.5419898807721
2681,2681.5,388.4728078911596
2682,2682.5,91.36291913364919
2683,2683.5,-0.019089000000000005
2684,2684.5,-0.019089000000000005
2685,2685.5,-0.019089000000000005
2686,2686.5,-0.019089000000000005
2687,2687.5,-0.019089000000000005
2688,2688.5,-0.019089000000000005
2689,2689.5,-0.019089000000000005
2690,2690.5,-0.019089000000000005
2691,2691.5,-0.019089000000000005
2692,2692.5,-0.019089000000000005
2693,2693.5,-0.019089000000000005
2694,2694.5,16.284601729654266
2695,2695.5,201.78196495997994
2696,2696.5,259.91192031632266
2697,2697.5,558.7766967266236
2698,2698.5,1091.2012887472902
2699,2699.5,1227.164009544661
2700,2700.5,1248.08607
2701,2701.5,1248.08607
2702,2702.5,1137.6169646446501
2703,2703.5,961.2011424571973
2704,2704.5,717.2605712815152
2705,2705.5,399.74673764987
2706,2706.5,91.40823349770052
2707,2707.5,-0.019089000000000005
2708,2708.5,-0.019089000000000005
2709,2709.5,-0.019089000000000005
2710,2710.5,-0.019089000000000005
2711,2711.5,-0.019089000000000005
2712,2712.5,-0.019089000000000005
2713,2713.5,-0.019089000000000005
2714,2714.5,-0.019089000000000005
2715,2715.5,-0.019089000000000005
2716,2716.5,-0.019089000000000005
2717,2717.5,-0.019089000000000005
2718,2718.5,15.644147710973094
2719,2719.5,234.5635557027421
2720,2720.5,585.0321021565675
2721,2721.5,863.9123560024378
2722,2722.5,1061.335037437372
2723,2723.5,1183.5757253608124
2724,2724.5,1235.1962684842558
2725,2725.5,1211.9247936587585
2726,2726.5,1112.5461999548988
2727,2727.5,939.9709991358618
2728,2728.5,704.3327715391474
2729,2729.5,381.59514974075137
2730,2730.5,90.18320572418266
2731,2731.5,-0.019089000000000005
2732,2732.5,-0.019089000000000005
2733,2733.5,-0.019089000000000005
2734,2734.5,-0.019089000000000005
2735,2735.5,-0.019089000000000005
2736,2736.5,-0.019089000000000005
2737,2737.5,-0.019089000000000005
2738,2738.5,-0.019089000000000005
2739,2739.5,-0.019089000000000005
2740,2740.5,-0.019089000000000005
2741,2741.5,-0.019089000000000005
2742,2742.5,16.81721292151216
2743,2743.5,233.8266689238946
2744,2744.5,582.1229773293702
2745,2745.5,856.5642222839472
2746,2746.5,1059.453437265513
2747,2747.5,1192.3622702941625
2748,2748.5,1243.3778322273063
2749,2749.5,1223.045395571832
2750,2750.5,1127.4692060217162
2751,2751.5,959.5631744739147
2752,2752.5,720.9160741253145
2753,2753.5,404.89366602359456
2754,2754.5,89.62835825685522
2755,2755.5,-0.019089000000000005
2756,2756.5,-0.019089000000000005
2757,2757.5,-0.019089000000000005
2758,2758.5,-0.019089000000000005
2759,2759.5,-0.019089000000000005
2760,2760.5,-0.019089000000000005
2761,2761.5,-0.019089000000000005
2762,2762.5,-0.019089000000000005
2763,2763.5,-0.019089000000000005
2764,2764.5,-0.019089000000000005
2765,2765.5,-0.019089000000000005
2766,2766.5,16.821602194833584
2767,2767.5,166.64644892354528
2768,2768.5,464.7554073881485
2769,2769.5,697.9608874220072
2770,2770.5,513.2403150523578
2771,2771.5,580.3918780593283
2772,2772.5,590.7456446963215
2773,2773.5,657.517294047812
2774,2774.5,524.1082641111497
2775,2775.5,847.3091120367072
2776,2776.5,647.6765913392242
2777,2777.5,374.79238025222156
2778,2778.5,98.05325708335393
2779,2779.5,-0.019089000000000005
2780,2780.5,-0.019089000000000005
2781,2781.5,-0.019089000000000005
2782,2782.5,-0.019089000000000005
2783,2783.5,-0.019089000000000005
2784,2784.5,-0.019089000000000005
2785,2785.5,-0.019089000000000005
2786,2786.5,-0.019089000000000005
2787,2787.5,-0.019089000000000005
2788,2788.5,-0.019089000000000005
2789,2789.5,-0.019089000000000005
2790,2790.5,18.798770658922326
2791,2791.5,255.70312630395966
2792,2792.5,626.0265679180246
2793,2793.5,922.9152806858397
2794,2794.5,1144.3968056700937
2795,2795.5,1248.08607
2796,2796.5,1248.08607
2797,2797.5,1248.08607
2798,2798.5,1194.3237313464724
2799,2799.5,996.1861478225092
2800,2800.5,745.553844209832
2801,2801.5,416.08285068891587
2802,2802.5,96.01367102202384
2803,2803.5,-0.019089000000000005
2804,2804.5,-0.019089000000000005
2805,2805.5,-0.019089000000000005
2806,2806.5,-0.019089000000000005
2807,2807.5,-0.019089000000000005
2808,2808.5,-0.019089000000000005
2809,2809.5,-0.019089000000000005
2810,2810.5,-0.019089000000000005
2811,2811.5,-0.019089000000000005
2812,2812.5,-0.019089000000000005
2813,2813.5,-0.019089000000000005
2814,2814.5,20.133319741110736
2815,2815.5,248.85568786794934
2816,2816.5,606.2537398862593
2817,2817.5,887.0853689522639
2818,2818.5,1083.4184665393077
2819,2819.5,1195.7231951879346
2820,2820.5,1227.0053719807474
2821,2821.5,1193.7172380365596
2822,2822.5,1094.8667124136696
2823,2823.5,934.3916207284361
2824,2824.5,703.0865792602876
2825,2825.5,392.8854945490137
2826,2826.5,96.48570068690712
2827,2827.5,-0.019089000000000005
2828,2828.5,-0.019089000000000005
2829,2829.5,-0.019089000000000005
2830,2830.5,-0.019089000000000005
2831,2831.5,-0.019089000000000005
2832,2832.5,-0.019089000000000005
2833,2833.5,-0.019089000000000005
2834,2834.5,-0.019089000000000005
2835,2835.5,-0.019089000000000005
2836,2836.5,-0.019089000000000005
2837,2837.5,-0.019089000000000005
2838,2838.5,25.76745297408269
2839,2839.5,12.434517345774143
2840,2840.5,129.06670147879007
2841,2841.5,446.2771506875676
2842,2842.5,996.8503015315163
2843,2843.5,1126.0759552637514
2844,2844.5,1182.9949256233792
2845,2845.5,1156.436700868353
2846,2846.5,1054.987472037717
2847,2847.5,872.4982103590922
2848,2848.5,639.353109224288
2849,2849.5,356.8453474270452
2850,2850.5,69.23114605937721
2851,2851.5,-0.019089000000000005
2852,2852.5,-0.019089000000000005
2853,2853.5,-0.019089000000000005
2854,2854.5,-0.019089000000000005
2855,2855.5,-0.019089000000000005
2856,2856.5,-0.019089000000000005
2857,2857.5,-0.019089000000000005
2858,2858.5,-0.019089000000000005
2859,2859.5,-0.019089000000000005
2860,2860.5,-0.019089000000000005
2861,2861.5,-0.019089000000000005
2862,2862.5,28.7601757668103
2863,2863.5,241.724710104552
2864,2864.5,573.7491016706972
2865,2865.5,850.3812536015953
2866,2866.5,1049.7499798622982
2867,2867.5,1168.1584814543373
2868,2868.5,1222.1092178980705
2869,2869.5,1203.2150004416224
2870,2870.5,1105.2835604491397
2871,2871.5,547.6209459356672
2872,2872.5,414.1744407861128
2873,2873.5,388.1583456210256
2874,2874.5,90.22779311528649
2875,2875.5,-0.019089000000000005
2876,2876.5,-0.019089000000000005
2877,2877.5,-0.019089000000000005
2878,2878.5,-0.019089000000000005
2879,2879.5,-0.019089000000000005
2880,2880.5,-0.019089000000000005
2881,2881.5,-0.019089000000000005
2882,2882.5,-0.019089000000000005
2883,2883.5,-0.019089000000000005
2884,2884.5,-0.019089000000000005
2885,2885.5,-0.019089000000000005
2886,2886.5,24.81171815666784
2887,2887.5,250.2190003637337
2888,2888.5,595.6803450647523
2889,2889.5,876.9529595871238
2890,2890.5,1088.5002779224517
2891,2891.5,1222.559737691419
2892,2892.5,1248.08607
2893,2893.5,1248.08607
2894,2894.5,1161.6443400709554
2895,2895.5,970.8195368765815
2896,2896.5,725.2166692791484
2897,2897.5,407.885967372231
2898,2898.5,100.13615288554662
2899,2899.5,-0.019089000000000005
2900,2900.5,-0.019089000000000005
2901,2901.5,-0.019089000000000005
2902,2902.5,-0.019089000000000005
2903,2903.5,-0.019089000000000005
2904,2904.5,-0.019089000000000005
2905,2905.5,-0.019089000000000005
2906,2906.5,-0.019089000000000005
2907,2907.5,-0.019089000000000005
2908,2908.5,-0.019089000000000005
2909,2909.5,-0.019089000000000005
2910,2910.5,25.841811697169796
2911,2911.5,251.50928903178712
2912,2912.5,593.2051958945216
2913,2913.5,858.1633156362078
2914,2914.5,1052.5412551360753
2915,2915.5,1173.5372718722722
2916,2916.5,1227.4962151168297
2917,2917.5,1206.4048037515045
2918,2918.5,1110.224840709919
2919,2919.5,945.7834664231174
2920,2920.5,149.2323256319962
2921,2921.5,399.81322425031595
2922,2922.5,99.39449263622552
2923,2923.5,-0.019089000000000005
2924,2924.5,-0.019089000000000005
2925,2925.5,-0.019089000000000005
2926,2926.5,-0.019089000000000005
2927,2927.5,-0.019089000000000005
2928,2928.5,-0.019089000000000005
2929,2929.5,-0.019089000000000005
2930,2930.5,-0.019089000000000005
2931,2931.5,-0.019089000000000005
2932,2932.5,-0.019089000000000005
2933,2933.5,-0.019089000000000005
2934,2934.5,20.25826871197088
2935,2935.5,233.80963164312587
2936,2936.5,585.9796112539785
2937,2937.5,854.7290743281967
2938,2938.5,855.8021020832392
2939,2939.5,1194.317379744338
2940,2940.5,1244.1264116863524
2941,2941.5,1221.4693787955232
2942,2942.5,1124.7106088873725
2943,2943.5,950.0459887598442
2944,2944.5,713.8764332818856
2945,2945.5,314.2452248380053
2946,2946.5,102.43264156624288
2947,2947.5,-0.019089000000000005
2948,2948.5,-0.019089000000000005
2949,2949.5,-0.019089000000000005
2950,2950.5,-0.019089000000000005
2951,2951.5,-0.019089000000000005
2952,2952.5,-0.019089000000000005
2953,2953.5,-0.019089000000000005
2954,2954.5,-0.019089000000000005
2955,2955.5,-0.019089000000000005
2956,2956.5,-0.019089000000000005
2957,2957.5,-0.019089000000000005
2958,2958.5,27.28768334606065
2959,2959.5,254.0686919170691
2960,2960.5,596.2605646159748
2961,2961.5,869.2057127289365
2962,2962.5,1077.1279442073703
2963,2963.5,1218.1398587417705
2964,2964.5,1248.08607
2965,2965.5,1248.08607
2966,2966.5,1159.9666621673132
2967,2967.5,982.0597253150657
2968,2968.5,741.3724458327165
2969,2969.5,422.33110358332743
2970,2970.5,101.47572018668582
2971,2971.5,-0.019089000000000005
2972,2972.5,-0.019089000000000005
2973,2973.5,-0.019089000000000005
2974,2974.5,-0.019089000000000005
2975,2975.5,-0.019089000000000005
2976,2976.5,-0.019089000000000005
2977,2977.5,-0.019089000000000005
2978,2978.5,-0.019089000000000005
2979,2979.5,-0.019089000000000005
2980,2980.5,-0.019089000000000005
2981,2981.5,-0.019089000000000005
2982,2982.5,30.15238684943243
2983,2983.5,207.78953706707586
2984,2984.5,517.2022646142894
2985,2985.5,748.005492302093
2986,2986.5,1062.4011345173353
2987,2987.5,1188.1018890033743
2988,2988.5,1238.0828860884958
2989,2989.5,1206.332495527563
2990,2990.5,1106.2276373354398
2991,2991.5,864.8873137362301
2992,2992.5,504.81764208224314
2993,2993.5,277.8610578158636
2994,2994.5,96.03489030235733
2995,2995.5,-0.019089000000000005
2996,2996.5,-0.019089000000000005
2997,2997.5,-0.019089000000000005
2998,2998.5,-0.019089000000000005
2999,2999.5,-0.019089000000000005
3000,3000.5,-0.019089000000000005
3001,3001.5,-0.019089000000000005
3002,3002.5,-0.019089000000000005
3003,3003.5,-0.019089000000000005
3004,3004.5,-0.019089000000000005
3005,3005.5,-0.019089000000000005
3006,3006.5,33.80189830828993
3007,3007.5,225.8539885711245
3008,3008.5,603.5300655816897
3009,3009.5,872.1460633135822
3010,3010.5,1065.8811316903043
3011,3011.5,1196.2746362113567
3012,3012.5,1248.08607
3013,3013.5,1225.3375180930216
3014,3014.5,1115.912610895539
3015,3015.5,939.6509225075445
3016,3016.5,706.9443283466718
3017,3017.5,400.45152047856897
3018,3018.5,102.54510280572202
3019,3019.5,-0.019089000000000005
3020,3020.5,-0.019089000000000005
3021,3021.5,-0.019089000000000005
3022,3022.5,-0.019089000000000005
3023,3023.5,-0.019089000000000005
3024,3024.5,-0.019089000000000005
3025,3025.5,-0.019089000000000005
3026,3026.5,-0.019089000000000005
3027,3027.5,-0.019089000000000005
3028,3028.5,-0.019089000000000005
3029,3029.5,-0.019089000000000005
3030,3030.5,16.506002166772618
3031,3031.5,87.69299785915818
3032,3032.5,69.10187327306667
3033,3033.5,165.78978411510764
3034,3034.5,652.4920765255343
3035,3035.5,641.5230724430063
3036,3036.5,627.4256228771302
3037,3037.5,1189.1469143807265
3038,3038.5,796.1758457629555
3039,3039.5,673.8375627018501
3040,3040.5,624.3775268225804
3041,3041.5,209.57871442329338
3042,3042.5,96.5728228983514
3043,3043.5,-0.019089000000000005
3044,3044.5,-0.019089000000000005
3045,3045.5,-0.019089000000000005
3046,3046.5,-0.019089000000000005
3047,3047.5,-0.019089000000000005
3048,3048.5,-0.019089000000000005
3049,3049.5,-0.019089000000000005
3050,3050.5,-0.019089000000000005
3051,3051.5,-0.019089000000000005
3052,3052.5,-0.019089000000000005
3053,3053.5,-0.019089000000000005
3054,3054.5,12.332784528372235
3055,3055.5,78.64529201594235
3056,3056.5,93.58192388886987
3057,3057.5,661.8345559772587
3058,3058.5,728.8312145076034
3059,3059.5,1229.7467299204486
3060,3060.5,997.3443082593741
3061,3061.5,816.6234559211226
3062,3062.5,867.8122741492083
3063,3063.5,954.2440502195592
3064,3064.5,513.5508404012023
3065,3065.5,341.7415708945681
3066,3066.5,95.1798736561904
3067,3067.5,-0.019089000000000005
3068,3068.5,-0.019089000000000005
3069,3069.5,-0.019089000000000005
3070,3070.5,-0.019089000000000005
3071,3071.5,-0.019089000000000005
3072,3072.5,-0.019089000000000005
3073,3073.5,-0.019089000000000005
3074,3074.5,-0.019089000000000005
3075,3075.5,-0.019089000000000005
3076,3076.5,-0.019089000000000005
3077,3077.5,-0.019089000000000005
3078,3078.5,37.66453892812065
3079,3079.5,262.5204983659925
3080,3080.5,590.5556699794373
3081,3081.5,858.6016417278908
3082,3082.5,1069.2775928301976
3083,3083.5,1192.3402301205313
3084,3084.5,1247.511437012402
3085,3085.5,1222.546837403168
3086,3086.5,1124.8581884755279
3087,3087.5,955.7677541874767
3088,3088.5,718.0271135454203
3089,3089.5,391.6834590276123
3090,3090.5,108.35000029893614
3091,3091.5,-0.019089000000000005
3092,3092.5,-0.019089000000000005
3093,3093.5,-0.019089000000000005
3094,3094.5,-0.019089000000000005
3095,3095.5,-0.019089000000000005
3096,3096.5,-0.019089000000000005
3097,3097.5,-0.019089000000000005
3098,3098.5,-0.019089000000000005
3099,3099.5,-0.019089000000000005
3100,3100.5,-0.019089000000000005
3101,3101.5,-0.019089000000000005
3102,3102.5,10.049918267447067
3103,3103.5,34.993408366020184
3104,3104.5,73.45646959692338
3105,3105.5,127.68384039464858
3106,3106.5,241.11397367686956
3107,3107.5,369.9001353973094
3108,3108.5,422.56770811469454
3109,3109.5,255.10354051051536
3110,3110.5,415.9349937623342
3111,3111.5,252.72924809186125
3112,3112.5,122.01159114716408
3113,3113.5,363.198354185148
3114,3114.5,106.4795030572137
3115,3115.5,-0.019089000000000005
3116,3116.5,-0.019089000000000005
3117,3117.5,-0.019089000000000005
3118,3118.5,-0.019089000000000005
3119,3119.5,-0.019089000000000005
3120,3120.5,-0.019089000000000005
3121,3121.5,-0.019089000000000005
3122,3122.5,-0.019089000000000005
3123,3123.5,-0.019089000000000005
3124,3124.5,-0.019089000000000005
3125,3125.5,-0.019089000000000005
3126,3126.5,40.08452538106472
3127,3127.5,48.674289264909646
3128,3128.5,143.30472788403375
3129,3129.5,168.40834283639384
3130,3130.5,603.1580523494465
3131,3131.5,135.04158188530835
3132,3132.5,266.6992759277092
3133,3133.5,369.14750175194314
3134,3134.5,598.6003344196405
3135,3135.5,467.44518217655855
3136,3136.5,485.8984672203261
3137,3137.5,256.3864226312877
3138,3138.5,107.79400479268709
3139,3139.5,-0.019089000000000005
3140,3140.5,-0.019089000000000005
3141,3141.5,-0.019089000000000005
3142,3142.5,-0.019089000000000005
3143,3143.5,-0.019089000000000005
3144,3144.5,-0.019089000000000005
3145,3145.5,-0.019089000000000005
3146,3146.5,-0.019089000000000005
3147,3147.5,-0.019089000000000005
3148,3148.5,-0.019089000000000005
3149,3149.5,-0.019089000000000005
3150,3150.5,38.31590442748062
3151,3151.5,273.35199640550576
3152,3152.5,606.0011581427799
3153,3153.5,878.6788788177537
3154,3154.5,610.9978062636899
3155,3155.5,736.4324502642879
3156,3156.5,685.3610244207949
3157,3157.5,532.8564295164439
3158,3158.5,935.8780517973973
3159,3159.5,948.269462762962
3160,3160.5,713.4884791781757
3161,3161.5,412.61281291932886
3162,3162.5,116.60425356785238
3163,3163.5,-0.019089000000000005
3164,3164.5,-0.019089000000000005
3165,3165.5,-0.019089000000000005
3166,3166.5,-0.019089000000000005
3167,3167.5,-0.019089000000000005
3168,3168.5,-0.019089000000000005
3169,3169.5,-0.019089000000000005
3170,3170.5,-0.019089000000000005
3171,3171.5,-0.019089000000000005
3172,3172.5,-0.019089000000000005
3173,3173.5,-0.019089000000000005
3174,3174.5,42.97211899603147
3175,3175.5,263.3362428557915
3176,3176.5,580.311928546551
3177,3177.5,842.5492901727637
3178,3178.5,1044.220282686489
3179,3179.5,718.5396185047573
3180,3180.5,629.682856747292
3181,3181.5,879.3963598082934
3182,3182.5,947.9854988879373
3183,3183.5,766.7857357998668
3184,3184.5,275.46535372458334
3185,3185.5,162.0351250538961
3186,3186.5,97.94853346270145
3187,3187.5,-0.019089000000000005
3188,3188.5,-0.019089000000000005
3189,3189.5,-0.019089000000000005
3190,3190.5,-0.019089000000000005
3191,3191.5,-0.019089000000000005
3192,3192.5,-0.019089000000000005
3193,3193.5,-0.019089000000000005
3194,3194.5,-0.019089000000000005
3195,3195.5,-0.019089000000000005
3196,3196.5,-0.019089000000000005
3197,3197.5,-0.019089000000000005
3198,3198.5,5.777924881587516
3199,3199.5,109.35821656432184
3200,3200.5,110.50196038465384
3201,3201.5,320.2779239337419
3202,3202.5,826.2116772422621
3203,3203.5,666.2764059132583
3204,3204.5,614.6793114626281
3205,3205.5,688.5963031596797
3206,3206.5,703.2450245573307
3207,3207.5,385.47655262361286
3208,3208.5,249.86468616992155
3209,3209.5,41.83840876431529
3210,3210.5,13.934521244405742
3211,3211.5,-0.019089000000000005
3212,3212.5,-0.019089000000000005
3213,3213.5,-0.019089000000000005
3214,3214.5,-0.019089000000000005
3215,3215.5,-0.019089000000000005
3216,3216.5,-0.019089000000000005
3217,3217.5,-0.019089000000000005
3218,3218.5,-0.019089000000000005
3219,3219.5,-0.019089000000000005
3220,3220.5,-0.019089000000000005
3221,3221.5,-0.019089000000000005
3222,3222.5,39.438760000084
3223,3223.5,275.5031553992605
3224,3224.5,602.6125750744809
3225,3225.5,853.5765699912557
3226,3226.5,1043.4561859962066
3227,3227.5,1158.5999055124464
3228,3228.5,1212.5416135680139
3229,3229.5,1201.6450325510777
3230,3230.5,1109.1180906554537
3231,3231.5,942.6513241088643
3232,3232.5,719.6373971074546
3233,3233.5,419.66965291251563
3234,3234.5,115.75262201402018
3235,3235.5,6.494242733148365
3236,3236.5,-0.019089000000000005
3237,3237.5,-0.019089000000000005
3238,3238.5,-0.019089000000000005
3239,3239.5,-0.019089000000000005
3240,3240.5,-0.019089000000000005
3241,3241.5,-0.019089000000000005
3242,3242.5,-0.019089000000000005
3243,3243.5,-0.019089000000000005
3244,3244.5,-0.019089000000000005
3245,3245.5,-0.019089000000000005
3246,3246.5,37.194292114417536
3247,3247.5,279.93094029398594
3248,3248.5,618.5975598796657
3249,3249.5,869.25426396823
3250,3250.5,1053.0462968792153
3251,3251.5,1171.2213891967226
3252,3252.5,1218.272292078236
3253,3253.5,1197.3442292926693
3254,3254.5,1104.4707577743825
3255,3255.5,949.6737547067804
3256,3256.5,725.1509791085097
3257,3257.5,424.0416692575306
3258,3258.5,116.95283904863176
3259,3259.5,6.625475057071979
3260,3260.5,-0.019089000000000005
3261,3261.5,-0.019089000000000005
3262,3262.5,-0.019089000000000005
3263,3263.5,-0.019089000000000005
3264,3264.5,-0.019089000000000005
3265,3265.5,-0.019089000000000005
3266,3266.5,-0.019089000000000005
3267,3267.5,-0.019089000000000005
3268,3268.5,-0.019089000000000005
3269,3269.5,-0.019089000000000005
3270,3270.5,39.380446606053155
3271,3271.5,282.6298251038554
3272,3272.5,624.9601333656909
3273,3273.5,898.4796585427747
3274,3274.5,1102.633444137662
3275,3275.5,1232.1565862337084
3276,3276.5,1248.08607
3277,3277.5,1248.08607
3278,3278.5,1138.5652356824544
3279,3279.5,956.9042340581575
3280,3280.5,721.3820452331638
3281,3281.5,418.59365217682154
3282,3282.5,120.4321748382637
3283,3283.5,7.313965483414227
3284,3284.5,-0.019089000000000005
3285,3285.5,-0.019089000000000005
3286,3286.5,-0.019089000000000005
3287,3287.5,-0.019089000000000005
3288,3288.5,-0.019089000000000005
3289,3289.5,-0.019089000000000005
3290,3290.5,-0.019089000000000005
3291,3291.5,-0.019089000000000005
3292,3292.5,-0.019089000000000005
3293,3293.5,-0.019089000000000005
3294,3294.5,43.24263755645458
3295,3295.5,273.1799851279239
3296,3296.5,600.8371950022635
3297,3297.5,867.5260822375557
3298,3298.5,1061.325809598819
3299,3299.5,1182.3566207153049
3300,3300.5,1229.7266723799703
3301,3301.5,1206.6550275137258
3302,3302.5,1107.7516351013737
3303,3303.5,944.8945621088092
3304,3304.5,714.6468946207943
3305,3305.5,413.7793729617026
3306,3306.5,117.7621050816232
3307,3307.5,6.832756246685382
3308,3308.5,-0.019089000000000005
3309,3309.5,-0.019089000000000005
3310,3310.5,-0.019089000000000005
3311,3311.5,-0.019089000000000005
3312,3312.5,-0.019089000000000005
3313,3313.5,-0.019089000000000005
3314,3314.5,-0.019089000000000005
3315,3315.5,-0.019089000000000005
3316,3316.5,-0.019089000000000005
3317,3317.5,-0.019089000000000005
3318,3318.5,43.87015683857663
3319,3319.5,272.26941377772937
3320,3320.5,587.802965080625
3321,3321.5,840.2259963759126
3322,3322.5,1019.3276657075975
3323,3323.5,1124.9224749507332
3324,3324.5,1183.9506357810951
3325,3325.5,1173.3066334712894
3326,3326.5,1091.4975800934517
3327,3327.5,937.6236531482891
3328,3328.5,712.6496726009962
3329,3329.5,416.75652163177546
3330,3330.5,120.43439415045053
3331,3331.5,9.611174470279705
3332,3332.5,-0.019089000000000005
3333,3333.5,-0.019089000000000005
3334,3334.5,-0.019089000000000005
3335,3335.5,-0.019089000000000005
3336,3336.5,-0.019089000000000005
3337,3337.5,-0.019089000000000005
3338,3338.5,-0.019089000000000005
3339,3339.5,-0.019089000000000005
3340,3340.5,-0.019089000000000005
3341,3341.5,-0.019089000000000005
3342,3342.5,43.980867356122175
3343,3343.5,269.06409501967494
3344,3344.5,584.1273155019896
3345,3345.5,708.624897386424
3346,3346.5,471.47170132421803
3347,3347.5,528.4450286765606
3348,3348.5,1205.729956637851
3349,3349.5,1180.7963723421142
3350,3350.5,648.8673727860529
3351,3351.5,388.43675325138145
3352,3352.5,622.6365063778803
3353,3353.5,403.6169744139792
3354,3354.5,122.34711286956315
3355,3355.5,7.933372022140526
3356,3356.5,-0.019089000000000005
3357,3357.5,-0.019089000000000005
3358,3358.5,-0.019089000000000005
3359,3359.5,-0.019089000000000005
3360,3360.5,-0.019089000000000005
3361,3361.5,-0.019089000000000005
3362,3362.5,-0.019089000000000005
3363,3363.5,-0.019089000000000005
3364,3364.5,-0.019089000000000005
3365,3365.5,-0.019089000000000005
3366,3366.5,46.661781527431025
3367,3367.5,263.2366580632486
3368,3368.5,566.3226570849063
3369,3369.5,754.70118074341
3370,3370.5,688.1254490719816
3371,3371.5,1034.8050112682597
3372,3372.5,1199.7454294030324
3373,3373.5,1178.0832314057832
3374,3374.5,1092.3183302428426
3375,3375.5,926.0982917943999
3376,3376.5,607.9572845481151
3377,3377.5,410.1600684409763
3378,3378.5,123.74082387006328
3379,3379.5,11.815288056399416
3380,3380.5,-0.019089000000000005
3381,3381.5,-0.019089000000000005
3382,3382.5,-0.019089000000000005
3383,3383.5,-0.019089000000000005
3384,3384.5,-0.019089000000000005
3385,3385.5,-0.019089000000000005
3386,3386.5,-0.019089000000000005
3387,3387.5,-0.019089000000000005
3388,3388.5,-0.019089000000000005
3389,3389.5,-0.019089000000000005
3390,3390.5,46.19616846384964
3391,3391.5,174.00949533925285
3392,3392.5,162.6587676681165
3393,3393.5,313.28356922309985
3394,3394.5,585.5759647000731
3395,3395.5,919.9146725702667
3396,3396.5,1117.771673864057
3397,3397.5,1176.5911061497638
3398,3398.5,1078.0964187426212
3399,3399.5,912.6565525448651
3400,3400.5,691.9576317445843
3401,3401.5,405.007175284802
3402,3402.5,122.67561621011552
3403,3403.5,11.276513245948784
3404,3404.5,-0.019089000000000005
3405,3405.5,-0.019089000000000005
3406,3406.5,-0.019089000000000005
3407,3407.5,-0.019089000000000005
3408,3408.5,-0.019089000000000005
3409,3409.5,-0.019089000000000005
3410,3410.5,-0.019089000000000005
3411,3411.5,-0.019089000000000005
3412,3412.5,-0.019089000000000005
3413,3413.5,-0.019089000000000005
3414,3414.5,47.789556206579526
3415,3415.5,270.4701294923538
3416,3416.5,581.9585804508507
3417,3417.5,835.7683530811161
3418,3418.5,1030.8019097226397
3419,3419.5,1157.2594193766931
3420,3420.5,1223.2524718999682
3421,3421.5,1205.0873322139107
3422,3422.5,1113.2897327085147
3423,3423.5,946.8321051562392
3424,3424.5,712.5491036649078
3425,3425.5,415.1995656877513
3426,3426.5,124.60970470758892
3427,3427.5,7.041765582647129
3428,3428.5,-0.019089000000000005
3429,3429.5,-0.019089000000000005
3430,3430.5,-0.019089000000000005
3431,3431.5,-0.019089000000000005
3432,3432.5,-0.019089000000000005
3433,3433.5,-0.019089000000000005
3434,3434.5,-0.019089000000000005
3435,3435.5,-0.019089000000000005
3436,3436.5,-0.019089000000000005
3437,3437.5,-0.019089000000000005
3438,3438.5,44.170345971115964
3439,3439.5,279.1676811795218
3440,3440.5,602.1624721092891
3441,3441.5,859.3992172953206
3442,3442.5,1051.6894416739262
3443,3443.5,1164.7821085630703
3444,3444.5,1211.7075163358331
3445,3445.5,1190.1864741203997
3446,3446.5,1101.6128937908406
3447,3447.5,933.8783897413414
3448,3448.5,710.9263860473931
3449,3449.5,418.61609989515864
3450,3450.5,123.73135881141847
3451,3451.5,14.178627614538463
3452,3452.5,-0.019089000000000005
3453,3453.5,-0.019089000000000005
3454,3454.5,-0.019089000000000005
3455,3455.5,-0.019089000000000005
3456,3456.5,-0.019089000000000005
3457,3457.5,-0.019089000000000005
3458,3458.5,-0.019089000000000005
3459,3459.5,-0.019089000000000005
3460,3460.5,-0.019089000000000005
3461,3461.5,-0.019089000000000005
3462,3462.5,52.136582147368166
3463,3463.5,264.51058837915457
3464,3464.5,557.3729912975894
3465,3465.5,797.1672082240565
3466,3466.5,980.031119848364
3467,3467.5,1107.3526201484967
3468,3468.5,1178.836985933319
3469,3469.5,881.5874715952804
3470,3470.5,779.2375941174
3471,3471.5,317.8238340792238
3472,3472.5,668.842079929749
3473,3473.5,394.70958018991956
3474,3474.5,135.90683177459618
3475,3475.5,7.696184431242102
3476,3476.5,-0.019089000000000005
3477,3477.5,-0.019089000000000005
3478,3478.5,-0.019089000000000005
3479,3479.5,-0.019089000000000005
3480,3480.5,-0.019089000000000005
3481,3481.5,-0.019089000000000005
3482,3482.5,-0.019089000000000005
3483,3483.5,-0.019089000000000005
3484,3484.5,-0.019089000000000005
3485,3485.5,-0.019089000000000005
3486,3486.5,27.48338424462638
3487,3487.5,206.85805585023954
3488,3488.5,545.3841900620392
3489,3489.5,804.2282473157175
3490,3490.5,1008.1207840045374
3491,3491.5,1136.6430304472042
3492,3492.5,1202.3514419004575
3493,3493.5,1180.9010620333543
3494,3494.5,1085.2509287399585
3495,3495.5,906.9874590633915
3496,3496.5,677.997178112487
3497,3497.5,396.08850372274327
3498,3498.5,134.55741133126205
3499,3499.5,10.530941721226023
3500,3500.5,-0.019089000000000005
3501,3501.5,-0.019089000000000005
3502,3502.5,-0.019089000000000005
3503,3503.5,-0.019089000000000005
3504,3504.5,-0.019089000000000005
3505,3505.5,-0.019089000000000005
3506,3506.5,-0.019089000000000005
3507,3507.5,-0.019089000000000005
3508,3508.5,-0.019089000000000005
3509,3509.5,-0.019089000000000005
3510,3510.5,54.36508773250383
3511,3511.5,266.3707067859428
3512,3512.5,577.9061418403214
3513,3513.5,838.3622684112665
3514,3514.5,1036.0775224468025
3515,3515.5,1159.2793640630846
3516,3516.5,1215.1278680706064
3517,3517.5,1195.7137782487673
3518,3518.5,1103.8153563982282
3519,3519.5,949.468034383541
3520,3520.5,728.3372295687443
3521,3521.5,432.3752659317112
3522,3522.5,125.18369774653101
3523,3523.5,9.169719432623005
3524,3524.5,-0.019089000000000005
3525,3525.5,-0.019089000000000005
3526,3526.5,-0.019089000000000005
3527,3527.5,-0.019089000000000005
3528,3528.5,-0.019089000000000005
3529,3529.5,-0.019089000000000005
3530,3530.5,-0.019089000000000005
3531,3531.5,-0.019089000000000005
3532,3532.5,-0.019089000000000005
3533,3533.5,-0.019089000000000005
3534,3534.5,45.69934593693227
3535,3535.5,264.91785204438247
3536,3536.5,564.9105945607931
3537,3537.5,807.240794698971
3538,3538.5,986.8778647351368
3539,3539.5,1115.2275001312557
3540,3540.5,1176.2022449026645
3541,3541.5,1157.9776065609838
3542,3542.5,1059.4952890485517
3543,3543.5,900.4081434882977
3544,3544.5,672.6056564467432
3545,3545.5,396.93278199641304
3546,3546.5,132.4052191809437
3547,3547.5,9.247303834125312
3548,3548.5,-0.019089000000000005
3549,3549.5,-0.019089000000000005
3550,3550.5,-0.019089000000000005
3551,3551.5,-0.019089000000000005
3552,3552.5,-0.019089000000000005
3553,3553.5,-0.019089000000000005
3554,3554.5,-0.019089000000000005
3555,3555.5,-0.019089000000000005
3556,3556.5,-0.019089000000000005
3557,3557.5,-0.019089000000000005
3558,3558.5,46.08531451762677
3559,3559.5,274.51634370336427
3560,3560.5,580.9244902357734
3561,3561.5,827.6756818032298
3562,3562.5,1009.594229134808
3563,3563.5,1129.1281053832786
3564,3564.5,1177.4888446716036
3565,3565.5,1154.601067624963
3566,3566.5,1067.2624249031735
3567,3567.5,915.9880150097259
3568,3568.5,704.4245369773066
3569,3569.5,422.04185632270423
3570,3570.5,133.30265568113475
3571,3571.5,9.214688545988157
3572,3572.5,-0.019089000000000005
3573,3573.5,-0.019089000000000005
3574,3574.5,-0.019089000000000005
3575,3575.5,-0.019089000000000005
3576,3576.5,-0.019089000000000005
3577,3577.5,-0.019089000000000005
3578,3578.5,-0.019089000000000005
3579,3579.5,-0.019089000000000005
3580,3580.5,-0.019089000000000005
3581,3581.5,-0.019089000000000005
3582,3582.5,47.73046115757475
3583,3583.5,271.44177222965624
3584,3584.5,575.5713657615626
3585,3585.5,824.728919053027
3586,3586.5,1019.5745454457953
3587,3587.5,1148.590073001465
3588,3588.5,1189.6749501046681
3589,3589.5,1170.5121754823003
3590,3590.5,1085.6881403736072
3591,3591.5,949.1456107263352
3592,3592.5,724.027091299659
3593,3593.5,431.55419072391203
3594,3594.5,137.24732652743273
3595,3595.5,10.458425789378198
3596,3596.5,-0.019089000000000005
3597,3597.5,-0.019089000000000005
3598,3598.5,-0.019089000000000005
3599,3599.5,-0.019089000000000005
3600,3600.5,-0.019089000000000005
3601,3601.5,-0.019089000000000005
3602,3602.5,-0.019089000000000005
3603,3603.5,-0.019089000000000005
3604,3604.5,-0.019089000000000005
3605,3605.5,-0.019089000000000005
3606,3606.5,43.85467234959608
3607,3607.5,222.00273823975655
3608,3608.5,563.9565022673752
3609,3609.5,771.6761688924009
3610,3610.5,955.4658068265875
3611,3611.5,1191.563983553889
3612,3612.5,1241.6937585381118
3613,3613.5,1211.9647682973127
3614,3614.5,1106.978103606792
3615,3615.5,933.2769395783756
3616,3616.5,705.9608011413524
3617,3617.5,419.4597185377947
3618,3618.5,135.92827300659215
3619,3619.5,12.693476368984927
3620,3620.5,-0.019089000000000005
3621,3621.5,-0.019089000000000005
3622,3622.5,-0.019089000000000005
3623,3623.5,-0.019089000000000005
3624,3624.5,-0.019089000000000005
3625,3625.5,-0.019089000000000005
3626,3626.5,-0.019089000000000005
3627,3627.5,-0.019089000000000005
3628,3628.5,-0.019089000000000005
3629,3629.5,-0.019089000000000005
3630,3630.5,53.359419182167485
3631,3631.5,268.2339027619108
3632,3632.5,570.8115847585691
3633,3633.5,822.8939293235641
3634,3634.5,1017.2908184673174
3635,3635.5,1142.0149009720126
3636,3636.5,1201.8728647242394
3637,3637.5,1177.7635021428573
3638,3638.5,1084.0215637588776
3639,3639.5,923.2400260397426
3640,3640.5,701.7870949113704
3641,3641.5,418.9434685688197
3642,3642.5,132.99833336461452
3643,3643.5,11.786169542657001
3644,3644.5,-0.019089000000000005
3645,3645.5,-0.019089000000000005
3646,3646.5,-0.019089000000000005
3647,3647.5,-0.019089000000000005
3648,3648.5,-0.019089000000000005
3649,3649.5,-0.019089000000000005
3650,3650.5,-0.019089000000000005
3651,3651.5,-0.019089000000000005
3652,3652.5,-0.019089000000000005
3653,3653.5,-0.019089000000000005
3654,3654.5,52.52515791031014
3655,3655.5,220.5910976382611
3656,3656.5,488.38133418300777
3657,3657.5,653.6774786807728
3658,3658.5,224.16679609989828
3659,3659.5,860.2526423886713
3660,3660.5,1168.6394521609159
3661,3661.5,1152.9097620884356
3662,3662.5,1060.3915365398004
3663,3663.5,884.7777242218381
3664,3664.5,670.378164343954
3665,3665.5,399.8152217580627
3666,3666.5,125.14323436703499
3667,3667.5,11.757810687888155
3668,3668.5,-0.019089000000000005
3669,3669.5,-0.019089000000000005
3670,3670.5,-0.019089000000000005
3671,3671.5,-0.019089000000000005
3672,3672.5,-0.019089000000000005
3673,3673.5,-0.019089000000000005
3674,3674.5,-0.019089000000000005
3675,3675.5,-0.019089000000000005
3676,3676.5,-0.019089000000000005
3677,3677.5,-0.019089000000000005
3678,3678.5,55.32903601843629
3679,3679.5,236.54028787879088
3680,3680.5,549.0050534884774
3681,3681.5,795.0062802627194
3682,3682.5,986.2090483529915
3683,3683.5,1105.6171657710513
3684,3684.5,1136.7301813458541
3685,3685.5,1114.0721733065711
3686,3686.5,1013.1903877107243
3687,3687.5,854.9726167876672
3688,3688.5,642.6928655174072
3689,3689.5,387.9753452394911
3690,3690.5,141.05837833877243
3691,3691.5,9.32469922256697
3692,3692.5,-0.019089000000000005
3693,3693.5,-0.019089000000000005
3694,3694.5,-0.019089000000000005
3695,3695.5,-0.019089000000000005
3696,3696.5,-0.019089000000000005
3697,3697.5,-0.019089000000000005
3698,3698.5,-0.019089000000000005
3699,3699.5,-0.019089000000000005
3700,3700.5,-0.019089000000000005
3701,3701.5,-0.019089000000000005
3702,3702.5,48.686376409071144
3703,3703.5,219.1877346618756
3704,3704.5,340.28840660769583
3705,3705.5,782.7403186610585
3706,3706.5,973.8311966016679
3707,3707.5,1097.3169390520338
3708,3708.5,1140.0459758711613
3709,3709.5,1121.7925307452704
3710,3710.5,1023.3981456957906
3711,3711.5,864.5473669728517
3712,3712.5,438.4163838447984
3713,3713.5,157.2635876221921
3714,3714.5,103.35748977039653
3715,3715.5,6.320858371054438
3716,3716.5,-0.019089000000000005
3717,3717.5,-0.019089000000000005
3718,3718.5,-0.019089000000000005
3719,3719.5,-0.019089000000000005
3720,3720.5,-0.019089000000000005
3721,3721.5,-0.019089000000000005
3722,3722.5,-0.019089000000000005
3723,3723.5,-0.019089000000000005
3724,3724.5,-0.019089000000000005
3725,3725.5,-0.019089000000000005
3726,3726.5,22.14568505887422
3727,3727.5,118.59397825307566
3728,3728.5,380.5832292168841
3729,3729.5,534.9879843577438
3730,3730.5,762.9045552697356
3731,3731.5,549.8529081065841
3732,3732.5,470.84569720874543
3733,3733.5,1071.6681325364443
3734,3734.5,984.5006655984929
3735,3735.5,864.4603338731481
3736,3736.5,666.6752287346076
3737,3737.5,408.1918710582916
3738,3738.5,145.5741187744011
3739,3739.5,14.537230288462382
3740,3740.5,-0.019089000000000005
3741,3741.5,-0.019089000000000005
3742,3742.5,-0.019089000000000005
3743,3743.5,-0.019089000000000005
3744,3744.5,-0.019089000000000005
3745,3745.5,-0.019089000000000005
3746,3746.5,-0.019089000000000005
3747,3747.5,-0.019089000000000005
3748,3748.5,-0.019089000000000005
3749,3749.5,-0.019089000000000005
3750,3750.5,43.56817650719242
3751,3751.5,166.9717120433766
3752,3752.5,419.415471593878
3753,3753.5,635.024377562419
3754,3754.5,888.423078027565
3755,3755.5,1007.0054068133155
3756,3756.5,1082.1559220545882
3757,3757.5,1108.3637193961542
3758,3758.5,1059.1171696428144
3759,3759.5,907.885157102788
3760,3760.5,680.4060471959817
3761,3761.5,412.7174666625547
3762,3762.5,135.63094986138864
3763,3763.5,15.401158182071375
3764,3764.5,-0.019089000000000005
3765,3765.5,-0.019089000000000005
3766,3766.5,-0.019089000000000005
3767,3767.5,-0.019089000000000005
3768,3768.5,-0.019089000000000005
3769,3769.5,-0.019089000000000005
3770,3770.5,-0.019089000000000005
3771,3771.5,-0.019089000000000005
3772,3772.5,-0.019089000000000005
3773,3773.5,-0.019089000000000005
3774,3774.5,52.45774960211919
3775,3775.5,93.99317684539895
3776,3776.5,126.115530438982
3777,3777.5,275.5242555905321
3778,3778.5,570.3825169565413
3779,3779.5,896.8501565132577
3780,3780.5,675.5378541133188
3781,3781.5,866.2126255050287
3782,3782.5,872.0484977640083
3783,3783.5,761.0589328474497
3784,3784.5,618.5512739984171
3785,3785.5,401.34803564452994
3786,3786.5,125.81756272031652
3787,3787.5,16.573723572719295
3788,3788.5,-0.019089000000000005
3789,3789.5,-0.019089000000000005
3790,3790.5,-0.019089000000000005
3791,3791.5,-0.019089000000000005
3792,3792.5,-0.019089000000000005
3793,3793.5,-0.019089000000000005
3794,3794.5,-0.019089000000000005
3795,3795.5,-0.019089000000000005
3796,3796.5,-0.019089000000000005
3797,3797.5,-0.019089000000000005
3798,3798.5,61.39844369838292
3799,3799.5,27.27026970235244
3800,3800.5,70.51825103168977
3801,3801.5,269.16750523462565
3802,3802.5,322.5776889132228
3803,3803.5,582.1597168361257
3804,3804.5,720.455693859073
3805,3805.5,1153.1575119275108
3806,3806.5,1066.9236162962247
3807,3807.5,915.7311422428917
3808,3808.5,703.4826186848958
3809,3809.5,428.7397205947812
3810,3810.5,146.27383443883912
3811,3811.5,16.147530396040214
3812,3812.5,-0.019089000000000005
3813,3813.5,-0.019089000000000005
3814,3814.5,-0.019089000000000005
3815,3815.5,-0.019089000000000005
3816,3816.5,-0.019089000000000005
3817,3817.5,-0.019089000000000005
3818,3818.5,-0.019089000000000005
3819,3819.5,-0.019089000000000005
3820,3820.5,-0.019089000000000005
3821,3821.5,-0.019089000000000005
3822,3822.5,52.29892522033678
3823,3823.5,263.1756889118935
3824,3824.5,563.9125368620352
3825,3825.5,814.4192108091282
3826,3826.5,996.8011329465585
3827,3827.5,1105.5712353219187
3828,3828.5,1122.2852566589272
3829,3829.5,1106.4480445866602
3830,3830.5,1025.043271738196
3831,3831.5,838.8543978127517
3832,3832.5,642.3583796622328
3833,3833.5,400.9110259184428
3834,3834.5,149.8880586766229
3835,3835.5,15.504916819130102
3836,3836.5,-0.019089000000000005
3837,3837.5,-0.019089000000000005
3838,3838.5,-0.019089000000000005
3839,3839.5,-0.019089000000000005
3840,3840.5,-0.019089000000000005
3841,3841.5,-0.019089000000000005
3842,3842.5,-0.019089000000000005
3843,3843.5,-0.019089000000000005
3844,3844.5,-0.019089000000000005
3845,3845.5,-0.019089000000000005
3846,3846.5,46.97395263572823
3847,3847.5,269.953304490667
3848,3848.5,577.2862127993516
3849,3849.5,823.7544169209482
3850,3850.5,1012.0061398576565
3851,3851.5,1133.607757610397
3852,3852.5,1180.807758212841
3853,3853.5,1160.252161224238
3854,3854.5,1063.3476856303691
3855,3855.5,927.0552243372131
3856,3856.5,713.3993997136329
3857,3857.5,432.5378804953795
3858,3858.5,142.81339506509795
3859,3859.5,14.851594026808838
3860,3860.5,-0.019089000000000005
3861,3861.5,-0.019089000000000005
3862,3862.5,-0.019089000000000005
3863,3863.5,-0.019089000000000005
3864,3864.5,-0.019089000000000005
3865,3865.5,-0.019089000000000005
3866,3866.5,-0.019089000000000005
3867,3867.5,-0.019089000000000005
3868,3868.5,-0.019089000000000005
3869,3869.5,-0.019089000000000005
3870,3870.5,45.03660220867402
3871,3871.5,268.3758761744847
3872,3872.5,572.28362256473
3873,3873.5,818.694833159141
3874,3874.5,993.9841020472837
3875,3875.5,1104.6949027021515
3876,3876.5,1149.2053813975126
3877,3877.5,1057.4308304828646
3878,3878.5,1047.2084735139003
3879,3879.5,901.7470643688305
3880,3880.5,691.2399582294062
3881,3881.5,421.0101993312344
3882,3882.5,145.9177457340118
3883,3883.5,15.721532007180151
3884,3884.5,-0.019089000000000005
3885,3885.5,-0.019089000000000005
3886,3886.5,-0.019089000000000005
3887,3887.5,-0.019089000000000005
3888,3888.5,-0.019089000000000005
3889,3889.5,-0.019089000000000005
3890,3890.5,-0.019089000000000005
3891,3891.5,-0.019089000000000005
3892,3892.5,-0.019089000000000005
3893,3893.5,-0.019089000000000005
3894,3894.5,52.96231244955729
3895,3895.5,186.62263377235865
3896,3896.5,175.20517864942263
3897,3897.5,682.2106437423865
3898,3898.5,965.831733731075
3899,3899.5,1094.096883718202
3900,3900.5,1143.953164403454
3901,3901.5,1119.5918906800487
3902,3902.5,975.7719977455016
3903,3903.5,883.2913435310227
3904,3904.5,516.385559637684
3905,3905.5,417.12933528648944
3906,3906.5,20.097915739888293
3907,3907.5,-0.019089000000000005
3908,3908.5,-0.019089000000000005
3909,3909.5,-0.019089000000000005
3910,3910.5,-0.019089000000000005
3911,3911.5,-0.019089000000000005
3912,3912.5,-0.019089000000000005
3913,3913.5,-0.019089000000000005
3914,3914.5,-0.019089000000000005
3915,3915.5,-0.019089000000000005
3916,3916.5,-0.019089000000000005
3917,3917.5,-0.019089000000000005
3918,3918.5,57.375593480933155
3919,3919.5,257.71199520971436
3920,3920.5,536.2916900233826
3921,3921.5,779.9676783043358
3922,3922.5,971.7286362863503
3923,3923.5,1097.4747652836047
3924,3924.5,1163.0597371325732
3925,3925.5,1137.2761016771065
3926,3926.5,972.6849975218107
3927,3927.5,794.7409083152323
3928,3928.5,525.3399101199442
3929,3929.5,283.95240503651877
3930,3930.5,120.96190664405805
3931,3931.5,11.625512972179433
3932,3932.5,-0.019089000000000005
3933,3933.5,-0.019089000000000005
3934,3934.5,-0.019089000000000005
3935,3935.5,-0.019089000000000005
3936,3936.5,-0.019089000000000005
3937,3937.5,-0.019089000000000005
3938,3938.5,-0.019089000000000005
3939,3939.5,-0.019089000000000005
3940,3940.5,-0.019089000000000005
3941,3941.5,-0.019089000000000005
3942,3942.5,48.98230552753576
3943,3943.5,254.12421613315956
3944,3944.5,550.9527717227193
3945,3945.5,800.027168745229
3946,3946.5,990.1916741314502
3947,3947.5,1114.6359960795091
3948,3948.5,1170.216159389047
3949,3949.5,1143.0872834096756
3950,3950.5,1047.3021468256895
3951,3951.5,837.7565201340187
3952,3952.5,369.38648470533485
3953,3953.5,297.8114894286619
3954,3954.5,131.0287945008291
3955,3955.5,19.085512439745212
3956,3956.5,-0.019089000000000005
3957,3957.5,-0.019089000000000005
3958,3958.5,-0.019089000000000005
3959,3959.5,-0.019089000000000005
3960,3960.5,-0.019089000000000005
3961,3961.5,-0.019089000000000005
3962,3962.5,-0.019089000000000005
3963,3963.5,-0.019089000000000005
3964,3964.5,-0.019089000000000005
3965,3965.5,-0.019089000000000005
3966,3966.5,46.23958690507726
3967,3967.5,229.93695600713866
3968,3968.5,558.4281449958532
3969,3969.5,806.2992369389376
3970,3970.5,993.7950876427476
3971,3971.5,1116.2557978605234
3972,3972.5,1163.5108174348393
3973,3973.5,1149.2886552905431
3974,3974.5,1061.5066601212245
3975,3975.5,890.1813362733271
3976,3976.5,697.636155730479
3977,3977.5,424.68838466499267
3978,3978.5,141.00521967969004
3979,3979.5,19.448714469000954
3980,3980.5,-0.019089000000000005
3981,3981.5,-0.019089000000000005
3982,3982.5,-0.019089000000000005
3983,3983.5,-0.019089000000000005
3984,3984.5,-0.019089000000000005
3985,3985.5,-0.019089000000000005
3986,3986.5,-0.019089000000000005
3987,3987.5,-0.019089000000000005
3988,3988.5,-0.019089000000000005
3989,3989.5,-0.019089000000000005
3990,3990.5,48.88915511760708
3991,3991.5,254.43036152667935
3992,3992.5,551.0149476981649
3993,3993.5,802.3307457615416
3994,3994.5,993.6407395661597
3995,3995.5,1117.0223603578718
3996,3996.5,1170.396591955685
3997,3997.5,1149.6308265828702
3998,3998.5,952.9144840987444
3999,3999.5,793.2023028148506
4000,4000.5,392.43921384518956
4001,4001.5,274.6400986483045
4002,4002.5,141.1329024284109
4003,4003.5,21.822364594682774
4004,4004.5,-0.019089000000000005
4005,4005.5,-0.019089000000000005
4006,4006.5,-0.019089000000000005
4007,4007.5,-0.019089000000000005
4008,4008.5,-0.019089000000000005
4009,4009.5,-0.019089000000000005
4010,4010.5,-0.019089000000000005
4011,4011.5,-0.019089000000000005
4012,4012.5,-0.019089000000000005
4013,4013.5,-0.019089000000000005
4014,4014.5,45.667800162902566
4015,4015.5,252.59329249041298
4016,4016.5,546.498683882775
4017,4017.5,795.1428439367777
4018,4018.5,980.6670405084608
4019,4019.5,1104.2856520148719
4020,4020.5,1161.308740561099
4021,4021.5,1142.027594489444
4022,4022.5,1053.9209203199212
4023,4023.5,911.6405441180457
4024,4024.5,698.3330302944696
4025,4025.5,427.02545733319175
4026,4026.5,145.87284324462505
4027,4027.5,17.611458183181895
4028,4028.5,-0.019089000000000005
4029,4029.5,-0.019089000000000005
4030,4030.5,-0.019089000000000005
4031,4031.5,-0.019089000000000005
4032,4032.5,-0.019089000000000005
4033,4033.5,-0.019089000000000005
4034,4034.5,-0.019089000000000005
4035,4035.5,-0.019089000000000005
4036,4036.5,-0.019089000000000005
4037,4037.5,-0.019089000000000005
4038,4038.5,38.32090119575881
4039,4039.5,253.8100725426775
4040,4040.5,567.4596107551229
4041,4041.5,815.4176685169051
4042,4042.5,999.5399982483586
4043,4043.5,1118.1574738397564
4044,4044.5,1175.1654253812594
4045,4045.5,1161.2716796126153
4046,4046.5,1080.184472147961
4047,4047.5,922.8091476820543
4048,4048.5,709.6546410475507
4049,4049.5,430.76628097399447
4050,4050.5,148.16192102414695
4051,4051.5,18.605159060203686
4052,4052.5,-0.019089000000000005
4053,4053.5,-0.019089000000000005
4054,4054.5,-0.019089000000000005
4055,4055.5,-0.019089000000000005
4056,4056.5,-0.019089000000000005
4057,4057.5,-0.019089000000000005
4058,4058.5,-0.019089000000000005
4059,4059.5,-0.019089000000000005
4060,4060.5,-0.019089000000000005
4061,4061.5,-0.019089000000000005
4062,4062.5,42.66704321398284
4063,4063.5,253.75795436229862
4064,4064.5,558.5714783696895
4065,4065.5,815.6966873522485
4066,4066.5,1005.702891605481
4067,4067.5,1125.444597162703
4068,4068.5,1193.7126228256839
4069,4069.5,1172.2880255941832
4070,4070.5,1078.119594747115
4071,4071.5,924.5896915433774
4072,4072.5,710.0814350702111
4073,4073.5,434.20774655329217
4074,4074.5,147.23886941880545
4075,4075.5,18.67765098789996
4076,4076.5,-0.019089000000000005
4077,4077.5,-0.019089000000000005
4078,4078.5,-0.019089000000000005
4079,4079.5,-0.019089000000000005
4080,4080.5,-0.019089000000000005
4081,4081.5,-0.019089000000000005
4082,4082.5,-0.019089000000000005
4083,4083.5,-0.019089000000000005
4084,4084.5,-0.019089000000000005
4085,4085.5,-0.019089000000000005
4086,4086.5,49.34855926219807
4087,4087.5,250.29860559970913
4088,4088.5,546.7469752828068
4089,4089.5,801.7296385880798
4090,4090.5,997.9509494342589
4091,4091.5,1128.1234166272648
4092,4092.5,1178.1265349499579
4093,4093.5,1156.9476344027769
4094,4094.5,1073.391630635962
4095,4095.5,919.1316577515144
4096,4096.5,704.4765600884232
4097,4097.5,431.98703464236667
4098,4098.5,151.48469630173594
4099,4099.5,21.145930291677757
4100,4100.5,-0.019089000000000005
4101,4101.5,-0.019089000000000005
4102,4102.5,-0.019089000000000005
4103,4103.5,-0.019089000000000005
4104,4104.5,-0.019089000000000005
4105,4105.5,-0.019089000000000005
4106,4106.5,-0.019089000000000005
4107,4107.5,-0.019089000000000005
4108,4108.5,-0.019089000000000005
4109,4109.5,-0.019089000000000005
4110,4110.5,47.15014991753885
4111,4111.5,243.35272654179542
4112,4112.5,526.152885162455
4113,4113.5,763.9991390774907
4114,4114.5,952.7823400284987
4115,4115.5,795.1769421597545
4116,4116.5,844.6211607248018
4117,4117.5,1143.0388025543307
4118,4118.5,598.9385130999676
4119,4119.5,914.2865819336636
4120,4120.5,420.13730022707426
4121,4121.5,278.35688991440435
4122,4122.5,146.4409500226633
4123,4123.5,22.567956829642505
4124,4124.5,-0.019089000000000005
4125,4125.5,-0.019089000000000005
4126,4126.5,-0.019089000000000005
4127,4127.5,-0.019089000000000005
4128,4128.5,-0.019089000000000005
4129,4129.5,-0.019089000000000005
4130,4130.5,-0.019089000000000005
4131,4131.5,-0.019089000000000005
4132,4132.5,-0.019089000000000005
4133,4133.5,-0.019089000000000005
4134,4134.5,39.02645858568698
4135,4135.5,246.22973633691302
4136,4136.5,549.4784197240132
4137,4137.5,801.0623482989855
4138,4138.5,988.5533306840531
4139,4139.5,1116.8867739818763
4140,4140.5,1171.9146979469654
4141,4141.5,1155.628639761087
4142,4142.5,1073.684083591309
4143,4143.5,920.47126064809
4144,4144.5,418.94467546330833
4145,4145.5,366.6486955497207
4146,4146.5,150.64467573161676
4147,4147.5,19.43808854376776
4148,4148.5,-0.019089000000000005
4149,4149.5,-0.019089000000000005
4150,4150.5,-0.019089000000000005
4151,4151.5,-0.019089000000000005
4152,4152.5,-0.019089000000000005
4153,4153.5,-0.019089000000000005
4154,4154.5,-0.019089000000000005
4155,4155.5,-0.019089000000000005
4156,4156.5,-0.019089000000000005
4157,4157.5,-0.019089000000000005
4158,4158.5,35.689556344348134
4159,4159.5,248.93356222226865
4160,4160.5,563.5962793652126
4161,4161.5,814.5439755425608
4162,4162.5,1011.2778287510233
4163,4163.5,1142.8394910491425
4164,4164.5,1201.3939892353374
4165,4165.5,1189.0086511111224
4166,4166.5,1100.7769194646291
4167,4167.5,946.322518229095
4168,4168.5,732.9876357361185
4169,4169.5,454.3210435600361
4170,4170.5,153.6026761193608
4171,4171.5,19.330739924706883
4172,4172.5,-0.019089000000000005
4173,4173.5,-0.019089000000000005
4174,4174.5,-0.019089000000000005
4175,4175.5,-0.019089000000000005
4176,4176.5,-0.019089000000000005
4177,4177.5,-0.019089000000000005
4178,4178.5,-0.019089000000000005
4179,4179.5,-0.019089000000000005
4180,4180.5,-0.019089000000000005
4181,4181.5,-0.019089000000000005
4182,4182.5,44.97496244698765
4183,4183.5,249.48963174894342
4184,4184.5,546.582375942214
4185,4185.5,795.0231135519856
4186,4186.5,982.0163824832352
4187,4187.5,1103.6993554311603
4188,4188.5,1165.7725814483442
4189,4189.5,1152.9344880375834
4190,4190.5,1071.2061601959408
4191,4191.5,932.337846150849
4192,4192.5,723.0836569299863
4193,4193.5,449.0911032938752
4194,4194.5,152.86972847012157
4195,4195.5,19.333810684145046
4196,4196.5,-0.019089000000000005
4197,4197.5,-0.019089000000000005
4198,4198.5,-0.019089000000000005
4199,4199.5,-0.019089000000000005
4200,4200.5,-0.019089000000000005
4201,4201.5,-0.019089000000000005
4202,4202.5,-0.019089000000000005
4203,4203.5,-0.019089000000000005
4204,4204.5,-0.019089000000000005
4205,4205.5,-0.019089000000000005
4206,4206.5,38.60003054348378
4207,4207.5,245.8755012865382
4208,4208.5,544.3051212136768
4209,4209.5,774.5563197024461
4210,4210.5,958.2136043289992
4211,4211.5,1091.9947288613766
4212,4212.5,1155.6734957975336
4213,4213.5,1148.1821649357003
4214,4214.5,1069.7008316620543
4215,4215.5,922.9294416987941
4216,4216.5,718.5602472519503
4217,4217.5,447.65791474396633
4218,4218.5,152.0100059481618
4219,4219.5,17.70392534842956
4220,4220.5,-0.019089000000000005
4221,4221.5,-0.019089000000000005
4222,4222.5,-0.019089000000000005
4223,4223.5,-0.019089000000000005
4224,4224.5,-0.019089000000000005
4225,4225.5,-0.019089000000000005
4226,4226.5,-0.019089000000000005
4227,4227.5,-0.019089000000000005
4228,4228.5,-0.019089000000000005
4229,4229.5,-0.019089000000000005
4230,4230.5,37.162547261767756
4231,4231.5,241.5342195984276
4232,4232.5,532.9632074866922
4233,4233.5,768.8668862040308
4234,4234.5,945.5068575905398
4235,4235.5,1063.8058866633746
4236,4236.5,1124.4186260563076
4237,4237.5,1117.7354295179907
4238,4238.5,1038.133620043739
4239,4239.5,905.2258351165667
4240,4240.5,705.7918123346556
4241,4241.5,439.540196641982
4242,4242.5,151.9682813867691
4243,4243.5,18.432056502773104
4244,4244.5,-0.019089000000000005
4245,4245.5,-0.019089000000000005
4246,4246.5,-0.019089000000000005
4247,4247.5,-0.019089000000000005
4248,4248.5,-0.019089000000000005
4249,4249.5,-0.019089000000000005
4250,4250.5,-0.019089000000000005
4251,4251.5,-0.019089000000000005
4252,4252.5,-0.019089000000000005
4253,4253.5,-0.019089000000000005
4254,4254.5,40.96693769247333
4255,4255.5,238.38825000437916
4256,4256.5,521.8117413674019
4257,4257.5,760.1311680460587
4258,4258.5,938.0557371351697
4259,4259.5,1061.6009356239597
4260,4260.5,1114.9930302583687
4261,4261.5,1108.683898851139
4262,4262.5,1038.127782830337
4263,4263.5,894.8490741477009
4264,4264.5,689.7236496169036
4265,4265.5,427.5841411339679
4266,4266.5,154.9770317147043
4267,4267.5,19.445622988912262
4268,4268.5,-0.019089000000000005
4269,4269.5,-0.019089000000000005
4270,4270.5,-0.019089000000000005
4271,4271.5,-0.019089000000000005
4272,4272.5,-0.019089000000000005
4273,4273.5,-0.019089000000000005
4274,4274.5,-0.019089000000000005
4275,4275.5,-0.019089000000000005
4276,4276.5,-0.019089000000000005
4277,4277.5,-0.019089000000000005
4278,4278.5,47.61167737465422
4279,4279.5,237.8015622369263
4280,4280.5,517.7693067619599
4281,4281.5,755.8842014451426
4282,4282.5,936.5266279090898
4283,4283.5,1057.855811036441
4284,4284.5,1128.0767164732663
4285,4285.5,1118.0739873501304
4286,4286.5,1038.7768541864345
4287,4287.5,897.3602807245795
4288,4288.5,691.7459660421806
4289,4289.5,430.187416839955
4290,4290.5,157.22680868339535
4291,4291.5,20.37977953991267
4292,4292.5,-0.019089000000000005
4293,4293.5,-0.019089000000000005
4294,4294.5,-0.019089000000000005
4295,4295.5,-0.019089000000000005
4296,4296.5,-0.019089000000000005
4297,4297.5,-0.019089000000000005
4298,4298.5,-0.019089000000000005
4299,4299.5,-0.019089000000000005
4300,4300.5,-0.019089000000000005
4301,4301.5,-0.019089000000000005
4302,4302.5,42.632588872700595
4303,4303.5,236.8620463627185
4304,4304.5,527.8929671153189
4305,4305.5,772.4554939814709
4306,4306.5,959.0097956976178
4307,4307.5,1080.5359045740495
4308,4308.5,1136.7858728819895
4309,4309.5,1128.809598951976
4310,4310.5,1048.2864463378046
4311,4311.5,898.9506857735148
4312,4312.5,695.6124932495212
4313,4313.5,433.3000307483606
4314,4314.5,155.7073083973038
4315,4315.5,19.848632658081875
4316,4316.5,-0.019089000000000005
4317,4317.5,-0.019089000000000005
4318,4318.5,-0.019089000000000005
4319,4319.5,-0.019089000000000005
4320,4320.5,-0.019089000000000005
4321,4321.5,-0.019089000000000005
4322,4322.5,-0.019089000000000005
4323,4323.5,-0.019089000000000005
4324,4324.5,-0.019089000000000005
4325,4325.5,-0.019089000000000005
4326,4326.5,47.84665059765617
4327,4327.5,235.63489043483526
4328,4328.5,519.7061861555027
4329,4329.5,764.2652510387411
4330,4330.5,952.8654849738114
4331,4331.5,1085.81041288381
4332,4332.5,1142.2078911095484
4333,4333.5,1136.0550239139088
4334,4334.5,1060.9443375916112
4335,4335.5,921.6262096147109
4336,4336.5,714.3450805459356
4337,4337.5,443.2591806726456
4338,4338.5,155.8900342217442
4339,4339.5,19.278742771145065
4340,4340.5,-0.019089000000000005
4341,4341.5,-0.019089000000000005
4342,4342.5,-0.019089000000000005
4343,4343.5,-0.019089000000000005
4344,4344.5,-0.019089000000000005
4345,4345.5,-0.019089000000000005
4346,4346.5,-0.019089000000000005
4347,4347.5,-0.019089000000000005
4348,4348.5,-0.019089000000000005
4349,4349.5,-0.019089000000000005
4350,4350.5,35.85116040599659
4351,4351.5,236.32464730502983
4352,4352.5,542.6016867957752
4353,4353.5,795.1935817008322
4354,4354.5,987.1430212767759
4355,4355.5,1110.94112405818
4356,4356.5,1166.552747070331
4357,4357.5,1157.5416573644052
4358,4358.5,1072.6550446582871
4359,4359.5,930.6344981323335
4360,4360.5,725.0564731534846
4361,4361.5,451.4343128598203
4362,4362.5,153.6457249847158
4363,4363.5,17.018594159740065
4364,4364.5,-0.019089000000000005
4365,4365.5,-0.019089000000000005
4366,4366.5,-0.019089000000000005
4367,4367.5,-0.019089000000000005
4368,4368.5,-0.019089000000000005
4369,4369.5,-0.019089000000000005
4370,4370.5,-0.019089000000000005
4371,4371.5,-0.019089000000000005
4372,4372.5,-0.019089000000000005
4373,4373.5,-0.019089000000000005
4374,4374.5,39.04939058442922
4375,4375.5,233.30017134379125
4376,4376.5,528.3561608207743
4377,4377.5,330.0056429245245
4378,4378.5,408.09237201736806
4379,4379.5,1110.6937223134664
4380,4380.5,1166.394898036007
4381,4381.5,1157.1209058346858
4382,4382.5,616.1365134076109
4383,4383.5,599.5788940256721
4384,4384.5,696.2183010011776
4385,4385.5,432.6119297545579
4386,4386.5,162.04093214179798
4387,4387.5,24.955619256756695
4388,4388.5,-0.019089000000000005
4389,4389.5,-0.019089000000000005
4390,4390.5,-0.019089000000000005
4391,4391.5,-0.019089000000000005
4392,4392.5,-0.019089000000000005
4393,4393.5,-0.019089000000000005
4394,4394.5,-0.019089000000000005
4395,4395.5,-0.019089000000000005
4396,4396.5,-0.019089000000000005
4397,4397.5,-0.019089000000000005
4398,4398.5,50.20379947315735
4399,4399.5,180.37819457223011
4400,4400.5,506.40989493634
4401,4401.5,756.9800855767364
4402,4402.5,957.3133761804719
4403,4403.5,1090.2376087553755
4404,4404.5,1156.3118069464836
4405,4405.5,1147.4155152097824
4406,4406.5,1068.2231655004323
4407,4407.5,916.1795323446518
4408,4408.5,708.1708524179538
4409,4409.5,404.590310629723
4410,4410.5,150.5062148966344
4411,4411.5,22.666931687827617
4412,4412.5,-0.019089000000000005
4413,4413.5,-0.019089000000000005
4414,4414.5,-0.019089000000000005
4415,4415.5,-0.019089000000000005
4416,4416.5,-0.019089000000000005
4417,4417.5,-0.019089000000000005
4418,4418.5,-0.019089000000000005
4419,4419.5,-0.019089000000000005
4420,4420.5,-0.019089000000000005
4421,4421.5,-0.019089000000000005
4422,4422.5,36.486238997425986
4423,4423.5,228.5329766005696
4424,4424.5,527.4817753699889
4425,4425.5,783.8976465057776
4426,4426.5,976.4087886984059
4427,4427.5,1108.0133313729666
4428,4428.5,1170.42196859785
4429,4429.5,1152.2870102552756
4430,4430.5,1066.716308444131
4431,4431.5,909.4566834997121
4432,4432.5,694.398268798192
4433,4433.5,314.6944478457344
4434,4434.5,138.5981617979554
4435,4435.5,22.427839659237872
4436,4436.5,-0.019089000000000005
4437,4437.5,-0.019089000000000005
4438,4438.5,-0.019089000000000005
4439,4439.5,-0.019089000000000005
4440,4440.5,-0.019089000000000005
4441,4441.5,-0.019089000000000005
4442,4442.5,-0.019089000000000005
4443,4443.5,-0.019089000000000005
4444,4444.5,-0.019089000000000005
4445,4445.5,-0.019089000000000005
4446,4446.5,34.43929822796307
4447,4447.5,230.32285106323
4448,4448.5,535.6648104591644
4449,4449.5,792.5674836300958
4450,4450.5,991.8472770552652
4451,4451.5,1124.5363180477486
4452,4452.5,1190.3675509167288
4453,4453.5,498.3450722144223
4454,4454.5,1093.7508945534535
4455,4455.5,870.8912492973815
4456,4456.5,725.2797476149615
4457,4457.5,449.99707144392335
4458,4458.5,114.58308356078987
4459,4459.5,19.198655666528474
4460,4460.5,-0.019089000000000005
4461,4461.5,-0.019089000000000005
4462,4462.5,-0.019089000000000005
4463,4463.5,-0.019089000000000005
4464,4464.5,-0.019089000000000005
4465,4465.5,-0.019089000000000005
4466,4466.5,-0.019089000000000005
4467,4467.5,-0.019089000000000005
4468,4468.5,-0.019089000000000005
4469,4469.5,-0.019089000000000005
4470,4470.5,32.25981197456027
4471,4471.5,227.34025576427095
4472,4472.5,532.1627848171777
4473,4473.5,788.642346749283
4474,4474.5,979.2304807553159
4475,4475.5,1110.032223303969
4476,4476.5,1166.8433310242635
4477,4477.5,1156.729867814548
4478,4478.5,1072.9656554697451
4479,4479.5,924.0680764008031
4480,4480.5,714.1654532118174
4481,4481.5,444.5003647498632
4482,4482.5,159.10352466406334
4483,4483.5,20.356400382710305
4484,4484.5,-0.019089000000000005
4485,4485.5,-0.019089000000000005
4486,4486.5,-0.019089000000000005
4487,4487.5,-0.019089000000000005
4488,4488.5,-0.019089000000000005
4489,4489.5,-0.019089000000000005
4490,4490.5,-0.019089000000000005
4491,4491.5,-0.019089000000000005
4492,4492.5,-0.019089000000000005
4493,4493.5,-0.019089000000000005
4494,4494.5,33.13955009965537
4495,4495.5,224.6114474505554
4496,4496.5,521.3106349801072
4497,4497.5,752.1660387592481
4498,4498.5,918.3193363799546
4499,4499.5,1047.9905654880258
4500,4500.5,534.3823352569065
4501,4501.5,529.2502728533116
4502,4502.5,561.8532630556604
4503,4503.5,895.8767534324559
4504,4504.5,692.1095323327971
4505,4505.5,431.0852560061086
4506,4506.5,159.3870127242198
4507,4507.5,22.87595728555902
4508,4508.5,-0.019089000000000005
4509,4509.5,-0.019089000000000005
4510,4510.5,-0.019089000000000005
4511,4511.5,-0.019089000000000005
4512,4512.5,-0.019089000000000005
4513,4513.5,-0.019089000000000005
4514,4514.5,-0.019089000000000005
4515,4515.5,-0.019089000000000005
4516,4516.5,-0.019089000000000005
4517,4517.5,-0.019089000000000005
4518,4518.5,34.14041297460154
4519,4519.5,220.52550922532924
4520,4520.5,505.97779668380457
4521,4521.5,729.3280685907041
4522,4522.5,904.019873587971
4523,4523.5,697.8398774804078
4524,4524.5,486.8814639404689
4525,4525.5,727.1965027890546
4526,4526.5,1015.1733213457989
4527,4527.5,513.996145917526
4528,4528.5,318.29241261193505
4529,4529.5,370.8693694879627
4530,4530.5,108.67755579855562
4531,4531.5,15.395493163495345
4532,4532.5,-0.019089000000000005
4533,4533.5,-0.019089000000000005
4534,4534.5,-0.019089000000000005
4535,4535.5,-0.019089000000000005
4536,4536.5,-0.019089000000000005
4537,4537.5,-0.019089000000000005
4538,4538.5,-0.019089000000000005
4539,4539.5,-0.019089000000000005
4540,4540.5,-0.019089000000000005
4541,4541.5,-0.019089000000000005
4542,4542.5,38.85266853110277
4543,4543.5,221.7614084658073
4544,4544.5,111.28881494835151
4545,4545.5,202.899467512958
4546,4546.5,260.26449044057017
4547,4547.5,950.2317261547656
4548,4548.5,1134.1023761823994
4549,4549.5,663.6043167433119
4550,4550.5,515.5272815181506
4551,4551.5,871.0775926425014
4552,4552.5,673.2550664336443
4553,4553.5,422.5674008258543
4554,4554.5,167.95683865935547
4555,4555.5,22.633741319106612
4556,4556.5,-0.019089000000000005
4557,4557.5,-0.019089000000000005
4558,4558.5,-0.019089000000000005
4559,4559.5,-0.019089000000000005
4560,4560.5,-0.019089000000000005
4561,4561.5,-0.019089000000000005
4562,4562.5,-0.019089000000000005
4563,4563.5,-0.019089000000000005
4564,4564.5,-0.019089000000000005
4565,4565.5,-0.019089000000000005
4566,4566.5,13.967727944554335
4567,4567.5,91.17588134910795
4568,4568.5,305.62248243091767
4569,4569.5,49.129068687023754
4570,4570.5,299.3449324774072
4571,4571.5,181.1686640408413
4572,4572.5,515.2703828486981
4573,4573.5,911.9591796730466
4574,4574.5,724.7326123197632
4575,4575.5,147.83357116248885
4576,4576.5,143.00134080978566
4577,4577.5,29.667978128671717
4578,4578.5,25.639647592128707
4579,4579.5,1.267446575318502
4580,4580.5,-0.019089000000000005
4581,4581.5,-0.019089000000000005
4582,4582.5,-0.019089000000000005
4583,4583.5,-0.019089000000000005
4584,4584.5,-0.019089000000000005
4585,4585.5,-0.019089000000000005
4586,4586.5,-0.019089000000000005
4587,4587.5,-0.019089000000000005
4588,4588.5,-0.019089000000000005
4589,4589.5,-0.019089000000000005
4590,4590.5,15.176361305142132
4591,4591.5,149.03156819196732
4592,4592.5,308.42102384971787
4593,4593.5,455.70668466120156
4594,4594.5,606.6292935554104
4595,4595.5,902.9727832483145
4596,4596.5,926.0360139318476
4597,4597.5,1144.3301920710317
4598,4598.5,1063.8283050706575
4599,4599.5,922.97672677481
4600,4600.5,714.4107159144057
4601,4601.5,446.0121282455961
4602,4602.5,162.2555119904396
4603,4603.5,20.76587433359229
4604,4604.5,-0.019089000000000005
4605,4605.5,-0.019089000000000005
4606,4606.5,-0.019089000000000005
4607,4607.5,-0.019089000000000005
4608,4608.5,-0.019089000000000005
4609,4609.5,-0.019089000000000005
4610,4610.5,-0.019089000000000005
4611,4611.5,-0.019089000000000005
4612,4612.5,-0.019089000000000005
4613,4613.5,-0.019089000000000005
4614,4614.5,35.41023585495132
4615,4615.5,220.35004635498314
4616,4616.5,517.453324312382
4617,4617.5,775.4325755842872
4618,4618.5,974.0040310010722
4619,4619.5,673.5451848649299
4620,4620.5,717.2011436288349
4621,4621.5,1002.278340152882
4622,4622.5,1077.3229371622285
4623,4623.5,706.1953951606839
4624,4624.5,728.708381907121
4625,4625.5,454.69090501883585
4626,4626.5,159.1124691403028
4627,4627.5,17.82126951836493
4628,4628.5,-0.019089000000000005
4629,4629.5,-0.019089000000000005
4630,4630.5,-0.019089000000000005
4631,4631.5,-0.019089000000000005
4632,4632.5,-0.019089000000000005
4633,4633.5,-0.019089000000000005
4634,4634.5,-0.019089000000000005
4635,4635.5,-0.019089000000000005
4636,4636.5,-0.019089000000000005
4637,4637.5,-0.019089000000000005
4638,4638.5,31.86683319454968
4639,4639.5,219.31927937365796
4640,4640.5,512.3415076235297
4641,4641.5,760.7629240878352
4642,4642.5,951.1119829892002
4643,4643.5,1085.1936486499583
4644,4644.5,657.5256686056591
4645,4645.5,760.1110189708024
4646,4646.5,1068.9344561574464
4647,4647.5,836.6618182106748
4648,4648.5,723.54286411004
4649,4649.5,451.0894759390768
4650,4650.5,157.54279281205515
4651,4651.5,17.47624077507585
4652,4652.5,-0.019089000000000005
4653,4653.5,-0.019089000000000005
4654,4654.5,-0.019089000000000005
4655,4655.5,-0.019089000000000005
4656,4656.5,-0.019089000000000005
4657,4657.5,-0.019089000000000005
4658,4658.5,-0.019089000000000005
4659,4659.5,-0.019089000000000005
4660,4660.5,-0.019089000000000005
4661,4661.5,-0.019089000000000005
4662,4662.5,32.66207683147513
4663,4663.5,193.61920785470014
4664,4664.5,490.5058448395074
4665,4665.5,763.3291471268299
4666,4666.5,954.7243622072492
4667,4667.5,1000.2649144074798
4668,4668.5,1050.6649627665531
4669,4669.5,995.9242000668676
4670,4670.5,882.9709726669631
4671,4671.5,674.7434138065648
4672,4672.5,716.0064138163823
4673,4673.5,445.852038197275
4674,4674.5,158.7705787355306
4675,4675.5,17.080186834218015
4676,4676.5,-0.019089000000000005
4677,4677.5,-0.019089000000000005
4678,4678.5,-0.019089000000000005
4679,4679.5,-0.019089000000000005
4680,4680.5,-0.019089000000000005
4681,4681.5,-0.019089000000000005
4682,4682.5,-0.019089000000000005
4683,4683.5,-0.019089000000000005
4684,4684.5,-0.019089000000000005
4685,4685.5,-0.019089000000000005
4686,4686.5,28.431057234189847
4687,4687.5,217.96997013407662
4688,4688.5,524.8257392074065
4689,4689.5,775.4184719030716
4690,4690.5,971.0241050638167
4691,4691.5,1101.816754419583
4692,4692.5,1157.1475948123398
4693,4693.5,1144.130850300932
4694,4694.5,974.9428762562897
4695,4695.5,919.5447166192045
4696,4696.5,550.0281956974886
4697,4697.5,227.11595467099374
4698,4698.5,108.08922271335938
4699,4699.5,13.693572282839718
4700,4700.5,-0.019089000000000005
4701,4701.5,-0.019089000000000005
4702,4702.5,-0.019089000000000005
4703,4703.5,-0.019089000000000005
4704,4704.5,-0.019089000000000005
4705,4705.5,-0.019089000000000005
4706,4706.5,-0.019089000000000005
4707,4707.5,-0.019089000000000005
4708,4708.5,-0.019089000000000005
4709,4709.5,-0.019089000000000005
4710,4710.5,17.13019716444842
4711,4711.5,169.30499564571346
4712,4712.5,454.24363106317367
4713,4713.5,766.2056394268844
4714,4714.5,810.5046402570702
4715,4715.5,708.3938573555878
4716,4716.5,1024.0397256428214
4717,4717.5,266.5590549696477
4718,4718.5,574.6618716375253
4719,4719.5,150.72562531607716
4720,4720.5,72.94354977153773
4721,4721.5,166.43038021064905
4722,4722.5,116.41999382906512
4723,4723.5,15.656053925011093
4724,4724.5,-0.019089000000000005
4725,4725.5,-0.019089000000000005
4726,4726.5,-0.019089000000000005
4727,4727.5,-0.019089000000000005
4728,4728.5,-0.019089000000000005
4729,4729.5,-0.019089000000000005
4730,4730.5,-0.019089000000000005
4731,4731.5,-0.019089000000000005
4732,4732.5,-0.019089000000000005
4733,4733.5,-0.019089000000000005
4734,4734.5,20.286214643019218
4735,4735.5,24.324552683439162
4736,4736.5,236.2666185013126
4737,4737.5,692.1395080633041
4738,4738.5,955.0466887088511
4739,4739.5,1085.3695611555654
4740,4740.5,1152.5278192937303
4741,4741.5,1144.1393789549554
4742,4742.5,1055.5383131976128
4743,4743.5,905.7686060684996
4744,4744.5,695.055521768671
4745,4745.5,428.59200304738295
4746,4746.5,160.8204920810003
4747,4747.5,20.56997760708027
4748,4748.5,-0.019089000000000005
4749,4749.5,-0.019089000000000005
4750,4750.5,-0.019089000000000005
4751,4751.5,-0.019089000000000005
4752,4752.5,-0.019089000000000005
4753,4753.5,-0.019089000000000005
4754,4754.5,-0.019089000000000005
4755,4755.5,-0.019089000000000005
4756,4756.5,-0.019089000000000005
4757,4757.5,-0.019089000000000005
4758,4758.5,31.73619812054166
4759,4759.5,214.24798710181358
4760,4760.5,517.1216770020873
4761,4761.5,778.1319888731597
4762,4762.5,977.0658657748145
4763,4763.5,1111.242201572474
4764,4764.5,1182.085300209107
4765,4765.5,1171.481693338854
4766,4766.5,1092.579982096426
4767,4767.5,934.7700240522164
4768,4768.5,724.1419242812522
4769,4769.5,447.5973373764555
4770,4770.5,157.59466300262355
4771,4771.5,18.64513576186342
4772,4772.5,-0.019089000000000005
4773,4773.5,-0.019089000000000005
4774,4774.5,-0.019089000000000005
4775,4775.5,-0.019089000000000005
4776,4776.5,-0.019089000000000005
4777,4777.5,-0.019089000000000005
4778,4778.5,-0.019089000000000005
4779,4779.5,-0.019089000000000005
4780,4780.5,-0.019089000000000005
4781,4781.5,-0.019089000000000005
4782,4782.5,29.81815640628785
4783,4783.5,209.55831013475753
4784,4784.5,514.9258736824343
4785,4785.5,775.9918780138437
4786,4786.5,973.0033218751009
4787,4787.5,1107.2735698783429
4788,4788.5,1170.8060850929694
4789,4789.5,1159.5354574109356
4790,4790.5,1081.9693972506768
4791,4791.5,940.2446845478914
4792,4792.5,731.0777580971451
4793,4793.5,456.10056635240704
4794,4794.5,150.78241799320324
4795,4795.5,12.220024418024996
4796,4796.5,-0.019089000000000005
4797,4797.5,-0.019089000000000005
4798,4798.5,-0.019089000000000005
4799,4799.5,-0.019089000000000005
4800,4800.5,-0.019089000000000005
4801,4801.5,-0.019089000000000005
4802,4802.5,-0.019089000000000005
4803,4803.5,-0.019089000000000005
4804,4804.5,-0.019089000000000005
4805,4805.5,-0.019089000000000005
4806,4806.5,25.52482551504994
4807,4807.5,209.4161660086878
4808,4808.5,522.7987866448076
4809,4809.5,775.3071035789604
4810,4810.5,966.8557390206114
4811,4811.5,1090.6663410972094
4812,4812.5,1149.8898132266856
4813,4813.5,1140.4003269246257
4814,4814.5,1063.888736805769
4815,4815.5,916.1783740417557
4816,4816.5,712.8254653949487
4817,4817.5,445.7178424894574
4818,4818.5,149.0691746214483
4819,4819.5,12.325128164896304
4820,4820.5,-0.019089000000000005
4821,4821.5,-0.019089000000000005
4822,4822.5,-0.019089000000000005
4823,4823.5,-0.019089000000000005
4824,4824.5,-0.019089000000000005
4825,4825.5,-0.019089000000000005
4826,4826.5,-0.019089000000000005
4827,4827.5,-0.019089000000000005
4828,4828.5,-0.019089000000000005
4829,4829.5,-0.019089000000000005
4830,4830.5,27.7632059426504
4831,4831.5,204.06465599694522
4832,4832.5,492.2486336317653
4833,4833.5,733.0962078781877
4834,4834.5,926.7503488748047
4835,4835.5,1057.6219008348733
4836,4836.5,992.0903464784442
4837,4837.5,1124.4438208652205
4838,4838.5,959.8614561766636
4839,4839.5,571.3551667564774
4840,4840.5,674.0929741417539
4841,4841.5,366.3390632382269
4842,4842.5,141.89230980206574
4843,4843.5,12.954496892643734
4844,4844.5,-0.019089000000000005
4845,4845.5,-0.019089000000000005
4846,4846.5,-0.019089000000000005
4847,4847.5,-0.019089000000000005
4848,4848.5,-0.019089000000000005
4849,4849.5,-0.019089000000000005
4850,4850.5,-0.019089000000000005
4851,4851.5,-0.019089000000000005
4852,4852.5,-0.019089000000000005
4853,4853.5,-0.019089000000000005
4854,4854.5,28.248693777819437
4855,4855.5,203.22643507386962
4856,4856.5,488.96579876605796
4857,4857.5,723.9616289686824
4858,4858.5,895.3629752015154
4859,4859.5,1014.9778606640796
4860,4860.5,1071.1618934203962
4861,4861.5,338.9490574320716
4862,4862.5,994.6747757608728
4863,4863.5,880.9585121681307
4864,4864.5,632.2337865826586
4865,4865.5,361.9045363496867
4866,4866.5,146.30992290875707
4867,4867.5,13.190619265534002
4868,4868.5,-0.019089000000000005
4869,4869.5,-0.019089000000000005
4870,4870.5,-0.019089000000000005
4871,4871.5,-0.019089000000000005
4872,4872.5,-0.019089000000000005
4873,4873.5,-0.019089000000000005
4874,4874.5,-0.019089000000000005
4875,4875.5,-0.019089000000000005
4876,4876.5,-0.019089000000000005
4877,4877.5,-0.019089000000000005
4878,4878.5,27.533630187863317
4879,4879.5,156.53484061448833
4880,4880.5,500.97719223997876
4881,4881.5,575.5476432260538
4882,4882.5,414.65152062880315
4883,4883.5,616.6001232968532
4884,4884.5,1151.5367804594719
4885,4885.5,1158.0325813267505
4886,4886.5,1082.3230935174722
4887,4887.5,931.4431524983789
4888,4888.5,713.8203373135709
4889,4889.5,441.1841277530707
4890,4890.5,141.85512668676594
4891,4891.5,14.584743405788023
4892,4892.5,-0.019089000000000005
4893,4893.5,-0.019089000000000005
4894,4894.5,-0.019089000000000005
4895,4895.5,-0.019089000000000005
4896,4896.5,-0.019089000000000005
4897,4897.5,-0.019089000000000005
4898,4898.5,-0.019089000000000005
4899,4899.5,-0.019089000000000005
4900,4900.5,-0.019089000000000005
4901,4901.5,-0.019089000000000005
4902,4902.5,-0.019089000000000005
4903,4903.5,126.48396628097265
4904,4904.5,504.82153743206817
4905,4905.5,768.3255036945731
4906,4906.5,972.2461089949035
4907,4907.5,1107.6003003875876
4908,4908.5,1174.1951316035372
4909,4909.5,1160.4138499077749
4910,4910.5,1072.3882913567825
4911,4911.5,926.9302350995453
4912,4912.5,709.4979168272282
4913,4913.5,435.39215310576674
4914,4914.5,151.3080876698459
4915,4915.5,12.806838396047448
4916,4916.5,-0.019089000000000005
4917,4917.5,-0.019089000000000005
4918,4918.5,-0.019089000000000005
4919,4919.5,-0.019089000000000005
4920,4920.5,-0.019089000000000005
4921,4921.5,-0.019089000000000005
4922,4922.5,-0.019089000000000005
4923,4923.5,-0.019089000000000005
4924,4924.5,-0.019089000000000005
4925,4925.5,-0.019089000000000005
4926,4926.5,25.777259474427087
4927,4927.5,202.09660684097784
4928,4928.5,498.8893396769383
4929,4929.5,755.8804044103483
4930,4930.5,951.6078540124836
4931,4931.5,1080.1380667130306
4932,4932.5,1150.3634441981928
4933,4933.5,1137.9213747106285
4934,4934.5,1054.9864779264692
4935,4935.5,906.6974499616507
4936,4936.5,692.9132211363085
4937,4937.5,422.4499420723579
4938,4938.5,149.67000415790963
4939,4939.5,12.01402414783847
4940,4940.5,-0.019089000000000005
4941,4941.5,-0.019089000000000005
4942,4942.5,-0.019089000000000005
4943,4943.5,-0.019089000000000005
4944,4944.5,-0.019089000000000005
4945,4945.5,-0.019089000000000005
4946,4946.5,-0.019089000000000005
4947,4947.5,-0.019089000000000005
4948,4948.5,-0.019089000000000005
4949,4949.5,-0.019089000000000005
4950,4950.5,-0.019089000000000005
4951,4951.5,-0.019089000000000005
4952,4952.5,91.99143516039453
4953,4953.5,277.3836931608258
4954,4954.5,339.9367682072442
4955,4955.5,329.3815983274439
4956,4956.5,170.42729060676695
4957,4957.5,535.0386119711812
4958,4958.5,502.3497701308075
4959,4959.5,908.1818550194685
4960,4960.5,385.46464904272796
4961,4961.5,306.5836630745473
4962,4962.5,127.95940587805508
4963,4963.5,10.422944092219034
4964,4964.5,-0.019089000000000005
4965,4965.5,-0.019089000000000005
4966,4966.5,-0.019089000000000005
4967,4967.5,-0.019089000000000005
4968,4968.5,-0.019089000000000005
4969,4969.5,-0.019089000000000005
4970,4970.5,-0.019089000000000005
4971,4971.5,-0.019089000000000005
4972,4972.5,-0.019089000000000005
4973,4973.5,-0.019089000000000005
4974,4974.5,31.494228288126934
4975,4975.5,176.55472589580893
4976,4976.5,471.9915114913577
4977,4977.5,724.3181388105845
4978,4978.5,926.5740162029277
4979,4979.5,1070.8324938615815
4980,4980.5,1153.2959428069516
4981,4981.5,1151.3035645297668
4982,4982.5,1069.7361611690856
4983,4983.5,917.8858901755876
4984,4984.5,705.7772293226004
4985,4985.5,431.03843175507836
4986,4986.5,148.29327717876333
4987,4987.5,11.907112193571244
4988,4988.5,-0.019089000000000005
4989,4989.5,-0.019089000000000005
4990,4990.5,-0.019089000000000005
4991,4991.5,-0.019089000000000005
4992,4992.5,-0.019089000000000005
4993,4993.5,-0.019089000000000005
4994,4994.5,-0.019089000000000005
4995,4995.5,-0.019089000000000005
4996,4996.5,-0.019089000000000005
4997,4997.5,-0.019089000000000005
4998,4998.5,29.042847555457577
4999,4999.5,198.50110559823446
5000,5000.5,489.9176305831486
5001,5001.5,750.4413201745139
5002,5002.5,949.208045125385
5003,5003.5,1087.3857562304229
5004,5004.5,1166.6360041336338
5005,5005.5,1160.862843125302
5006,5006.5,1084.3243469834542
5007,5007.5,940.0294869515133
5008,5008.5,728.0580257996543
5009,5009.5,448.9513835242216
5010,5010.5,145.5408724988695
5011,5011.5,10.035627005110554
5012,5012.5,-0.019089000000000005
5013,5013.5,-0.019089000000000005
5014,5014.5,-0.019089000000000005
5015,5015.5,-0.019089000000000005
5016,5016.5,-0.019089000000000005
5017,5017.5,-0.019089000000000005
5018,5018.5,-0.019089000000000005
5019,5019.5,-0.019089000000000005
5020,5020.5,-0.019089000000000005
5021,5021.5,-0.019089000000000005
5022,5022.5,23.78299513429754
5023,5023.5,200.90710432342587
5024,5024.5,514.2042298635548
5025,5025.5,779.3236796269969
5026,5026.5,982.5506354185105
5027,5027.5,1114.2608828756788
5028,5028.5,1179.530840496835
5029,5029.5,1174.3108761274118
5030,5030.5,1084.8408738309977
5031,5031.5,936.7125648797883
5032,5032.5,723.1690828530536
5033,5033.5,444.80556115314846
5034,5034.5,143.55188181544764
5035,5035.5,8.996458004839715
5036,5036.5,-0.019089000000000005
5037,5037.5,-0.019089000000000005
5038,5038.5,-0.019089000000000005
5039,5039.5,-0.019089000000000005
5040,5040.5,-0.019089000000000005
5041,5041.5,-0.019089000000000005
5042,5042.5,-0.019089000000000005
5043,5043.5,-0.019089000000000005
5044,5044.5,-0.019089000000000005
5045,5045.5,-0.019089000000000005
5046,5046.5,23.66939167026341
5047,5047.5,201.5869048758139
5048,5048.5,509.1870401028447
5049,5049.5,769.0888896134148
5050,5050.5,965.8490093906687
5051,5051.5,1098.689191793944
5052,5052.5,1164.231207404786
5053,5053.5,1155.48210029524
5054,5054.5,1077.973658510431
5055,5055.5,934.7699694270899
5056,5056.5,724.2822121679156
5057,5057.5,444.0933021044136
5058,5058.5,144.22354850582875
5059,5059.5,8.732023857801329
5060,5060.5,-0.019089000000000005
5061,5061.5,-0.019089000000000005
5062,5062.5,-0.019089000000000005
5063,5063.5,-0.019089000000000005
5064,5064.5,-0.019089000000000005
5065,5065.5,-0.019089000000000005
5066,5066.5,-0.019089000000000005
5067,5067.5,-0.019089000000000005
5068,5068.5,-0.019089000000000005
5069,5069.5,-0.019089000000000005
5070,5070.5,21.370953959311432
5071,5071.5,198.96599651828416
5072,5072.5,504.2958432528258
5073,5073.5,755.2951784866129
5074,5074.5,940.704791411792
5075,5075.5,1076.7886063261988
5076,5076.5,1146.147648200333
5077,5077.5,1149.127381420899
5078,5078.5,1072.0178410630103
5079,5079.5,924.7621693730483
5080,5080.5,718.3893740555519
5081,5081.5,441.7737678441066
5082,5082.5,140.44462949514633
5083,5083.5,7.174022487580294
5084,5084.5,-0.019089000000000005
5085,5085.5,-0.019089000000000005
5086,5086.5,-0.019089000000000005
5087,5087.5,-0.019089000000000005
5088,5088.5,-0.019089000000000005
5089,5089.5,-0.019089000000000005
5090,5090.5,-0.019089000000000005
5091,5091.5,-0.019089000000000005
5092,5092.5,-0.019089000000000005
5093,5093.5,-0.019089000000000005
5094,5094.5,20.31929060673041
5095,5095.5,197.3048548492983
5096,5096.5,506.4782738382605
5097,5097.5,760.2815200228953
5098,5098.5,942.4697765354438
5099,5099.5,1071.7840097211529
5100,5100.5,1134.5747751413126
5101,5101.5,1128.9255972298588
5102,5102.5,1055.1620911011348
5103,5103.5,908.9581865704125
5104,5104.5,699.2272934679175
5105,5105.5,426.3281750496252
5106,5106.5,140.77427594922167
5107,5107.5,7.417089655804578
5108,5108.5,-0.019089000000000005
5109,5109.5,-0.019089000000000005
5110,5110.5,-0.019089000000000005
5111,5111.5,-0.019089000000000005
5112,5112.5,-0.019089000000000005
5113,5113.5,-0.019089000000000005
5114,5114.5,-0.019089000000000005
5115,5115.5,-0.019089000000000005
5116,5116.5,-0.019089000000000005
5117,5117.5,-0.019089000000000005
5118,5118.5,20.817156926960692
5119,5119.5,194.59044162146157
5120,5120.5,498.3394015041598
5121,5121.5,756.999011105812
5122,5122.5,945.6822891093832
5123,5123.5,1068.9794916869314
5124,5124.5,1128.9432460694413
5125,5125.5,1121.6923575395267
5126,5126.5,1048.859602948089
5127,5127.5,914.0652527904241
5128,5128.5,705.8737656651962
5129,5129.5,428.3543428479538
5130,5130.5,135.30298156734395
5131,5131.5,8.180031187121687
5132,5132.5,-0.019089000000000005
5133,5133.5,-0.019089000000000005
5134,5134.5,-0.019089000000000005
5135,5135.5,-0.019089000000000005
5136,5136.5,-0.019089000000000005
5137,5137.5,-0.019089000000000005
5138,5138.5,-0.019089000000000005
5139,5139.5,-0.019089000000000005
5140,5140.5,-0.019089000000000005
5141,5141.5,-0.019089000000000005
5142,5142.5,19.019780416493
5143,5143.5,196.77462642482104
5144,5144.5,508.06142358049897
5145,5145.5,773.6091441919781
5146,5146.5,971.5172763015597
5147,5147.5,1116.1751035184375
5148,5148.5,1188.3566429657744
5149,5149.5,1181.872417778439
5150,5150.5,1094.5129829297953
5151,5151.5,943.6383631299929
5152,5152.5,725.7312347883493
5153,5153.5,439.8556530896783
5154,5154.5,135.84669483371948
5155,5155.5,7.269684517195809
5156,5156.5,-0.019089000000000005
5157,5157.5,-0.019089000000000005
5158,5158.5,-0.019089000000000005
5159,5159.5,-0.019089000000000005
5160,5160.5,-0.019089000000000005
5161,5161.5,-0.019089000000000005
5162,5162.5,-0.019089000000000005
5163,5163.5,-0.019089000000000005
5164,5164.5,-0.019089000000000005
5165,5165.5,-0.019089000000000005
5166,5166.5,18.95353585827901
5167,5167.5,196.9253671263279
5168,5168.5,508.14438905637036
5169,5169.5,777.7531663772002
5170,5170.5,975.4660196915528
5171,5171.5,1113.6501866526526
5172,5172.5,1178.490099283483
5173,5173.5,1166.2410130208434
5174,5174.5,1076.9790161891417
5175,5175.5,929.4680023716953
5176,5176.5,715.5575628539573
5177,5177.5,431.34507267387454
5178,5178.5,133.409633092553
5179,5179.5,6.744710718662025
5180,5180.5,-0.019089000000000005
5181,5181.5,-0.019089000000000005
5182,5182.5,-0.019089000000000005
5183,5183.5,-0.019089000000000005
5184,5184.5,-0.019089000000000005
5185,5185.5,-0.019089000000000005
5186,5186.5,-0.019089000000000005
5187,5187.5,-0.019089000000000005
5188,5188.5,-0.019089000000000005
5189,5189.5,-0.019089000000000005
5190,5190.5,17.57600018267773
5191,5191.5,189.8772736615729
5192,5192.5,493.4854723624591
5193,5193.5,762.853525328012
5194,5194.5,970.926041693552
5195,5195.5,1111.4469528912016
5196,5196.5,1178.8749071736438
5197,5197.5,1164.3372665024788
5198,5198.5,1075.7853585067407
5199,5199.5,920.501466445221
5200,5200.5,706.0512312345337
5201,5201.5,62.522613968878446
5202,5202.5,105.55357574958585
5203,5203.5,5.236351375023722
5204,5204.5,-0.019089000000000005
5205,5205.5,-0.019089000000000005
5206,5206.5,-0.019089000000000005
5207,5207.5,-0.019089000000000005
5208,5208.5,-0.019089000000000005
5209,5209.5,-0.019089000000000005
5210,5210.5,-0.019089000000000005
5211,5211.5,-0.019089000000000005
5212,5212.5,-0.019089000000000005
5213,5213.5,-0.019089000000000005
5214,5214.5,16.041824043353465
5215,5215.5,190.10426063172838
5216,5216.5,499.8645155807816
5217,5217.5,758.4301108452689
5218,5218.5,952.6106580672754
5219,5219.5,1086.7411501946585
5220,5220.5,1150.1227256167922
5221,5221.5,1138.5544368133314
5222,5222.5,1059.6697525419393
5223,5223.5,909.455064053281
5224,5224.5,701.2971186957027
5225,5225.5,422.7454441037085
5226,5226.5,129.238632203154
5227,5227.5,7.070159759034698
5228,5228.5,-0.019089000000000005
5229,5229.5,-0.019089000000000005
5230,5230.5,-0.019089000000000005
5231,5231.5,-0.019089000000000005
5232,5232.5,-0.019089000000000005
5233,5233.5,-0.019089000000000005
5234,5234.5,-0.019089000000000005
5235,5235.5,-0.019089000000000005
5236,5236.5,-0.019089000000000005
5237,5237.5,-0.019089000000000005
5238,5238.5,14.559764386041536
5239,5239.5,5.225883531423277
5240,5240.5,130.2154980414378
5241,5241.5,420.80816497331983
5242,5242.5,657.5525360464825
5243,5243.5,769.7871780090576
5244,5244.5,1117.0475214111732
5245,5245.5,1119.2552931996279
5246,5246.5,1049.2671447976254
5247,5247.5,907.1776691581771
5248,5248.5,691.7586819983916
5249,5249.5,413.00101100304033
5250,5250.5,106.66195353931032
5251,5251.5,3.7113896479008086
5252,5252.5,-0.019089000000000005
5253,5253.5,-0.019089000000000005
5254,5254.5,-0.019089000000000005
5255,5255.5,-0.019089000000000005
5256,5256.5,-0.019089000000000005
5257,5257.5,-0.019089000000000005
5258,5258.5,-0.019089000000000005
5259,5259.5,-0.019089000000000005
5260,5260.5,-0.019089000000000005
5261,5261.5,-0.019089000000000005
5262,5262.5,-0.019089000000000005
5263,5263.5,34.22843506990743
5264,5264.5,240.64256565011266
5265,5265.5,565.5097339741212
5266,5266.5,579.7005243509087
5267,5267.5,1019.6124415612737
5268,5268.5,1108.7621742155372
5269,5269.5,946.0267351737979
5270,5270.5,276.0117768683754
5271,5271.5,890.0988275346213
5272,5272.5,681.1864791774652
5273,5273.5,414.41201157097834
5274,5274.5,118.21016358474661
5275,5275.5,3.9888029616339318
5276,5276.5,-0.019089000000000005
5277,5277.5,-0.019089000000000005
5278,5278.5,-0.019089000000000005
5279,5279.5,-0.019089000000000005
5280,5280.5,-0.019089000000000005
5281,5281.5,-0.019089000000000005
5282,5282.5,-0.019089000000000005
5283,5283.5,-0.019089000000000005
5284,5284.5,-0.019089000000000005
5285,5285.5,-0.019089000000000005
5286,5286.5,12.670356925208155
5287,5287.5,191.97135486100072
5288,5288.5,512.3481455365242
5289,5289.5,779.1822568591272
5290,5290.5,981.6825682584143
5291,5291.5,1124.5627114978424
5292,5292.5,1188.3783488094464
5293,5293.5,1179.2418226269729
5294,5294.5,1096.6940610159459
5295,5295.5,940.4419786579402
5296,5296.5,719.9036084821751
5297,5297.5,429.6318961162057
5298,5298.5,124.19551046176552
5299,5299.5,-0.019089000000000005
5300,5300.5,-0.019089000000000005
5301,5301.5,-0.019089000000000005
5302,5302.5,-0.019089000000000005
5303,5303.5,-0.019089000000000005
5304,5304.5,-0.019089000000000005
5305,5305.5,-0.019089000000000005
5306,5306.5,-0.019089000000000005
5307,5307.5,-0.019089000000000005
5308,5308.5,-0.019089000000000005
5309,5309.5,-0.019089000000000005
5310,5310.5,12.007561174854407
5311,5311.5,193.4040291056074
5312,5312.5,521.3704948379584
5313,5313.5,796.9552521824617
5314,5314.5,992.6980506793376
5315,5315.5,1114.3760593557383
5316,5316.5,1161.3615452774052
5317,5317.5,1143.949254238566
5318,5318.5,1065.4806873905213
5319,5319.5,927.2293446054404
5320,5320.5,707.1071479449547
5321,5321.5,422.52152717202745
5322,5322.5,124.93035911938067
5323,5323.5,-0.019089000000000005
5324,5324.5,-0.019089000000000005
5325,5325.5,-0.019089000000000005
5326,5326.5,-0.019089000000000005
5327,5327.5,-0.019089000000000005
5328,5328.5,-0.019089000000000005
5329,5329.5,-0.019089000000000005
5330,5330.5,-0.019089000000000005
5331,5331.5,-0.019089000000000005
5332,5332.5,-0.019089000000000005
5333,5333.5,-0.019089000000000005
5334,5334.5,11.983105189373001
5335,5335.5,189.6101908737988
5336,5336.5,501.7291179954189
5337,5337.5,771.7110927646562
5338,5338.5,966.351761686501
5339,5339.5,1087.0717081641128
5340,5340.5,1159.6394777842706
5341,5341.5,1149.5016671444398
5342,5342.5,1069.2356705872749
5343,5343.5,920.3986541239713
5344,5344.5,707.7947978561123
5345,5345.5,421.55180739650314
5346,5346.5,119.42589688168916
5347,5347.5,-0.019089000000000005
5348,5348.5,-0.019089000000000005
5349,5349.5,-0.019089000000000005
5350,5350.5,-0.019089000000000005
5351,5351.5,-0.019089000000000005
5352,5352.5,-0.019089000000000005
5353,5353.5,-0.019089000000000005
5354,5354.5,-0.019089000000000005
5355,5355.5,-0.019089000000000005
5356,5356.5,-0.019089000000000005
5357,5357.5,-0.019089000000000005
5358,5358.5,12.668199408927203
5359,5359.5,185.3084840424595
5360,5360.5,486.7430365048961
5361,5361.5,750.376788157797
5362,5362.5,944.4916532295744
5363,5363.5,1056.410679656162
5364,5364.5,1070.6447448221795
5365,5365.5,970.8581871151118
5366,5366.5,931.133080326862
5367,5367.5,834.7134737699131
5368,5368.5,668.3189598235388
5369,5369.5,366.68740048779125
5370,5370.5,109.01893382181136
5371,5371.5,-0.019089000000000005
5372,5372.5,-0.019089000000000005
5373,5373.5,-0.019089000000000005
5374,5374.5,-0.019089000000000005
5375,5375.5,-0.019089000000000005
5376,5376.5,-0.019089000000000005
5377,5377.5,-0.019089000000000005
5378,5378.5,-0.019089000000000005
5379,5379.5,-0.019089000000000005
5380,5380.5,-0.019089000000000005
5381,5381.5,-0.019089000000000005
5382,5382.5,2.3320570015314157
5383,5383.5,111.34033542345509
5384,5384.5,193.21344070225842
5385,5385.5,424.63514984689033
5386,5386.5,559.1748764546351
5387,5387.5,1014.9722182720244
5388,5388.5,1028.668075045068
5389,5389.5,851.0649512853643
5390,5390.5,923.8338038520793
5391,5391.5,726.8553750618667
5392,5392.5,688.2127760183664
5393,5393.5,179.87879330241844
5394,5394.5,85.73948272223895
5395,5395.5,-0.019089000000000005
5396,5396.5,-0.019089000000000005
5397,5397.5,-0.019089000000000005
5398,5398.5,-0.019089000000000005
5399,5399.5,-0.019089000000000005
5400,5400.5,-0.019089000000000005
5401,5401.5,-0.019089000000000005
5402,5402.5,-0.019089000000000005
5403,5403.5,-0.019089000000000005
5404,5404.5,-0.019089000000000005
5405,5405.5,-0.019089000000000005
5406,5406.5,11.315814144488986
5407,5407.5,169.60268787812473
5408,5408.5,467.89155327396566
5409,5409.5,744.766426440512
5410,5410.5,951.984867008792
5411,5411.5,1087.3886506958613
5412,5412.5,1164.1134419276095
5413,5413.5,1153.4756359140063
5414,5414.5,1063.9185704304712
5415,5415.5,914.0253378700248
5416,5416.5,689.3669206588751
5417,5417.5,397.6419889909446
5418,5418.5,107.40513052112169
5419,5419.5,-0.019089000000000005
5420,5420.5,-0.019089000000000005
5421,5421.5,-0.019089000000000005
5422,5422.5,-0.019089000000000005
5423,5423.5,-0.019089000000000005
5424,5424.5,-0.019089000000000005
5425,5425.5,-0.019089000000000005
5426,5426.5,-0.019089000000000005
5427,5427.5,-0.019089000000000005
5428,5428.5,-0.019089000000000005
5429,5429.5,-0.019089000000000005
5430,5430.5,6.881808863343333
5431,5431.5,158.82754671744644
5432,5432.5,491.70003352653333
5433,5433.5,761.7814048114974
5434,5434.5,961.7050864963386
5435,5435.5,1099.2423456875144
5436,5436.5,1166.3876385356841
5437,5437.5,1146.9571917580852
5438,5438.5,1054.0435902083934
5439,5439.5,901.173268277663
5440,5440.5,681.4488183227456
5441,5441.5,395.0252384278476
5442,5442.5,109.25596582008588
5443,5443.5,-0.019089000000000005
5444,5444.5,-0.019089000000000005
5445,5445.5,-0.019089000000000005
5446,5446.5,-0.019089000000000005
5447,5447.5,-0.019089000000000005
5448,5448.5,-0.019089000000000005
5449,5449.5,-0.019089000000000005
5450,5450.5,-0.019089000000000005
5451,5451.5,-0.019089000000000005
5452,5452.5,-0.019089000000000005
5453,5453.5,-0.019089000000000005
5454,5454.5,8.542854509385558
5455,5455.5,140.68349651236426
5456,5456.5,142.24288221451866
5457,5457.5,174.50645963068672
5458,5458.5,859.042856269182
5459,5459.5,900.668847832568
5460,5460.5,963.6177090585459
5461,5461.5,1134.604735009921
5462,5462.5,1047.388069143554
5463,5463.5,893.2156933208367
5464,5464.5,668.5286631409854
5465,5465.5,384.80257409476366
5466,5466.5,102.8908218886448
5467,5467.5,-0.019089000000000005
5468,5468.5,-0.019089000000000005
5469,5469.5,-0.019089000000000005
5470,5470.5,-0.019089000000000005
5471,5471.5,-0.019089000000000005
5472,5472.5,-0.019089000000000005
5473,5473.5,-0.019089000000000005
5474,5474.5,-0.019089000000000005
5475,5475.5,-0.019089000000000005
5476,5476.5,-0.019089000000000005
5477,5477.5,-0.019089000000000005
5478,5478.5,5.0597155476079205
5479,5479.5,44.98279561560056
5480,5480.5,164.5809364932327
5481,5481.5,447.4442541295173
5482,5482.5,665.5307167039841
5483,5483.5,577.5157925176936
5484,5484.5,542.0880820309884
5485,5485.5,659.0682998380319
5486,5486.5,647.2567600654785
5487,5487.5,464.4841309476581
5488,5488.5,602.8662625498678
5489,5489.5,198.21123699968769
5490,5490.5,48.08994308228244
5491,5491.5,-0.019089000000000005
5492,5492.5,-0.019089000000000005
5493,5493.5,-0.019089000000000005
5494,5494.5,-0.019089000000000005
5495,5495.5,-0.019089000000000005
5496,5496.5,-0.019089000000000005
5497,5497.5,-0.019089000000000005
5498,5498.5,-0.019089000000000005
5499,5499.5,-0.019089000000000005
5500,5500.5,-0.019089000000000005
5501,5501.5,-0.019089000000000005
5502,5502.5,8.9767845655317
5503,5503.5,179.2296364709195
5504,5504.5,481.75764616692766
5505,5505.5,745.1556404014711
5506,5506.5,942.324707279436
5507,5507.5,1067.3892153267773
5508,5508.5,1131.7544437828667
5509,5509.5,1121.6380008511044
5510,5510.5,1046.686366102762
5511,5511.5,896.8097538340675
5512,5512.5,675.5517347082667
5513,5513.5,389.47818219567097
5514,5514.5,98.47248080903452
5515,5515.5,-0.019089000000000005
5516,5516.5,-0.019089000000000005
5517,5517.5,-0.019089000000000005
5518,5518.5,-0.019089000000000005
5519,5519.5,-0.019089000000000005
5520,5520.5,-0.019089000000000005
5521,5521.5,-0.019089000000000005
5522,5522.5,-0.019089000000000005
5523,5523.5,-0.019089000000000005
5524,5524.5,-0.019089000000000005
5525,5525.5,-0.019089000000000005
5526,5526.5,8.593442829955853
5527,5527.5,180.90076734008866
5528,5528.5,479.14278978727424
5529,5529.5,753.6723025294037
5530,5530.5,825.744929893458
5531,5531.5,150.51489004133848
5532,5532.5,428.32283933903324
5533,5533.5,565.1151794989015
5534,5534.5,831.4225530807257
5535,5535.5,831.4089596336314
5536,5536.5,695.7336945181776
5537,5537.5,398.96292239132157
5538,5538.5,105.28907086253572
5539,5539.5,-0.019089000000000005
5540,5540.5,-0.019089000000000005
5541,5541.5,-0.019089000000000005
5542,5542.5,-0.019089000000000005
5543,5543.5,-0.019089000000000005
5544,5544.5,-0.019089000000000005
5545,5545.5,-0.019089000000000005
5546,5546.5,-0.019089000000000005
5547,5547.5,-0.019089000000000005
5548,5548.5,-0.019089000000000005
5549,5549.5,-0.019089000000000005
5550,5550.5,7.762659629348786
5551,5551.5,182.02194424637818
5552,5552.5,490.10832497740284
5553,5553.5,755.4920938103536
5554,5554.5,953.7734318762748
5555,5555.5,1082.7473095221696
5556,5556.5,1151.258012290858
5557,5557.5,1134.879144355938
5558,5558.5,1047.0821523164961
5559,5559.5,884.3600065289861
5560,5560.5,665.4033148840258
5561,5561.5,381.79184758376675
5562,5562.5,86.09064957900588
5563,5563.5,-0.019089000000000005
5564,5564.5,-0.019089000000000005
5565,5565.5,-0.019089000000000005
5566,5566.5,-0.019089000000000005
5567,5567.5,-0.019089000000000005
5568,5568.5,-0.019089000000000005
5569,5569.5,-0.019089000000000005
5570,5570.5,-0.019089000000000005
5571,5571.5,-0.019089000000000005
5572,5572.5,-0.019089000000000005
5573,5573.5,-0.019089000000000005
5574,5574.5,-0.019089000000000005
5575,5575.5,105.68863682948331
5576,5576.5,177.9220682502288
5577,5577.5,237.61126348160687
5578,5578.5,302.97178650534096
5579,5579.5,1111.346239366133
5580,5580.5,1170.7942270310216
5581,5581.5,1152.0394246876601
5582,5582.5,1062.4043831934143
5583,5583.5,906.7695521992019
5584,5584.5,682.3664928566473
5585,5585.5,389.00844229944624
5586,5586.5,101.21674678582471
5587,5587.5,-0.019089000000000005
5588,5588.5,-0.019089000000000005
5589,5589.5,-0.019089000000000005
5590,5590.5,-0.019089000000000005
5591,5591.5,-0.019089000000000005
5592,5592.5,-0.019089000000000005
5593,5593.5,-0.019089000000000005
5594,5594.5,-0.019089000000000005
5595,5595.5,-0.019089000000000005
5596,5596.5,-0.019089000000000005
5597,5597.5,-0.019089000000000005
5598,5598.5,4.974888118167261
5599,5599.5,164.36621131298358
5600,5600.5,444.8768328741832
5601,5601.5,412.4079023271764
5602,5602.5,653.2362215592334
5603,5603.5,1087.7403314633907
5604,5604.5,1141.6002547136447
5605,5605.5,1118.3430697648253
5606,5606.5,1027.7136428354113
5607,5607.5,887.3090116368548
5608,5608.5,669.9047684378115
5609,5609.5,379.26661183534696
5610,5610.5,95.52737033056859
5611,5611.5,-0.019089000000000005
5612,5612.5,-0.019089000000000005
5613,5613.5,-0.019089000000000005
5614,5614.5,-0.019089000000000005
5615,5615.5,-0.019089000000000005
5616,5616.5,-0.019089000000000005
5617,5617.5,-0.019089000000000005
5618,5618.5,-0.019089000000000005
5619,5619.5,-0.019089000000000005
5620,5620.5,-0.019089000000000005
5621,5621.5,-0.019089000000000005
5622,5622.5,-0.019089000000000005
5623,5623.5,6.071680681399632
5624,5624.5,59.3360049736348
5625,5625.5,41.02967837107322
5626,5626.5,234.48389054563518
5627,5627.5,303.66962905348805
5628,5628.5,158.52157575370148
5629,5629.5,215.05981565004808
5630,5630.5,551.6033543251152
5631,5631.5,893.1202643449988
5632,5632.5,656.0369316822864
5633,5633.5,319.7688806773522
5634,5634.5,77.38281390141408
5635,5635.5,-0.019089000000000005
5636,5636.5,-0.019089000000000005
5637,5637.5,-0.019089000000000005
5638,5638.5,-0.019089000000000005
5639,5639.5,-0.019089000000000005
5640,5640.5,-0.019089000000000005
5641,5641.5,-0.019089000000000005
5642,5642.5,-0.019089000000000005
5643,5643.5,-0.019089000000000005
5644,5644.5,-0.019089000000000005
5645,5645.5,-0.019089000000000005
5646,5646.5,-0.019089000000000005
5647,5647.5,136.0682895962109
5648,5648.5,199.87604748419318
5649,5649.5,776.8754185850165
5650,5650.5,988.6138482903922
5651,5651.5,1125.6706465343445
5652,5652.5,1194.7047278896487
5653,5653.5,1178.9183904143206
5654,5654.5,1084.6261393994819
5655,5655.5,915.2129550994556
5656,5656.5,681.3622510200582
5657,5657.5,378.5986437477792
5658,5658.5,89.48159266450341
5659,5659.5,-0.019089000000000005
5660,5660.5,-0.019089000000000005
5661,5661.5,-0.019089000000000005
5662,5662.5,-0.019089000000000005
5663,5663.5,-0.019089000000000005
5664,5664.5,-0.019089000000000005
5665,5665.5,-0.019089000000000005
5666,5666.5,-0.019089000000000005
5667,5667.5,-0.019089000000000005
5668,5668.5,-0.019089000000000005
5669,5669.5,-0.019089000000000005
5670,5670.5,7.447086658374094
5671,5671.5,177.49504795443553
5672,5672.5,505.7426438286759
5673,5673.5,778.6511465276036
5674,5674.5,977.8419931871153
5675,5675.5,1103.2086694061763
5676,5676.5,1156.2530357770606
5677,5677.5,1135.0023731333567
5678,5678.5,1042.9689785872386
5679,5679.5,885.0112554364151
5680,5680.5,665.6441090834347
5681,5681.5,347.77509617052993
5682,5682.5,-0.019089000000000005
5683,5683.5,-0.019089000000000005
5684,5684.5,-0.019089000000000005
5685,5685.5,-0.019089000000000005
5686,5686.5,-0.019089000000000005
5687,5687.5,-0.019089000000000005
5688,5688.5,-0.019089000000000005
5689,5689.5,-0.019089000000000005
5690,5690.5,-0.019089000000000005
5691,5691.5,-0.019089000000000005
5692,5692.5,-0.019089000000000005
5693,5693.5,-0.019089000000000005
5694,5694.5,6.3737958264501255
5695,5695.5,141.78249269865492
5696,5696.5,485.7720851236708
5697,5697.5,751.7750743926281
5698,5698.5,952.8434431179913
5699,5699.5,1093.186762822644
5700,5700.5,1159.8257476226402
5701,5701.5,1149.0137170490304
5702,5702.5,1068.9819746915198
5703,5703.5,906.6904928626404
5704,5704.5,615.7839623495503
5705,5705.5,370.55362065743964
5706,5706.5,71.95591212939617
5707,5707.5,-0.019089000000000005
5708,5708.5,-0.019089000000000005
5709,5709.5,-0.019089000000000005
5710,5710.5,-0.019089000000000005
5711,5711.5,-0.019089000000000005
5712,5712.5,-0.019089000000000005
5713,5713.5,-0.019089000000000005
5714,5714.5,-0.019089000000000005
5715,5715.5,-0.019089000000000005
5716,5716.5,-0.019089000000000005
5717,5717.5,-0.019089000000000005
5718,5718.5,5.568927062510019
5719,5719.5,143.77148221007045
5720,5720.5,500.06981659921325
5721,5721.5,783.4128421974077
5722,5722.5,1002.7838074506737
5723,5723.5,1149.3586124044846
5724,5724.5,1223.0524119281772
5725,5725.5,1208.6947012339122
5726,5726.5,1117.582865128346
5727,5727.5,946.6392678885601
5728,5728.5,709.5401208008877
5729,5729.5,393.890552729853
5730,5730.5,80.93079961534129
5731,5731.5,-0.019089000000000005
5732,5732.5,-0.019089000000000005
5733,5733.5,-0.019089000000000005
5734,5734.5,-0.019089000000000005
5735,5735.5,-0.019089000000000005
5736,5736.5,-0.019089000000000005
5737,5737.5,-0.019089000000000005
5738,5738.5,-0.019089000000000005
5739,5739.5,-0.019089000000000005
5740,5740.5,-0.019089000000000005
5741,5741.5,-0.019089000000000005
5742,5742.5,5.80679401609681
5743,5743.5,184.28941285284282
5744,5744.5,527.4845992172991
5745,5745.5,816.7984002848125
5746,5746.5,1036.7829038784662
5747,5747.5,1179.342451232177
5748,5748.5,1245.086099099498
5749,5749.5,1231.797731459564
5750,5750.5,1127.6254609663583
5751,5751.5,954.3377166652631
5752,5752.5,709.9099939588612
5753,5753.5,388.71375825083175
5754,5754.5,80.30604333785907
5755,5755.5,-0.019089000000000005
5756,5756.5,-0.019089000000000005
5757,5757.5,-0.019089000000000005
5758,5758.5,-0.019089000000000005
5759,5759.5,-0.019089000000000005
5760,5760.5,-0.019089000000000005
5761,5761.5,-0.019089000000000005
5762,5762.5,-0.019089000000000005
5763,5763.5,-0.019089000000000005
5764,5764.5,-0.019089000000000005
5765,5765.5,-0.019089000000000005
5766,5766.5,5.059963872818961
5767,5767.5,186.24325133023757
5768,5768.5,522.7087996830202
5769,5769.5,810.6274272947226
5770,5770.5,1030.6187315297598
5771,5771.5,1172.3853990387277
5772,5772.5,1241.818537424609
5773,5773.5,1222.7909101653743
5774,5774.5,1123.0227498415088
5775,5775.5,957.2883185261262
5776,5776.5,717.92663199418
5777,5777.5,395.8173360798822
5778,5778.5,78.25953304072202
5779,5779.5,-0.019089000000000005
5780,5780.5,-0.019089000000000005
5781,5781.5,-0.019089000000000005
5782,5782.5,-0.019089000000000005
5783,5783.5,-0.019089000000000005
5784,5784.5,-0.019089000000000005
5785,5785.5,-0.019089000000000005
5786,5786.5,-0.019089000000000005
5787,5787.5,-0.019089000000000005
5788,5788.5,-0.019089000000000005
5789,5789.5,-0.019089000000000005
5790,5790.5,-0.019089000000000005
5791,5791.5,188.87990523172962
5792,5792.5,536.7408958551418
5793,5793.5,817.504009343791
5794,5794.5,1030.5079202770767
5795,5795.5,1167.0050807118575
5796,5796.5,1222.619778151884
5797,5797.5,1198.5143300243544
5798,5798.5,1103.0198677404378
5799,5799.5,936.2433111696765
5800,5800.5,703.2496826407544
5801,5801.5,386.154895401356
5802,5802.5,75.03639315549938
5803,5803.5,-0.019089000000000005
5804,5804.5,-0.019089000000000005
5805,5805.5,-0.019089000000000005
5806,5806.5,-0.019089000000000005
5807,5807.5,-0.019089000000000005
5808,5808.5,-0.019089000000000005
5809,5809.5,-0.019089000000000005
5810,5810.5,-0.019089000000000005
5811,5811.5,-0.019089000000000005
5812,5812.5,-0.019089000000000005
5813,5813.5,-0.019089000000000005
5814,5814.5,-0.019089000000000005
5815,5815.5,183.58043113115824
5816,5816.5,517.9943692082708
5817,5817.5,782.0185120801578
5818,5818.5,962.3376277340948
5819,5819.5,1068.4462644068221
5820,5820.5,1123.0840784224094
5821,5821.5,1126.8660039529527
5822,5822.5,1062.3033597264239
5823,5823.5,905.0227807135544
5824,5824.5,681.8076177347677
5825,5825.5,373.59631577243806
5826,5826.5,71.5988154259698
5827,5827.5,-0.019089000000000005
5828,5828.5,-0.019089000000000005
5829,5829.5,-0.019089000000000005
5830,5830.5,-0.019089000000000005
5831,5831.5,-0.019089000000000005
5832,5832.5,-0.019089000000000005
5833,5833.5,-0.019089000000000005
5834,5834.5,-0.019089000000000005
5835,5835.5,-0.019089000000000005
5836,5836.5,-0.019089000000000005
5837,5837.5,-0.019089000000000005
5838,5838.5,-0.019089000000000005
5839,5839.5,98.43753080293196
5840,5840.5,492.9548947089276
5841,5841.5,767.7507737233162
5842,5842.5,967.4967658978584
5843,5843.5,1095.3503742172331
5844,5844.5,1159.7858466372395
5845,5845.5,1132.9069799493482
5846,5846.5,1039.8781686299883
5847,5847.5,871.6073687812664
5848,5848.5,570.2585147391899
5849,5849.5,86.79980867039103
5850,5850.5,67.11541524207597
5851,5851.5,-0.019089000000000005
5852,5852.5,-0.019089000000000005
5853,5853.5,-0.019089000000000005
5854,5854.5,-0.019089000000000005
5855,5855.5,-0.019089000000000005
5856,5856.5,-0.019089000000000005
5857,5857.5,-0.019089000000000005
5858,5858.5,-0.019089000000000005
5859,5859.5,-0.019089000000000005
5860,5860.5,-0.019089000000000005
5861,5861.5,-0.019089000000000005
5862,5862.5,-0.019089000000000005
5863,5863.5,173.2905911006435
5864,5864.5,499.67172197778336
5865,5865.5,775.2277924309141
5866,5866.5,976.1958433282131
5867,5867.5,1115.942401596285
5868,5868.5,1176.219335635558
5869,5869.5,1157.472274978836
5870,5870.5,1062.4701194755721
5871,5871.5,890.5062664454372
5872,5872.5,654.1573705041314
5873,5873.5,348.627637588534
5874,5874.5,64.05399945535467
5875,5875.5,-0.019089000000000005
5876,5876.5,-0.019089000000000005
5877,5877.5,-0.019089000000000005
5878,5878.5,-0.019089000000000005
5879,5879.5,-0.019089000000000005
5880,5880.5,-0.019089000000000005
5881,5881.5,-0.019089000000000005
5882,5882.5,-0.019089000000000005
5883,5883.5,-0.019089000000000005
5884,5884.5,-0.019089000000000005
5885,5885.5,-0.019089000000000005
5886,5886.5,-0.019089000000000005
5887,5887.5,168.7450267701444
5888,5888.5,484.0303005092823
5889,5889.5,750.8883824743974
5890,5890.5,959.0415973192684
5891,5891.5,1090.3865075595738
5892,5892.5,1139.4838763196258
5893,5893.5,1128.0617608314267
5894,5894.5,1026.4377981259142
5895,5895.5,857.0838150918852
5896,5896.5,623.734769476694
5897,5897.5,324.5682999892846
5898,5898.5,61.67676301334303
5899,5899.5,-0.019089000000000005
5900,5900.5,-0.019089000000000005
5901,5901.5,-0.019089000000000005
5902,5902.5,-0.019089000000000005
5903,5903.5,-0.019089000000000005
5904,5904.5,-0.019089000000000005
5905,5905.5,-0.019089000000000005
5906,5906.5,-0.019089000000000005
5907,5907.5,-0.019089000000000005
5908,5908.5,-0.019089000000000005
5909,5909.5,-0.019089000000000005
5910,5910.5,-0.019089000000000005
5911,5911.5,164.8388930040466
5912,5912.5,483.50957725265715
5913,5913.5,751.7568834657754
5914,5914.5,950.0186039589756
5915,5915.5,1069.318621766751
5916,5916.5,1133.7864928974977
5917,5917.5,1117.0109590370644
5918,5918.5,1027.8149986394803
5919,5919.5,863.3328527124986
5920,5920.5,628.2556602372523
5921,5921.5,326.3903324743025
5922,5922.5,56.446347944868926
5923,5923.5,-0.019089000000000005
5924,5924.5,-0.019089000000000005
5925,5925.5,-0.019089000000000005
5926,5926.5,-0.019089000000000005
5927,5927.5,-0.019089000000000005
5928,5928.5,-0.019089000000000005
5929,5929.5,-0.019089000000000005
5930,5930.5,-0.019089000000000005
5931,5931.5,-0.019089000000000005
5932,5932.5,-0.019089000000000005
5933,5933.5,-0.019089000000000005
5934,5934.5,-0.019089000000000005
5935,5935.5,161.39533002461738
5936,5936.5,321.90678187902313
5937,5937.5,740.4363529925287
5938,5938.5,934.9308856682237
5939,5939.5,1062.2271157469922
5940,5940.5,1132.5124660547199
5941,5941.5,1115.4315646308528
5942,5942.5,1024.2427867323966
5943,5943.5,852.5024794764656
5944,5944.5,43.50827476237535
5945,5945.5,50.432584655804824
5946,5946.5,-0.019089000000000005
5947,5947.5,-0.019089000000000005
5948,5948.5,-0.019089000000000005
5949,5949.5,-0.019089000000000005
5950,5950.5,-0.019089000000000005
5951,5951.5,-0.019089000000000005
5952,5952.5,-0.019089000000000005
5953,5953.5,-0.019089000000000005
5954,5954.5,-0.019089000000000005
5955,5955.5,-0.019089000000000005
5956,5956.5,-0.019089000000000005
5957,5957.5,-0.019089000000000005
5958,5958.5,-0.019089000000000005
5959,5959.5,168.08227271916655
5960,5960.5,425.5227616252375
5961,5961.5,768.5627416387041
5962,5962.5,966.7843928005367
5963,5963.5,1090.1432768206978
5964,5964.5,1155.6220147338404
5965,5965.5,1133.608993961023
5966,5966.5,1037.4314701265116
5967,5967.5,880.4292848537574
5968,5968.5,644.8665968949664
5969,5969.5,333.13355012251617
5970,5970.5,51.88627256981569
5971,5971.5,-0.019089000000000005
5972,5972.5,-0.019089000000000005
5973,5973.5,-0.019089000000000005
5974,5974.5,-0.019089000000000005
5975,5975.5,-0.019089000000000005
5976,5976.5,-0.019089000000000005
5977,5977.5,-0.019089000000000005
5978,5978.5,-0.019089000000000005
5979,5979.5,-0.019089000000000005
5980,5980.5,-0.019089000000000005
5981,5981.5,-0.019089000000000005
5982,5982.5,-0.019089000000000005
5983,5983.5,170.93481480906763
5984,5984.5,501.67474800711074
5985,5985.5,782.5730278972334
5986,5986.5,982.4854377184007
5987,5987.5,1106.873723210134
5988,5988.5,1155.8134108170443
5989,5989.5,1128.5395827448083
5990,5990.5,1023.1972106047614
5991,5991.5,845.0541024776561
5992,5992.5,606.2447762620342
5993,5993.5,121.80461857554877
5994,5994.5,22.076908139103004
5995,5995.5,-0.019089000000000005
5996,5996.5,-0.019089000000000005
5997,5997.5,-0.019089000000000005
5998,5998.5,-0.019089000000000005
5999,5999.5,-0.019089000000000005
6000,6000.5,-0.019089000000000005
6001,6001.5,-0.019089000000000005
6002,6002.5,-0.019089000000000005
6003,6003.5,-0.019089000000000005
6004,6004.5,-0.019089000000000005
6005,6005.5,-0.019089000000000005
6006,6006.5,-0.019089000000000005
6007,6007.5,4.6223610132350235
6008,6008.5,73.65155255549001
6009,6009.5,154.03003688019015
6010,6010.5,243.63442724199282
6011,6011.5,138.80595076160157
6012,6012.5,278.9953255400414
6013,6013.5,159.7604056899042
6014,6014.5,198.83946533528976
6015,6015.5,143.1622577349862
6016,6016.5,122.81912079162312
6017,6017.5,146.98816718994533
6018,6018.5,35.7531578493115
6019,6019.5,-0.019089000000000005
6020,6020.5,-0.019089000000000005
6021,6021.5,-0.019089000000000005
6022,6022.5,-0.019089000000000005
6023,6023.5,-0.019089000000000005
6024,6024.5,-0.019089000000000005
6025,6025.5,-0.019089000000000005
6026,6026.5,-0.019089000000000005
6027,6027.5,-0.019089000000000005
6028,6028.5,-0.019089000000000005
6029,6029.5,-0.019089000000000005
6030,6030.5,-0.019089000000000005
6031,6031.5,2.2636256930543373
6032,6032.5,110.46182089575902
6033,6033.5,385.21459265251474
6034,6034.5,477.9811835953586
6035,6035.5,927.074442868944
6036,6036.5,949.484437790446
6037,6037.5,1140.4396923062502
6038,6038.5,1049.0568892244646
6039,6039.5,885.6643652817468
6040,6040.5,296.50778646342496
6041,6041.5,322.7074131923823
6042,6042.5,39.194349176699916
6043,6043.5,-0.019089000000000005
6044,6044.5,-0.019089000000000005
6045,6045.5,-0.019089000000000005
6046,6046.5,-0.019089000000000005
6047,6047.5,-0.019089000000000005
6048,6048.5,-0.019089000000000005
6049,6049.5,-0.019089000000000005
6050,6050.5,-0.019089000000000005
6051,6051.5,-0.019089000000000005
6052,6052.5,-0.019089000000000005
6053,6053.5,-0.019089000000000005
6054,6054.5,-0.019089000000000005
6055,6055.5,172.6535337878124
6056,6056.5,514.4913884873969
6057,6057.5,803.5300172054729
6058,6058.5,1007.1752831625464
6059,6059.5,1140.4002946740359
6060,6060.5,1194.6862466551288
6061,6061.5,1168.2163675555732
6062,6062.5,1066.2469024845757
6063,6063.5,890.4828872386846
6064,6064.5,649.6054333981548
6065,6065.5,325.89016649932756
6066,6066.5,37.5620728773623
6067,6067.5,-0.019089000000000005
6068,6068.5,-0.019089000000000005
6069,6069.5,-0.019089000000000005
6070,6070.5,-0.019089000000000005
6071,6071.5,-0.019089000000000005
6072,6072.5,-0.019089000000000005
6073,6073.5,-0.019089000000000005
6074,6074.5,-0.019089000000000005
6075,6075.5,-0.019089000000000005
6076,6076.5,-0.019089000000000005
6077,6077.5,-0.019089000000000005
6078,6078.5,-0.019089000000000005
6079,6079.5,170.43717352102485
6080,6080.5,512.5580913157552
6081,6081.5,806.0270261561184
6082,6082.5,1014.5952550966578
6083,6083.5,1142.8407345088935
6084,6084.5,1196.901650694693
6085,6085.5,1168.7674556308368
6086,6086.5,1066.426270042998
6087,6087.5,896.3774075655392
6088,6088.5,643.590016923851
6089,6089.5,268.4688331171199
6090,6090.5,39.08998411260276
6091,6091.5,-0.019089000000000005
6092,6092.5,-0.019089000000000005
6093,6093.5,-0.019089000000000005
6094,6094.5,-0.019089000000000005
6095,6095.5,-0.019089000000000005
6096,6096.5,-0.019089000000000005
6097,6097.5,-0.019089000000000005
6098,6098.5,-0.019089000000000005
6099,6099.5,-0.019089000000000005
6100,6100.5,-0.019089000000000005
6101,6101.5,-0.019089000000000005
6102,6102.5,-0.019089000000000005
6103,6103.5,44.07489998549129
6104,6104.5,138.32246903695722
6105,6105.5,304.7097511749628
6106,6106.5,185.18517986605025
6107,6107.5,723.417616980477
6108,6108.5,1159.0976411683068
6109,6109.5,826.2061755448825
6110,6110.5,198.75700312155965
6111,6111.5,413.39080499934016
6112,6112.5,420.5559506677762
6113,6113.5,53.224418102456546
6114,6114.5,16.334621763026348
6115,6115.5,-0.019089000000000005
6116,6116.5,-0.019089000000000005
6117,6117.5,-0.019089000000000005
6118,6118.5,-0.019089000000000005
6119,6119.5,-0.019089000000000005
6120,6120.5,-0.019089000000000005
6121,6121.5,-0.019089000000000005
6122,6122.5,-0.019089000000000005
6123,6123.5,-0.019089000000000005
6124,6124.5,-0.019089000000000005
6125,6125.5,-0.019089000000000005
6126,6126.5,-0.019089000000000005
6127,6127.5,5.818632171358363
6128,6128.5,17.168162726492213
6129,6129.5,93.86155108985294
6130,6130.5,85.75024059405509
6131,6131.5,100.3785558547637
6132,6132.5,303.4877676892951
6133,6133.5,219.6897949038077
6134,6134.5,243.116481269573
6135,6135.5,429.8147312099648
6136,6136.5,252.78178356179743
6137,6137.5,69.12404429779133
6138,6138.5,34.90176863357034
6139,6139.5,-0.019089000000000005
6140,6140.5,-0.019089000000000005
6141,6141.5,-0.019089000000000005
6142,6142.5,-0.019089000000000005
6143,6143.5,-0.019089000000000005
6144,6144.5,-0.019089000000000005
6145,6145.5,-0.019089000000000005
6146,6146.5,-0.019089000000000005
6147,6147.5,-0.019089000000000005
6148,6148.5,-0.019089000000000005
6149,6149.5,-0.019089000000000005
6150,6150.5,-0.019089000000000005
6151,6151.5,23.431192947604956
6152,6152.5,94.98843992120086
6153,6153.5,268.57030782303667
6154,6154.5,415.86744709453893
6155,6155.5,312.26602447968605
6156,6156.5,485.91255317903097
6157,6157.5,398.28609123467527
6158,6158.5,456.4413228375992
6159,6159.5,282.7463720717527
6160,6160.5,299.3951701469074
6161,6161.5,96.12580881304176
6162,6162.5,11.616082352926364
6163,6163.5,-0.019089000000000005
6164,6164.5,-0.019089000000000005
6165,6165.5,-0.019089000000000005
6166,6166.5,-0.019089000000000005
6167,6167.5,-0.019089000000000005
6168,6168.5,-0.019089000000000005
6169,6169.5,-0.019089000000000005
6170,6170.5,-0.019089000000000005
6171,6171.5,-0.019089000000000005
6172,6172.5,-0.019089000000000005
6173,6173.5,-0.019089000000000005
6174,6174.5,-0.019089000000000005
6175,6175.5,13.8760962723933
6176,6176.5,132.8388978768673
6177,6177.5,273.27991602640685
6178,6178.5,335.34788295858345
6179,6179.5,310.93389796422133
6180,6180.5,265.31364560472497
6181,6181.5,324.9124693175393
6182,6182.5,262.63699194204776
6183,6183.5,158.12938921403256
6184,6184.5,177.8642015822085
6185,6185.5,152.020640569492
6186,6186.5,17.819206947860277
6187,6187.5,-0.019089000000000005
6188,6188.5,-0.019089000000000005
6189,6189.5,-0.019089000000000005
6190,6190.5,-0.019089000000000005
6191,6191.5,-0.019089000000000005
6192,6192.5,-0.019089000000000005
6193,6193.5,-0.019089000000000005
6194,6194.5,-0.019089000000000005
6195,6195.5,-0.019089000000000005
6196,6196.5,-0.019089000000000005
6197,6197.5,-0.019089000000000005
6198,6198.5,-0.019089000000000005
6199,6199.5,177.30688633585962
6200,6200.5,537.0569182821258
6201,6201.5,820.1017496890695
6202,6202.5,1008.1978191521339
6203,6203.5,1131.8387695412891
6204,6204.5,1180.7736299229211
6205,6205.5,1156.5039050403589
6206,6206.5,1063.9283490870382
6207,6207.5,887.33525735794
6208,6208.5,647.3983255398027
6209,6209.5,315.1851462457715
6210,6210.5,23.396622292617387
6211,6211.5,-0.019089000000000005
6212,6212.5,-0.019089000000000005
6213,6213.5,-0.019089000000000005
6214,6214.5,-0.019089000000000005
6215,6215.5,-0.019089000000000005
6216,6216.5,-0.019089000000000005
6217,6217.5,-0.019089000000000005
6218,6218.5,-0.019089000000000005
6219,6219.5,-0.019089000000000005
6220,6220.5,-0.019089000000000005
6221,6221.5,-0.019089000000000005
6222,6222.5,-0.019089000000000005
6223,6223.5,174.28739185037026
6224,6224.5,528.7120300747299
6225,6225.5,815.2858138026161
6226,6226.5,1007.065935754469
6227,6227.5,986.6649600819991
6228,6228.5,1056.6387266134298
6229,6229.5,1022.1414513438896
6230,6230.5,1002.1049678575944
6231,6231.5,858.144432080352
6232,6232.5,623.442079175001
6233,6233.5,231.33138786565632
6234,6234.5,17.132818173871517
6235,6235.5,-0.019089000000000005
6236,6236.5,-0.019089000000000005
6237,6237.5,-0.019089000000000005
6238,6238.5,-0.019089000000000005
6239,6239.5,-0.019089000000000005
6240,6240.5,-0.019089000000000005
6241,6241.5,-0.019089000000000005
6242,6242.5,-0.019089000000000005
6243,6243.5,-0.019089000000000005
6244,6244.5,-0.019089000000000005
6245,6245.5,-0.019089000000000005
6246,6246.5,-0.019089000000000005
6247,6247.5,168.454976819867
6248,6248.5,525.0162681539953
6249,6249.5,828.6316333359829
6250,6250.5,1052.0316985441436
6251,6251.5,1176.62412133936
6252,6252.5,1205.1338125115483
6253,6253.5,1163.8997082565031
6254,6254.5,1049.8548769187903
6255,6255.5,867.886849025648
6256,6256.5,624.7497498737465
6257,6257.5,293.5650543124802
6258,6258.5,18.56311080270576
6259,6259.5,-0.019089000000000005
6260,6260.5,-0.019089000000000005
6261,6261.5,-0.019089000000000005
6262,6262.5,-0.019089000000000005
6263,6263.5,-0.019089000000000005
6264,6264.5,-0.019089000000000005
6265,6265.5,-0.019089000000000005
6266,6266.5,-0.019089000000000005
6267,6267.5,-0.019089000000000005
6268,6268.5,-0.019089000000000005
6269,6269.5,-0.019089000000000005
6270,6270.5,-0.019089000000000005
6271,6271.5,167.29116921037385
6272,6272.5,517.2678541235144
6273,6273.5,814.5542983132497
6274,6274.5,1032.6668023753175
6275,6275.5,1164.5478893162065
6276,6276.5,1216.9012847997003
6277,6277.5,1185.178183091997
6278,6278.5,1066.8946274953976
6279,6279.5,883.5707810852603
6280,6280.5,621.0598926945379
6281,6281.5,283.3908260147075
6282,6282.5,16.186497226369205
6283,6283.5,-0.019089000000000005
6284,6284.5,-0.019089000000000005
6285,6285.5,-0.019089000000000005
6286,6286.5,-0.019089000000000005
6287,6287.5,-0.019089000000000005
6288,6288.5,-0.019089000000000005
6289,6289.5,-0.019089000000000005
6290,6290.5,-0.019089000000000005
6291,6291.5,-0.019089000000000005
6292,6292.5,-0.019089000000000005
6293,6293.5,-0.019089000000000005
6294,6294.5,-0.019089000000000005
6295,6295.5,165.2965152747502
6296,6296.5,512.9148548259079
6297,6297.5,806.4548176467302
6298,6298.5,1021.8400948947774
6299,6299.5,1144.726333315311
6300,6300.5,1189.6036604513508
6301,6301.5,1154.0313811481358
6302,6302.5,1046.2127491265182
6303,6303.5,868.2319431974414
6304,6304.5,609.7869513636161
6305,6305.5,226.90602830842772
6306,6306.5,13.419083815864262
6307,6307.5,-0.019089000000000005
6308,6308.5,-0.019089000000000005
6309,6309.5,-0.019089000000000005
6310,6310.5,-0.019089000000000005
6311,6311.5,-0.019089000000000005
6312,6312.5,-0.019089000000000005
6313,6313.5,-0.019089000000000005
6314,6314.5,-0.019089000000000005
6315,6315.5,-0.019089000000000005
6316,6316.5,-0.019089000000000005
6317,6317.5,-0.019089000000000005
6318,6318.5,-0.019089000000000005
6319,6319.5,160.78711816986169
6320,6320.5,506.5845798983432
6321,6321.5,802.5886743809061
6322,6322.5,1016.8030851899903
6323,6323.5,1132.858306123551
6324,6324.5,1185.3973147785707
6325,6325.5,1141.0276713184471
6326,6326.5,1027.3474288606974
6327,6327.5,851.7153063588611
6328,6328.5,602.3074477471336
6329,6329.5,273.5633714633446
6330,6330.5,12.360530576790886
6331,6331.5,-0.019089000000000005
6332,6332.5,-0.019089000000000005
6333,6333.5,-0.019089000000000005
6334,6334.5,-0.019089000000000005
6335,6335.5,-0.019089000000000005
6336,6336.5,-0.019089000000000005
6337,6337.5,-0.019089000000000005
6338,6338.5,-0.019089000000000005
6339,6339.5,-0.019089000000000005
6340,6340.5,-0.019089000000000005
6341,6341.5,-0.019089000000000005
6342,6342.5,-0.019089000000000005
6343,6343.5,157.82699999787695
6344,6344.5,497.4575665270644
6345,6345.5,779.5683271115433
6346,6346.5,975.6756134269374
6347,6347.5,1088.422467922863
6348,6348.5,1131.2814671720678
6349,6349.5,1104.606855662015
6350,6350.5,1004.1634203703406
6351,6351.5,820.6175812678541
6352,6352.5,564.8370368259672
6353,6353.5,246.19889894882596
6354,6354.5,8.641579020082986
6355,6355.5,-0.019089000000000005
6356,6356.5,-0.019089000000000005
6357,6357.5,-0.019089000000000005
6358,6358.5,-0.019089000000000005
6359,6359.5,-0.019089000000000005
6360,6360.5,-0.019089000000000005
6361,6361.5,-0.019089000000000005
6362,6362.5,-0.019089000000000005
6363,6363.5,-0.019089000000000005
6364,6364.5,-0.019089000000000005
6365,6365.5,-0.019089000000000005
6366,6366.5,-0.019089000000000005
6367,6367.5,151.82096721947215
6368,6368.5,488.53897090303263
6369,6369.5,782.2483528776172
6370,6370.5,994.7499081925248
6371,6371.5,1132.1127715146017
6372,6372.5,1205.4982398582604
6373,6373.5,1178.9521233033834
6374,6374.5,1070.1281695261316
6375,6375.5,873.7844351772635
6376,6376.5,604.7997488231922
6377,6377.5,262.30863894864467
6378,6378.5,10.713055795249796
6379,6379.5,-0.019089000000000005
6380,6380.5,-0.019089000000000005
6381,6381.5,-0.019089000000000005
6382,6382.5,-0.019089000000000005
6383,6383.5,-0.019089000000000005
6384,6384.5,-0.019089000000000005
6385,6385.5,-0.019089000000000005
6386,6386.5,-0.019089000000000005
6387,6387.5,-0.019089000000000005
6388,6388.5,-0.019089000000000005
6389,6389.5,-0.019089000000000005
6390,6390.5,-0.019089000000000005
6391,6391.5,157.44625233284575
6392,6392.5,507.05720949033565
6393,6393.5,807.3216684214256
6394,6394.5,1031.8789584908534
6395,6395.5,1160.8573670473352
6396,6396.5,1213.320893475349
6397,6397.5,1173.7281302571266
6398,6398.5,1056.8170821772094
6399,6399.5,858.1826843823964
6400,6400.5,589.8328182017599
6401,6401.5,249.91157396417134
6402,6402.5,7.549903828319756
6403,6403.5,-0.019089000000000005
6404,6404.5,-0.019089000000000005
6405,6405.5,-0.019089000000000005
6406,6406.5,-0.019089000000000005
6407,6407.5,-0.019089000000000005
6408,6408.5,-0.019089000000000005
6409,6409.5,-0.019089000000000005
6410,6410.5,-0.019089000000000005
6411,6411.5,-0.019089000000000005
6412,6412.5,-0.019089000000000005
6413,6413.5,-0.019089000000000005
6414,6414.5,-0.019089000000000005
6415,6415.5,149.49693666456665
6416,6416.5,494.7730343406636
6417,6417.5,795.0336101587062
6418,6418.5,1008.4002341439958
6419,6419.5,1133.773378197162
6420,6420.5,1174.8014631626634
6421,6421.5,1133.5772943853856
6422,6422.5,1023.1782103131549
6423,6423.5,835.5324751417714
6424,6424.5,580.282548206674
6425,6425.5,248.2764499747686
6426,6426.5,5.63617500003381
6427,6427.5,-0.019089000000000005
6428,6428.5,-0.019089000000000005
6429,6429.5,-0.019089000000000005
6430,6430.5,-0.019089000000000005
6431,6431.5,-0.019089000000000005
6432,6432.5,-0.019089000000000005
6433,6433.5,-0.019089000000000005
6434,6434.5,-0.019089000000000005
6435,6435.5,-0.019089000000000005
6436,6436.5,-0.019089000000000005
6437,6437.5,-0.019089000000000005
6438,6438.5,-0.019089000000000005
6439,6439.5,148.46236203144383
6440,6440.5,486.65707715179866
6441,6441.5,773.4407101243667
6442,6442.5,971.8455391487911
6443,6443.5,1099.554210756759
6444,6444.5,1152.9343769194652
6445,6445.5,1126.0927370341376
6446,6446.5,856.8231505450643
6447,6447.5,49.26669895870377
6448,6448.5,2.622213746394737
6449,6449.5,173.8432886953544
6450,6450.5,-0.019089000000000005
6451,6451.5,-0.019089000000000005
6452,6452.5,-0.019089000000000005
6453,6453.5,-0.019089000000000005
6454,6454.5,-0.019089000000000005
6455,6455.5,-0.019089000000000005
6456,6456.5,-0.019089000000000005
6457,6457.5,-0.019089000000000005
6458,6458.5,-0.019089000000000005
6459,6459.5,-0.019089000000000005
6460,6460.5,-0.019089000000000005
6461,6461.5,-0.019089000000000005
6462,6462.5,-0.019089000000000005
6463,6463.5,6.705424064856421
6464,6464.5,118.14148082894286
6465,6465.5,200.19181041584943
6466,6466.5,427.97772624409004
6467,6467.5,513.0362352207856
6468,6468.5,891.5481842664329
6469,6469.5,766.6824281401633
6470,6470.5,198.63136238767993
6471,6471.5,542.42246139633
6472,6472.5,274.10309117466255
6473,6473.5,13.433691681192753
6474,6474.5,-0.019089000000000005
6475,6475.5,-0.019089000000000005
6476,6476.5,-0.019089000000000005
6477,6477.5,-0.019089000000000005
6478,6478.5,-0.019089000000000005
6479,6479.5,-0.019089000000000005
6480,6480.5,-0.019089000000000005
6481,6481.5,-0.019089000000000005
6482,6482.5,-0.019089000000000005
6483,6483.5,-0.019089000000000005
6484,6484.5,-0.019089000000000005
6485,6485.5,-0.019089000000000005
6486,6486.5,-0.019089000000000005
6487,6487.5,36.55107758310257
6488,6488.5,132.91364846009856
6489,6489.5,266.9411310172346
6490,6490.5,294.46149421148306
6491,6491.5,249.6119614788831
6492,6492.5,534.4929055296503
6493,6493.5,362.0681822400427
6494,6494.5,312.4779364178506
6495,6495.5,168.78449536063775
6496,6496.5,153.98795323625993
6497,6497.5,64.68353985358735
6498,6498.5,-0.019089000000000005
6499,6499.5,-0.019089000000000005
6500,6500.5,-0.019089000000000005
6501,6501.5,-0.019089000000000005
6502,6502.5,-0.019089000000000005
6503,6503.5,-0.019089000000000005
6504,6504.5,-0.019089000000000005
6505,6505.5,-0.019089000000000005
6506,6506.5,-0.019089000000000005
6507,6507.5,-0.019089000000000005
6508,6508.5,-0.019089000000000005
6509,6509.5,-0.019089000000000005
6510,6510.5,-0.019089000000000005
6511,6511.5,15.938681088257352
6512,6512.5,359.83489128139735
6513,6513.5,238.54185468540115
6514,6514.5,386.8629441978385
6515,6515.5,811.5377223855307
6516,6516.5,831.5475394777086
6517,6517.5,590.1799197247633
6518,6518.5,1069.2621914931783
6519,6519.5,865.2266303390037
6520,6520.5,590.2131581436489
6521,6521.5,238.61637137334225
6522,6522.5,-0.019089000000000005
6523,6523.5,-0.019089000000000005
6524,6524.5,-0.019089000000000005
6525,6525.5,-0.019089000000000005
6526,6526.5,-0.019089000000000005
6527,6527.5,-0.019089000000000005
6528,6528.5,-0.019089000000000005
6529,6529.5,-0.019089000000000005
6530,6530.5,-0.019089000000000005
6531,6531.5,-0.019089000000000005
6532,6532.5,-0.019089000000000005
6533,6533.5,-0.019089000000000005
6534,6534.5,-0.019089000000000005
6535,6535.5,147.03247939613513
6536,6536.5,498.2583781669299
6537,6537.5,800.7794353512193
6538,6538.5,1019.1358414309207
6539,6539.5,1152.9877169397541
6540,6540.5,1202.1533310075445
6541,6541.5,1167.3565584601836
6542,6542.5,1050.2021774338102
6543,6543.5,854.6210096261902
6544,6544.5,580.8926686309665
6545,6545.5,231.28137314047973
6546,6546.5,-0.019089000000000005
6547,6547.5,-0.019089000000000005
6548,6548.5,-0.019089000000000005
6549,6549.5,-0.019089000000000005
6550,6550.5,-0.019089000000000005
6551,6551.5,-0.019089000000000005
6552,6552.5,-0.019089000000000005
6553,6553.5,-0.019089000000000005
6554,6554.5,-0.019089000000000005
6555,6555.5,-0.019089000000000005
6556,6556.5,-0.019089000000000005
6557,6557.5,-0.019089000000000005
6558,6558.5,-0.019089000000000005
6559,6559.5,146.8837406084703
6560,6560.5,498.72996900778435
6561,6561.5,802.8422844850759
6562,6562.5,1032.4618628922321
6563,6563.5,1166.8828041552495
6564,6564.5,1222.733048570638
6565,6565.5,1186.7630259877599
6566,6566.5,342.7056184315465
6567,6567.5,857.9707410120693
6568,6568.5,579.1578750701331
6569,6569.5,223.00667117081696
6570,6570.5,-0.019089000000000005
6571,6571.5,-0.019089000000000005
6572,6572.5,-0.019089000000000005
6573,6573.5,-0.019089000000000005
6574,6574.5,-0.019089000000000005
6575,6575.5,-0.019089000000000005
6576,6576.5,-0.019089000000000005
6577,6577.5,-0.019089000000000005
6578,6578.5,-0.019089000000000005
6579,6579.5,-0.019089000000000005
6580,6580.5,-0.019089000000000005
6581,6581.5,-0.019089000000000005
6582,6582.5,-0.019089000000000005
6583,6583.5,160.05537007194928
6584,6584.5,526.0501330784666
6585,6585.5,824.575724635689
6586,6586.5,1027.780085036722
6587,6587.5,1148.7743584728178
6588,6588.5,1180.0307637199996
6589,6589.5,1137.6520163786909
6590,6590.5,1025.519678974376
6591,6591.5,832.6048468940281
6592,6592.5,564.212847213101
6593,6593.5,218.83831996424914
6594,6594.5,-0.019089000000000005
6595,6595.5,-0.019089000000000005
6596,6596.5,-0.019089000000000005
6597,6597.5,-0.019089000000000005
6598,6598.5,-0.019089000000000005
6599,6599.5,-0.019089000000000005
6600,6600.5,-0.019089000000000005
6601,6601.5,-0.019089000000000005
6602,6602.5,-0.019089000000000005
6603,6603.5,-0.019089000000000005
6604,6604.5,-0.019089000000000005
6605,6605.5,-0.019089000000000005
6606,6606.5,-0.019089000000000005
6607,6607.5,151.33462408568528
6608,6608.5,518.7958337540825
6609,6609.5,829.2521011574768
6610,6610.5,1042.9606760488678
6611,6611.5,1172.1306014067204
6612,6612.5,1214.7328206980778
6613,6613.5,1166.3916167721611
6614,6614.5,1041.395538825383
6615,6615.5,845.8439532795076
6616,6616.5,573.1761986015352
6617,6617.5,221.8924277342775
6618,6618.5,-0.019089000000000005
6619,6619.5,-0.019089000000000005
6620,6620.5,-0.019089000000000005
6621,6621.5,-0.019089000000000005
6622,6622.5,-0.019089000000000005
6623,6623.5,-0.019089000000000005
6624,6624.5,-0.019089000000000005
6625,6625.5,-0.019089000000000005
6626,6626.5,-0.019089000000000005
6627,6627.5,-0.019089000000000005
6628,6628.5,-0.019089000000000005
6629,6629.5,-0.019089000000000005
6630,6630.5,-0.019089000000000005
6631,6631.5,159.1480048962635
6632,6632.5,535.7117223784472
6633,6633.5,856.5377358247333
6634,6634.5,1089.3122337211246
6635,6635.5,1229.6724625534644
6636,6636.5,1248.08607
6637,6637.5,1215.4766324328111
6638,6638.5,1076.8769502052562
6639,6639.5,867.8912931292231
6640,6640.5,582.1758983460085
6641,6641.5,219.68818615784335
6642,6642.5,-0.019089000000000005
6643,6643.5,-0.019089000000000005
6644,6644.5,-0.019089000000000005
6645,6645.5,-0.019089000000000005
6646,6646.5,-0.019089000000000005
6647,6647.5,-0.019089000000000005
6648,6648.5,-0.019089000000000005
6649,6649.5,-0.019089000000000005
6650,6650.5,-0.019089000000000005
6651,6651.5,-0.019089000000000005
6652,6652.5,-0.019089000000000005
6653,6653.5,-0.019089000000000005
6654,6654.5,-0.019089000000000005
6655,6655.5,137.49324900804697
6656,6656.5,487.543460715867
6657,6657.5,269.6570154125893
6658,6658.5,407.7034802536475
6659,6659.5,714.7358937023397
6660,6660.5,1153.0661134788286
6661,6661.5,1115.4137787770042
6662,6662.5,997.0143737402936
6663,6663.5,811.1813364953472
6664,6664.5,545.7310455026083
6665,6665.5,200.24567010668622
6666,6666.5,-0.019089000000000005
6667,6667.5,-0.019089000000000005
6668,6668.5,-0.019089000000000005
6669,6669.5,-0.019089000000000005
6670,6670.5,-0.019089000000000005
6671,6671.5,-0.019089000000000005
6672,6672.5,-0.019089000000000005
6673,6673.5,-0.019089000000000005
6674,6674.5,-0.019089000000000005
6675,6675.5,-0.019089000000000005
6676,6676.5,-0.019089000000000005
6677,6677.5,-0.019089000000000005
6678,6678.5,-0.019089000000000005
6679,6679.5,63.258994805371586
6680,6680.5,215.75669306293796
6681,6681.5,464.87856026457365
6682,6682.5,439.24073875331385
6683,6683.5,364.1995135120544
6684,6684.5,293.66776832419765
6685,6685.5,601.9752034253839
6686,6686.5,593.03735274687
6687,6687.5,542.8014647030749
6688,6688.5,230.44227168385703
6689,6689.5,149.07016364905323
6690,6690.5,-0.019089000000000005
6691,6691.5,-0.019089000000000005
6692,6692.5,-0.019089000000000005
6693,6693.5,-0.019089000000000005
6694,6694.5,-0.019089000000000005
6695,6695.5,-0.019089000000000005
6696,6696.5,-0.019089000000000005
6697,6697.5,-0.019089000000000005
6698,6698.5,-0.019089000000000005
6699,6699.5,-0.019089000000000005
6700,6700.5,-0.019089000000000005
6701,6701.5,-0.019089000000000005
6702,6702.5,-0.019089000000000005
6703,6703.5,136.91484559174992
6704,6704.5,500.22140847664264
6705,6705.5,823.8167020585821
6706,6706.5,717.8837151717556
6707,6707.5,666.0618400524938
6708,6708.5,507.32834046444754
6709,6709.5,833.2226407627892
6710,6710.5,425.11878532950755
6711,6711.5,355.6314721173524
6712,6712.5,237.10974034579948
6713,6713.5,206.07454899977347
6714,6714.5,-0.019089000000000005
6715,6715.5,-0.019089000000000005
6716,6716.5,-0.019089000000000005
6717,6717.5,-0.019089000000000005
6718,6718.5,-0.019089000000000005
6719,6719.5,-0.019089000000000005
6720,6720.5,-0.019089000000000005
6721,6721.5,-0.019089000000000005
6722,6722.5,-0.019089000000000005
6723,6723.5,-0.019089000000000005
6724,6724.5,-0.019089000000000005
6725,6725.5,-0.019089000000000005
6726,6726.5,-0.019089000000000005
6727,6727.5,150.11005430656436
6728,6728.5,531.0165809440759
6729,6729.5,851.4996962538114
6730,6730.5,1076.3584932001572
6731,6731.5,1211.5785949344577
6732,6732.5,1248.08607
6733,6733.5,1216.2872984053945
6734,6734.5,1080.3627951285735
6735,6735.5,867.162038795544
6736,6736.5,570.126540765769
6737,6737.5,201.33410178527024
6738,6738.5,-0.019089000000000005
6739,6739.5,-0.019089000000000005
6740,6740.5,-0.019089000000000005
6741,6741.5,-0.019089000000000005
6742,6742.5,-0.019089000000000005
6743,6743.5,-0.019089000000000005
6744,6744.5,-0.019089000000000005
6745,6745.5,-0.019089000000000005
6746,6746.5,-0.019089000000000005
6747,6747.5,-0.019089000000000005
6748,6748.5,-0.019089000000000005
6749,6749.5,-0.019089000000000005
6750,6750.5,-0.019089000000000005
6751,6751.5,147.50937285460674
6752,6752.5,528.0488679738768
6753,6753.5,832.2291695112871
6754,6754.5,1038.8108663628732
6755,6755.5,1158.0085351010728
6756,6756.5,1206.8744997212923
6757,6757.5,1166.9580293003007
6758,6758.5,1039.574619287462
6759,6759.5,836.0905874441047
6760,6760.5,554.583678584129
6761,6761.5,197.8413158833382
6762,6762.5,-0.019089000000000005
6763,6763.5,-0.019089000000000005
6764,6764.5,-0.019089000000000005
6765,6765.5,-0.019089000000000005
6766,6766.5,-0.019089000000000005
6767,6767.5,-0.019089000000000005
6768,6768.5,-0.019089000000000005
6769,6769.5,-0.019089000000000005
6770,6770.5,-0.019089000000000005
6771,6771.5,-0.019089000000000005
6772,6772.5,-0.019089000000000005
6773,6773.5,-0.019089000000000005
6774,6774.5,-0.019089000000000005
6775,6775.5,139.18327276121192
6776,6776.5,510.3867318068322
6777,6777.5,357.7294557121222
6778,6778.5,422.42056008084404
6779,6779.5,368.88117143921426
6780,6780.5,553.2802397523301
6781,6781.5,469.64195143897973
6782,6782.5,1014.9425807524591
6783,6783.5,811.7844671296607
6784,6784.5,519.7021963565942
6785,6785.5,168.76294608453733
6786,6786.5,-0.019089000000000005
6787,6787.5,-0.019089000000000005
6788,6788.5,-0.019089000000000005
6789,6789.5,-0.019089000000000005
6790,6790.5,-0.019089000000000005
6791,6791.5,-0.019089000000000005
6792,6792.5,-0.019089000000000005
6793,6793.5,-0.019089000000000005
6794,6794.5,-0.019089000000000005
6795,6795.5,-0.019089000000000005
6796,6796.5,-0.019089000000000005
6797,6797.5,-0.019089000000000005
6798,6798.5,-0.019089000000000005
6799,6799.5,54.05021360613541
6800,6800.5,158.88952244889362
6801,6801.5,475.84594102019946
6802,6802.5,246.40181065622903
6803,6803.5,288.1512143804759
6804,6804.5,1140.5518238524319
6805,6805.5,1110.0748367558886
6806,6806.5,738.7669165676941
6807,6807.5,21.302683589488144
6808,6808.5,402.4844108959011
6809,6809.5,158.42782687953772
6810,6810.5,-0.019089000000000005
6811,6811.5,-0.019089000000000005
6812,6812.5,-0.019089000000000005
6813,6813.5,-0.019089000000000005
6814,6814.5,-0.019089000000000005
6815,6815.5,-0.019089000000000005
6816,6816.5,-0.019089000000000005
6817,6817.5,-0.019089000000000005
6818,6818.5,-0.019089000000000005
6819,6819.5,-0.019089000000000005
6820,6820.5,-0.019089000000000005
6821,6821.5,-0.019089000000000005
6822,6822.5,-0.019089000000000005
6823,6823.5,-0.019089000000000005
6824,6824.5,32.98860577639578
6825,6825.5,216.9455246526799
6826,6826.5,754.1736720819961
6827,6827.5,322.00828147512135
6828,6828.5,585.0628807427646
6829,6829.5,353.98581413598464
6830,6830.5,468.5541578244126
6831,6831.5,770.2298370671193
6832,6832.5,484.34762154158545
6833,6833.5,149.17516583069215
6834,6834.5,-0.019089000000000005
6835,6835.5,-0.019089000000000005
6836,6836.5,-0.019089000000000005
6837,6837.5,-0.019089000000000005
6838,6838.5,-0.019089000000000005
6839,6839.5,-0.019089000000000005
6840,6840.5,-0.019089000000000005
6841,6841.5,-0.019089000000000005
6842,6842.5,-0.019089000000000005
6843,6843.5,-0.019089000000000005
6844,6844.5,-0.019089000000000005
6845,6845.5,-0.019089000000000005
6846,6846.5,-0.019089000000000005
6847,6847.5,110.18904778732619
6848,6848.5,459.36868118703666
6849,6849.5,785.4534535204516
6850,6850.5,1021.3070740572551
6851,6851.5,1182.5386644393748
6852,6852.5,1248.08607
6853,6853.5,1221.1771697432969
6854,6854.5,1087.1160590750255
6855,6855.5,867.2203547711711
6856,6856.5,564.0933680141546
6857,6857.5,186.19920638702067
6858,6858.5,-0.019089000000000005
6859,6859.5,-0.019089000000000005
6860,6860.5,-0.019089000000000005
6861,6861.5,-0.019089000000000005
6862,6862.5,-0.019089000000000005
6863,6863.5,-0.019089000000000005
6864,6864.5,-0.019089000000000005
6865,6865.5,-0.019089000000000005
6866,6866.5,-0.019089000000000005
6867,6867.5,-0.019089000000000005
6868,6868.5,-0.019089000000000005
6869,6869.5,-0.019089000000000005
6870,6870.5,-0.019089000000000005
6871,6871.5,136.57256714307476
6872,6872.5,511.1226973859684
6873,6873.5,829.2623758310812
6874,6874.5,1043.592544578409
6875,6875.5,1171.5081660808935
6876,6876.5,1210.533393077759
6877,6877.5,1164.1119712576253
6878,6878.5,1025.414013498064
6879,6879.5,820.7867159594867
6880,6880.5,526.3679898110064
6881,6881.5,167.612721571764
6882,6882.5,-0.019089000000000005
6883,6883.5,-0.019089000000000005
6884,6884.5,-0.019089000000000005
6885,6885.5,-0.019089000000000005
6886,6886.5,-0.019089000000000005
6887,6887.5,-0.019089000000000005
6888,6888.5,-0.019089000000000005
6889,6889.5,-0.019089000000000005
6890,6890.5,-0.019089000000000005
6891,6891.5,-0.019089000000000005
6892,6892.5,-0.019089000000000005
6893,6893.5,-0.019089000000000005
6894,6894.5,-0.019089000000000005
6895,6895.5,92.21693462679013
6896,6896.5,485.6501754484737
6897,6897.5,821.9283630905471
6898,6898.5,1039.419096922828
6899,6899.5,1176.7193457083067
6900,6900.5,1148.0186980532387
6901,6901.5,1181.8148649383406
6902,6902.5,1048.473988885538
6903,6903.5,837.623983140551
6904,6904.5,529.9175346140953
6905,6905.5,163.4902367918408
6906,6906.5,-0.019089000000000005
6907,6907.5,-0.019089000000000005
6908,6908.5,-0.019089000000000005
6909,6909.5,-0.019089000000000005
6910,6910.5,-0.019089000000000005
6911,6911.5,-0.019089000000000005
6912,6912.5,-0.019089000000000005
6913,6913.5,-0.019089000000000005
6914,6914.5,-0.019089000000000005
6915,6915.5,-0.019089000000000005
6916,6916.5,-0.019089000000000005
6917,6917.5,-0.019089000000000005
6918,6918.5,-0.019089000000000005
6919,6919.5,100.90149307177923
6920,6920.5,494.7576467521476
6921,6921.5,813.0377589406866
6922,6922.5,1036.9272776829205
6923,6923.5,1173.2697725796531
6924,6924.5,1225.86374274685
6925,6925.5,1182.1375953414122
6926,6926.5,1046.1046468414388
6927,6927.5,834.4905639331951
6928,6928.5,540.4502121500486
6929,6929.5,169.92086709962695
6930,6930.5,-0.019089000000000005
6931,6931.5,-0.019089000000000005
6932,6932.5,-0.019089000000000005
6933,6933.5,-0.019089000000000005
6934,6934.5,-0.019089000000000005
6935,6935.5,-0.019089000000000005
6936,6936.5,-0.019089000000000005
6937,6937.5,-0.019089000000000005
6938,6938.5,-0.019089000000000005
6939,6939.5,-0.019089000000000005
6940,6940.5,-0.019089000000000005
6941,6941.5,-0.019089000000000005
6942,6942.5,-0.019089000000000005
6943,6943.5,132.97594771317952
6944,6944.5,510.411506555834
6945,6945.5,819.6341554440015
6946,6946.5,1041.3816858977134
6947,6947.5,1176.6797440659402
6948,6948.5,1219.7156854853522
6949,6949.5,1171.7028859447616
6950,6950.5,1036.1075823980925
6951,6951.5,825.6503082746121
6952,6952.5,532.7149601252107
6953,6953.5,163.52489707506749
6954,6954.5,-0.019089000000000005
6955,6955.5,-0.019089000000000005
6956,6956.5,-0.019089000000000005
6957,6957.5,-0.019089000000000005
6958,6958.5,-0.019089000000000005
6959,6959.5,-0.019089000000000005
6960,6960.5,-0.019089000000000005
6961,6961.5,-0.019089000000000005
6962,6962.5,-0.019089000000000005
6963,6963.5,-0.019089000000000005
6964,6964.5,-0.019089000000000005
6965,6965.5,-0.019089000000000005
6966,6966.5,-0.019089000000000005
6967,6967.5,138.86052372469248
6968,6968.5,533.3438492601092
6969,6969.5,850.2479909657796
6970,6970.5,1065.749434586566
6971,6971.5,1189.3533620925366
6972,6972.5,1215.83840134069
6973,6973.5,1156.21443623404
6974,6974.5,1021.1459242141079
6975,6975.5,808.2991400835225
6976,6976.5,521.5821877130272
6977,6977.5,158.4275827878469
6978,6978.5,-0.019089000000000005
6979,6979.5,-0.019089000000000005
6980,6980.5,-0.019089000000000005
6981,6981.5,-0.019089000000000005
6982,6982.5,-0.019089000000000005
6983,6983.5,-0.019089000000000005
6984,6984.5,-0.019089000000000005
6985,6985.5,-0.019089000000000005
6986,6986.5,-0.019089000000000005
6987,6987.5,-0.019089000000000005
6988,6988.5,-0.019089000000000005
6989,6989.5,-0.019089000000000005
6990,6990.5,-0.019089000000000005
6991,6991.5,124.15570175532143
6992,6992.5,499.453441138856
6993,6993.5,816.2589210317001
6994,6994.5,1035.127849840163
6995,6995.5,1170.199816553778
6996,6996.5,1211.5590279129892
6997,6997.5,1163.840740425198
6998,6998.5,1030.0531004038808
6999,6999.5,818.1754474795542
7000,7000.5,513.5755692937284
7001,7001.5,150.77477544930414
7002,7002.5,-0.019089000000000005
7003,7003.5,-0.019089000000000005
7004,7004.5,-0.019089000000000005
7005,7005.5,-0.019089000000000005
7006,7006.5,-0.019089000000000005
7007,7007.5,-0.019089000000000005
7008,7008.5,-0.019089000000000005
7009,7009.5,-0.019089000000000005
7010,7010.5,-0.019089000000000005
7011,7011.5,-0.019089000000000005
7012,7012.5,-0.019089000000000005
7013,7013.5,-0.019089000000000005
7014,7014.5,-0.019089000000000005
7015,7015.5,138.16109879519766
7016,7016.5,532.1989133860468
7017,7017.5,846.4853239938601
7018,7018.5,1053.3019074242338
7019,7019.5,959.0681896002937
7020,7020.5,1214.0907749389087
7021,7021.5,1164.2692403069739
7022,7022.5,633.5126625848338
7023,7023.5,756.4596111696769
7024,7024.5,514.0714951369812
7025,7025.5,147.32072062579186
7026,7026.5,-0.019089000000000005
7027,7027.5,-0.019089000000000005
7028,7028.5,-0.019089000000000005
7029,7029.5,-0.019089000000000005
7030,7030.5,-0.019089000000000005
7031,7031.5,-0.019089000000000005
7032,7032.5,-0.019089000000000005
7033,7033.5,-0.019089000000000005
7034,7034.5,-0.019089000000000005
7035,7035.5,-0.019089000000000005
7036,7036.5,-0.019089000000000005
7037,7037.5,-0.019089000000000005
7038,7038.5,-0.019089000000000005
7039,7039.5,116.61766412343366
7040,7040.5,492.65912404871216
7041,7041.5,800.042927249848
7042,7042.5,1014.5305022333174
7043,7043.5,1144.8063610166973
7044,7044.5,1185.6612834119455
7045,7045.5,1143.5584762459985
7046,7046.5,1011.6721442331288
7047,7047.5,794.9108450680492
7048,7048.5,498.1559243975747
7049,7049.5,137.91700842313952
7050,7050.5,-0.019089000000000005
7051,7051.5,-0.019089000000000005
7052,7052.5,-0.019089000000000005
7053,7053.5,-0.019089000000000005
7054,7054.5,-0.019089000000000005
7055,7055.5,-0.019089000000000005
7056,7056.5,-0.019089000000000005
7057,7057.5,-0.019089000000000005
7058,7058.5,-0.019089000000000005
7059,7059.5,-0.019089000000000005
7060,7060.5,-0.019089000000000005
7061,7061.5,-0.019089000000000005
7062,7062.5,-0.019089000000000005
7063,7063.5,101.71733013765443
7064,7064.5,458.2912954507677
7065,7065.5,765.6011734326481
7066,7066.5,977.2460207349116
7067,7067.5,1107.2428543458059
7068,7068.5,1157.535031523708
7069,7069.5,1121.321670165604
7070,7070.5,990.8853073727809
7071,7071.5,785.9674888237847
7072,7072.5,492.5558015413047
7073,7073.5,131.33853790800023
7074,7074.5,-0.019089000000000005
7075,7075.5,-0.019089000000000005
7076,7076.5,-0.019089000000000005
7077,7077.5,-0.019089000000000005
7078,7078.5,-0.019089000000000005
7079,7079.5,-0.019089000000000005
7080,7080.5,-0.019089000000000005
7081,7081.5,-0.019089000000000005
7082,7082.5,-0.019089000000000005
7083,7083.5,-0.019089000000000005
7084,7084.5,-0.019089000000000005
7085,7085.5,-0.019089000000000005
7086,7086.5,-0.019089000000000005
7087,7087.5,105.08983924566368
7088,7088.5,472.59551420837084
7089,7089.5,786.0909912974383
7090,7090.5,993.1870103929891
7091,7091.5,1120.908593415401
7092,7092.5,1157.5069302258578
7093,7093.5,1114.2066233488217
7094,7094.5,989.7155454758301
7095,7095.5,784.9666193576269
7096,7096.5,491.61340660796765
7097,7097.5,129.58239461850417
7098,7098.5,-0.019089000000000005
7099,7099.5,-0.019089000000000005
7100,7100.5,-0.019089000000000005
7101,7101.5,-0.019089000000000005
7102,7102.5,-0.019089000000000005
7103,7103.5,-0.019089000000000005
7104,7104.5,-0.019089000000000005
7105,7105.5,-0.019089000000000005
7106,7106.5,-0.019089000000000005
7107,7107.5,-0.019089000000000005
7108,7108.5,-0.019089000000000005
7109,7109.5,-0.019089000000000005
7110,7110.5,-0.019089000000000005
7111,7111.5,91.67702401413278
7112,7112.5,450.40905478071846
7113,7113.5,577.8708822256401
7114,7114.5,559.3114648181028
7115,7115.5,895.3224282331556
7116,7116.5,786.5515752526148
7117,7117.5,887.0565077689018
7118,7118.5,678.6182892399579
7119,7119.5,704.5008929785294
7120,7120.5,446.8652031068797
7121,7121.5,102.84870732930713
7122,7122.5,-0.019089000000000005
7123,7123.5,-0.019089000000000005
7124,7124.5,-0.019089000000000005
7125,7125.5,-0.019089000000000005
7126,7126.5,-0.019089000000000005
7127,7127.5,-0.019089000000000005
7128,7128.5,-0.019089000000000005
7129,7129.5,-0.019089000000000005
7130,7130.5,-0.019089000000000005
7131,7131.5,-0.019089000000000005
7132,7132.5,-0.019089000000000005
7133,7133.5,-0.019089000000000005
7134,7134.5,-0.019089000000000005
7135,7135.5,108.40923529737256
7136,7136.5,500.69255986984564
7137,7137.5,836.1455875447072
7138,7138.5,1060.9945485654357
7139,7139.5,1199.6374521257803
7140,7140.5,1242.6163915933105
7141,7141.5,1187.9852226057549
7142,7142.5,1045.6970285793525
7143,7143.5,827.3663318534434
7144,7144.5,508.165590656704
7145,7145.5,126.17644280188283
7146,7146.5,-0.019089000000000005
7147,7147.5,-0.019089000000000005
7148,7148.5,-0.019089000000000005
7149,7149.5,-0.019089000000000005
7150,7150.5,-0.019089000000000005
7151,7151.5,-0.019089000000000005
7152,7152.5,-0.019089000000000005
7153,7153.5,-0.019089000000000005
7154,7154.5,-0.019089000000000005
7155,7155.5,-0.019089000000000005
7156,7156.5,-0.019089000000000005
7157,7157.5,-0.019089000000000005
7158,7158.5,-0.019089000000000005
7159,7159.5,103.5823995229441
7160,7160.5,499.9199594226117
7161,7161.5,844.3278007091259
7162,7162.5,1078.1148472900525
7163,7163.5,1218.4928785893005
7164,7164.5,1248.08607
7165,7165.5,1218.3281921881332
7166,7166.5,1072.9216696512922
7167,7167.5,848.0097352266254
7168,7168.5,514.1520141200416
7169,7169.5,121.70679833003409
7170,7170.5,-0.019089000000000005
7171,7171.5,-0.019089000000000005
7172,7172.5,-0.019089000000000005
7173,7173.5,-0.019089000000000005
7174,7174.5,-0.019089000000000005
7175,7175.5,-0.019089000000000005
7176,7176.5,-0.019089000000000005
7177,7177.5,-0.019089000000000005
7178,7178.5,-0.019089000000000005
7179,7179.5,-0.019089000000000005
7180,7180.5,-0.019089000000000005
7181,7181.5,-0.019089000000000005
7182,7182.5,-0.019089000000000005
7183,7183.5,105.7525327921511
7184,7184.5,511.4515984498671
7185,7185.5,840.7801548695737
7186,7186.5,1059.0107441669925
7187,7187.5,1175.2275474792243
7188,7188.5,1220.2898097326974
7189,7189.5,1182.581105789944
7190,7190.5,1052.5516360541078
7191,7191.5,829.5768167253627
7192,7192.5,511.4656324998408
7193,7193.5,122.08801542340514
7194,7194.5,-0.019089000000000005
7195,7195.5,-0.019089000000000005
7196,7196.5,-0.019089000000000005
7197,7197.5,-0.019089000000000005
7198,7198.5,-0.019089000000000005
7199,7199.5,-0.019089000000000005
7200,7200.5,-0.019089000000000005
7201,7201.5,-0.019089000000000005
7202,7202.5,-0.019089000000000005
7203,7203.5,-0.019089000000000005
7204,7204.5,-0.019089000000000005
7205,7205.5,-0.019089000000000005
7206,7206.5,-0.019089000000000005
7207,7207.5,95.78126261431008
7208,7208.5,378.34638711494244
7209,7209.5,581.3592332657057
7210,7210.5,1025.3707086253683
7211,7211.5,1158.5461943718399
7212,7212.5,1062.3335838675587
7213,7213.5,1150.5641299303709
7214,7214.5,1009.2586792536107
7215,7215.5,794.5653651354091
7216,7216.5,467.36029101869747
7217,7217.5,109.38414169741226
7218,7218.5,-0.019089000000000005
7219,7219.5,-0.019089000000000005
7220,7220.5,-0.019089000000000005
7221,7221.5,-0.019089000000000005
7222,7222.5,-0.019089000000000005
7223,7223.5,-0.019089000000000005
7224,7224.5,-0.019089000000000005
7225,7225.5,-0.019089000000000005
7226,7226.5,-0.019089000000000005
7227,7227.5,-0.019089000000000005
7228,7228.5,-0.019089000000000005
7229,7229.5,-0.019089000000000005
7230,7230.5,-0.019089000000000005
7231,7231.5,88.28567213667554
7232,7232.5,476.5377898766875
7233,7233.5,806.5626231391228
7234,7234.5,1031.7151921806364
7235,7235.5,1159.9902138888367
7236,7236.5,1204.9831497777159
7237,7237.5,1152.7705194497291
7238,7238.5,1008.4941518913656
7239,7239.5,793.6692841445474
7240,7240.5,477.8399839704496
7241,7241.5,106.65266135390605
7242,7242.5,-0.019089000000000005
7243,7243.5,-0.019089000000000005
7244,7244.5,-0.019089000000000005
7245,7245.5,-0.019089000000000005
7246,7246.5,-0.019089000000000005
7247,7247.5,-0.019089000000000005
7248,7248.5,-0.019089000000000005
7249,7249.5,-0.019089000000000005
7250,7250.5,-0.019089000000000005
7251,7251.5,-0.019089000000000005
7252,7252.5,-0.019089000000000005
7253,7253.5,-0.019089000000000005
7254,7254.5,-0.019089000000000005
7255,7255.5,85.63420236613393
7256,7256.5,476.55016182324295
7257,7257.5,787.2736083533428
7258,7258.5,998.1727470236095
7259,7259.5,1128.3766723839578
7260,7260.5,1163.3466850366435
7261,7261.5,1112.602950986911
7262,7262.5,980.5072407687476
7263,7263.5,773.5917252464261
7264,7264.5,468.93510631691316
7265,7265.5,99.95375737295365
7266,7266.5,-0.019089000000000005
7267,7267.5,-0.019089000000000005
7268,7268.5,-0.019089000000000005
7269,7269.5,-0.019089000000000005
7270,7270.5,-0.019089000000000005
7271,7271.5,-0.019089000000000005
7272,7272.5,-0.019089000000000005
7273,7273.5,-0.019089000000000005
7274,7274.5,-0.019089000000000005
7275,7275.5,-0.019089000000000005
7276,7276.5,-0.019089000000000005
7277,7277.5,-0.019089000000000005
7278,7278.5,-0.019089000000000005
7279,7279.5,78.5055269260173
7280,7280.5,463.33729760335757
7281,7281.5,765.1804266063027
7282,7282.5,960.6958944569698
7283,7283.5,1098.3821989583562
7284,7284.5,1149.1489752176487
7285,7285.5,1110.3361950002559
7286,7286.5,982.5830398305512
7287,7287.5,772.5003511067433
7288,7288.5,467.8293053214521
7289,7289.5,97.20031260556652
7290,7290.5,-0.019089000000000005
7291,7291.5,-0.019089000000000005
7292,7292.5,-0.019089000000000005
7293,7293.5,-0.019089000000000005
7294,7294.5,-0.019089000000000005
7295,7295.5,-0.019089000000000005
7296,7296.5,-0.019089000000000005
7297,7297.5,-0.019089000000000005
7298,7298.5,-0.019089000000000005
7299,7299.5,-0.019089000000000005
7300,7300.5,-0.019089000000000005
7301,7301.5,-0.019089000000000005
7302,7302.5,-0.019089000000000005
7303,7303.5,70.43824041633935
7304,7304.5,451.7439415119425
7305,7305.5,771.1529077715624
7306,7306.5,986.8580113060763
7307,7307.5,1115.5341057331907
7308,7308.5,1160.877664124183
7309,7309.5,1115.8613175082628
7310,7310.5,983.7297487078605
7311,7311.5,768.2027072254033
7312,7312.5,456.46854782245305
7313,7313.5,86.68966572256747
7314,7314.5,-0.019089000000000005
7315,7315.5,-0.019089000000000005
7316,7316.5,-0.019089000000000005
7317,7317.5,-0.019089000000000005
7318,7318.5,-0.019089000000000005
7319,7319.5,-0.019089000000000005
7320,7320.5,-0.019089000000000005
7321,7321.5,-0.019089000000000005
7322,7322.5,-0.019089000000000005
7323,7323.5,-0.019089000000000005
7324,7324.5,-0.019089000000000005
7325,7325.5,-0.019089000000000005
7326,7326.5,-0.019089000000000005
7327,7327.5,58.60541312509201
7328,7328.5,435.718695231778
7329,7329.5,761.6122185552224
7330,7330.5,985.3966444013837
7331,7331.5,1107.5395850818782
7332,7332.5,1152.391857442042
7333,7333.5,1104.8880956411376
7334,7334.5,973.3745986755182
7335,7335.5,760.5514087035348
7336,7336.5,449.8122972357097
7337,7337.5,81.47285653743218
7338,7338.5,-0.019089000000000005
7339,7339.5,-0.019089000000000005
7340,7340.5,-0.019089000000000005
7341,7341.5,-0.019089000000000005
7342,7342.5,-0.019089000000000005
7343,7343.5,-0.019089000000000005
7344,7344.5,-0.019089000000000005
7345,7345.5,-0.019089000000000005
7346,7346.5,-0.019089000000000005
7347,7347.5,-0.019089000000000005
7348,7348.5,-0.019089000000000005
7349,7349.5,-0.019089000000000005
7350,7350.5,-0.019089000000000005
7351,7351.5,20.11596822653249
7352,7352.5,302.93781886203783
7353,7353.5,627.7062440585938
7354,7354.5,759.2011703977253
7355,7355.5,965.7371356590917
7356,7356.5,792.2669816943322
7357,7357.5,607.958250007282
7358,7358.5,325.92589894614025
7359,7359.5,310.00114795935116
7360,7360.5,90.79252648298859
7361,7361.5,9.82109467583443
7362,7362.5,-0.019089000000000005
7363,7363.5,-0.019089000000000005
7364,7364.5,-0.019089000000000005
7365,7365.5,-0.019089000000000005
7366,7366.5,-0.019089000000000005
7367,7367.5,-0.019089000000000005
7368,7368.5,-0.019089000000000005
7369,7369.5,-0.019089000000000005
7370,7370.5,-0.019089000000000005
7371,7371.5,-0.019089000000000005
7372,7372.5,-0.019089000000000005
7373,7373.5,-0.019089000000000005
7374,7374.5,-0.019089000000000005
7375,7375.5,56.663000318239405
7376,7376.5,430.4044392814816
7377,7377.5,736.4635956070474
7378,7378.5,949.0304366119333
7379,7379.5,1078.9506955208067
7380,7380.5,1132.1446748355572
7381,7381.5,1091.3620199233753
7382,7382.5,960.1131048190174
7383,7383.5,745.8753637960623
7384,7384.5,433.60059328762384
7385,7385.5,65.86404298582542
7386,7386.5,-0.019089000000000005
7387,7387.5,-0.019089000000000005
7388,7388.5,-0.019089000000000005
7389,7389.5,-0.019089000000000005
7390,7390.5,-0.019089000000000005
7391,7391.5,-0.019089000000000005
7392,7392.5,-0.019089000000000005
7393,7393.5,-0.019089000000000005
7394,7394.5,-0.019089000000000005
7395,7395.5,-0.019089000000000005
7396,7396.5,-0.019089000000000005
7397,7397.5,-0.019089000000000005
7398,7398.5,-0.019089000000000005
7399,7399.5,59.0692663385817
7400,7400.5,451.14308480039375
7401,7401.5,789.6047309810034
7402,7402.5,1013.499076771595
7403,7403.5,1144.5228611928387
7404,7404.5,1183.4463836545792
7405,7405.5,1124.8266471489337
7406,7406.5,979.4794272362456
7407,7407.5,759.390217319171
7408,7408.5,409.6313271099765
7409,7409.5,63.62745452574597
7410,7410.5,-0.019089000000000005
7411,7411.5,-0.019089000000000005
7412,7412.5,-0.019089000000000005
7413,7413.5,-0.019089000000000005
7414,7414.5,-0.019089000000000005
7415,7415.5,-0.019089000000000005
7416,7416.5,-0.019089000000000005
7417,7417.5,-0.019089000000000005
7418,7418.5,-0.019089000000000005
7419,7419.5,-0.019089000000000005
7420,7420.5,-0.019089000000000005
7421,7421.5,-0.019089000000000005
7422,7422.5,-0.019089000000000005
7423,7423.5,57.59149836748794
7424,7424.5,440.24207705614106
7425,7425.5,763.0655598308352
7426,7426.5,971.4443142327874
7427,7427.5,1086.3156395942278
7428,7428.5,1102.1139199074119
7429,7429.5,1040.0098868154298
7430,7430.5,919.0531921215476
7431,7431.5,723.7163567614335
7432,7432.5,429.65866486743784
7433,7433.5,64.3472081705078
7434,7434.5,-0.019089000000000005
7435,7435.5,-0.019089000000000005
7436,7436.5,-0.019089000000000005
7437,7437.5,-0.019089000000000005
7438,7438.5,-0.019089000000000005
7439,7439.5,-0.019089000000000005
7440,7440.5,-0.019089000000000005
7441,7441.5,-0.019089000000000005
7442,7442.5,-0.019089000000000005
7443,7443.5,-0.019089000000000005
7444,7444.5,-0.019089000000000005
7445,7445.5,-0.019089000000000005
7446,7446.5,-0.019089000000000005
7447,7447.5,51.18088905619166
7448,7448.5,430.42359505693315
7449,7449.5,755.1831561033499
7450,7450.5,975.9471149908925
7451,7451.5,1110.5938371138445
7452,7452.5,1160.6465468044632
7453,7453.5,1110.4014325786084
7454,7454.5,968.7992718909819
7455,7455.5,752.588603799633
7456,7456.5,438.3835190021108
7457,7457.5,64.85439612933894
7458,7458.5,-0.019089000000000005
7459,7459.5,-0.019089000000000005
7460,7460.5,-0.019089000000000005
7461,7461.5,-0.019089000000000005
7462,7462.5,-0.019089000000000005
7463,7463.5,-0.019089000000000005
7464,7464.5,-0.019089000000000005
7465,7465.5,-0.019089000000000005
7466,7466.5,-0.019089000000000005
7467,7467.5,-0.019089000000000005
7468,7468.5,-0.019089000000000005
7469,7469.5,-0.019089000000000005
7470,7470.5,-0.019089000000000005
7471,7471.5,13.00267977453869
7472,7472.5,338.7804891322086
7473,7473.5,618.1493190515558
7474,7474.5,972.4389589588305
7475,7475.5,1097.8295446373031
7476,7476.5,1023.8149884051271
7477,7477.5,959.4752249809641
7478,7478.5,947.2377447441901
7479,7479.5,579.6304774824829
7480,7480.5,417.7134202747377
7481,7481.5,55.054061307521685
7482,7482.5,-0.019089000000000005
7483,7483.5,-0.019089000000000005
7484,7484.5,-0.019089000000000005
7485,7485.5,-0.019089000000000005
7486,7486.5,-0.019089000000000005
7487,7487.5,-0.019089000000000005
7488,7488.5,-0.019089000000000005
7489,7489.5,-0.019089000000000005
7490,7490.5,-0.019089000000000005
7491,7491.5,-0.019089000000000005
7492,7492.5,-0.019089000000000005
7493,7493.5,-0.019089000000000005
7494,7494.5,-0.019089000000000005
7495,7495.5,42.48025355752757
7496,7496.5,415.3340866636129
7497,7497.5,743.3929275657396
7498,7498.5,954.6713993347746
7499,7499.5,1082.7409016087606
7500,7500.5,1132.2334382962983
7501,7501.5,1085.072821222705
7502,7502.5,949.2343873862081
7503,7503.5,730.4548906761651
7504,7504.5,419.2327951381199
7505,7505.5,57.09911287952208
7506,7506.5,-0.019089000000000005
7507,7507.5,-0.019089000000000005
7508,7508.5,-0.019089000000000005
7509,7509.5,-0.019089000000000005
7510,7510.5,-0.019089000000000005
7511,7511.5,-0.019089000000000005
7512,7512.5,-0.019089000000000005
7513,7513.5,-0.019089000000000005
7514,7514.5,-0.019089000000000005
7515,7515.5,-0.019089000000000005
7516,7516.5,-0.019089000000000005
7517,7517.5,-0.019089000000000005
7518,7518.5,-0.019089000000000005
7519,7519.5,16.678519192381877
7520,7520.5,271.1522478510147
7521,7521.5,725.9900076270535
7522,7522.5,959.6663877305552
7523,7523.5,1091.831617390624
7524,7524.5,1137.2518216964595
7525,7525.5,1087.1025376197374
7526,7526.5,809.2211542225456
7527,7527.5,702.0770084830855
7528,7528.5,202.1205521032744
7529,7529.5,12.647848966145828
7530,7530.5,-0.019089000000000005
7531,7531.5,-0.019089000000000005
7532,7532.5,-0.019089000000000005
7533,7533.5,-0.019089000000000005
7534,7534.5,-0.019089000000000005
7535,7535.5,-0.019089000000000005
7536,7536.5,-0.019089000000000005
7537,7537.5,-0.019089000000000005
7538,7538.5,-0.019089000000000005
7539,7539.5,-0.019089000000000005
7540,7540.5,-0.019089000000000005
7541,7541.5,-0.019089000000000005
7542,7542.5,-0.019089000000000005
7543,7543.5,43.71687205925015
7544,7544.5,455.4250324504897
7545,7545.5,806.9154888972407
7546,7546.5,1056.2154349104214
7547,7547.5,1209.627343366386
7548,7548.5,1248.08607
7549,7549.5,1221.4483357186484
7550,7550.5,1080.9121650233403
7551,7551.5,842.4434738455844
7552,7552.5,491.6885734917833
7553,7553.5,67.51769371249614
7554,7554.5,-0.019089000000000005
7555,7555.5,-0.019089000000000005
7556,7556.5,-0.019089000000000005
7557,7557.5,-0.019089000000000005
7558,7558.5,-0.019089000000000005
7559,7559.5,-0.019089000000000005
7560,7560.5,-0.019089000000000005
7561,7561.5,-0.019089000000000005
7562,7562.5,-0.019089000000000005
7563,7563.5,-0.019089000000000005
7564,7564.5,-0.019089000000000005
7565,7565.5,-0.019089000000000005
7566,7566.5,-0.019089000000000005
7567,7567.5,44.51080184360957
7568,7568.5,459.11467193053073
7569,7569.5,798.118188105267
7570,7570.5,1013.7286912406206
7571,7571.5,1135.342402754003
7572,7572.5,1174.451449566905
7573,7573.5,1138.2579178337262
7574,7574.5,1009.2489279232826
7575,7575.5,792.2593386481843
7576,7576.5,460.026048017821
7577,7577.5,60.659908724206055
7578,7578.5,-0.019089000000000005
7579,7579.5,-0.019089000000000005
7580,7580.5,-0.019089000000000005
7581,7581.5,-0.019089000000000005
7582,7582.5,-0.019089000000000005
7583,7583.5,-0.019089000000000005
7584,7584.5,-0.019089000000000005
7585,7585.5,-0.019089000000000005
7586,7586.5,-0.019089000000000005
7587,7587.5,-0.019089000000000005
7588,7588.5,-0.019089000000000005
7589,7589.5,-0.019089000000000005
7590,7590.5,-0.019089000000000005
7591,7591.5,31.823853587950897
7592,7592.5,422.4265020494167
7593,7593.5,774.2483607354566
7594,7594.5,1011.6203497303921
7595,7595.5,1143.7634286571638
7596,7596.5,1193.6406613757715
7597,7597.5,1142.24734155848
7598,7598.5,1002.3682592451302
7599,7599.5,769.4717415981067
7600,7600.5,433.93292792921784
7601,7601.5,46.518771986281656
7602,7602.5,-0.019089000000000005
7603,7603.5,-0.019089000000000005
7604,7604.5,-0.019089000000000005
7605,7605.5,-0.019089000000000005
7606,7606.5,-0.019089000000000005
7607,7607.5,-0.019089000000000005
7608,7608.5,-0.019089000000000005
7609,7609.5,-0.019089000000000005
7610,7610.5,-0.019089000000000005
7611,7611.5,-0.019089000000000005
7612,7612.5,-0.019089000000000005
7613,7613.5,-0.019089000000000005
7614,7614.5,-0.019089000000000005
7615,7615.5,27.79150811073485
7616,7616.5,421.44579561876975
7617,7617.5,766.1452665875431
7618,7618.5,984.2292990939343
7619,7619.5,1121.9698598352927
7620,7620.5,1177.191029297474
7621,7621.5,1135.7004441611123
7622,7622.5,998.8877814240736
7623,7623.5,781.148425746811
7624,7624.5,447.5469750240913
7625,7625.5,54.5487402034196
7626,7626.5,-0.019089000000000005
7627,7627.5,-0.019089000000000005
7628,7628.5,-0.019089000000000005
7629,7629.5,-0.019089000000000005
7630,7630.5,-0.019089000000000005
7631,7631.5,-0.019089000000000005
7632,7632.5,-0.019089000000000005
7633,7633.5,-0.019089000000000005
7634,7634.5,-0.019089000000000005
7635,7635.5,-0.019089000000000005
7636,7636.5,-0.019089000000000005
7637,7637.5,-0.019089000000000005
7638,7638.5,-0.019089000000000005
7639,7639.5,5.6457039410053875
7640,7640.5,371.7953997128492
7641,7641.5,735.3701392614893
7642,7642.5,960.4277424667835
7643,7643.5,1081.8887555049134
7644,7644.5,1105.5771821963926
7645,7645.5,1043.8782358557175
7646,7646.5,928.2372948458961
7647,7647.5,380.91301890464996
7648,7648.5,162.91617694172496
7649,7649.5,9.032642804197225
7650,7650.5,-0.019089000000000005
7651,7651.5,-0.019089000000000005
7652,7652.5,-0.019089000000000005
7653,7653.5,-0.019089000000000005
7654,7654.5,-0.019089000000000005
7655,7655.5,-0.019089000000000005
7656,7656.5,-0.019089000000000005
7657,7657.5,-0.019089000000000005
7658,7658.5,-0.019089000000000005
7659,7659.5,-0.019089000000000005
7660,7660.5,-0.019089000000000005
7661,7661.5,-0.019089000000000005
7662,7662.5,-0.019089000000000005
7663,7663.5,1.9059484667287165
7664,7664.5,101.17595974060137
7665,7665.5,686.3730086043477
7666,7666.5,917.0826592141761
7667,7667.5,1050.1092657315842
7668,7668.5,1114.537655009724
7669,7669.5,1068.8713925835586
7670,7670.5,928.3789736197192
7671,7671.5,572.9253076138228
7672,7672.5,311.1282518380901
7673,7673.5,13.801388574904546
7674,7674.5,-0.019089000000000005
7675,7675.5,-0.019089000000000005
7676,7676.5,-0.019089000000000005
7677,7677.5,-0.019089000000000005
7678,7678.5,-0.019089000000000005
7679,7679.5,-0.019089000000000005
7680,7680.5,-0.019089000000000005
7681,7681.5,-0.019089000000000005
7682,7682.5,-0.019089000000000005
7683,7683.5,-0.019089000000000005
7684,7684.5,-0.019089000000000005
7685,7685.5,-0.019089000000000005
7686,7686.5,-0.019089000000000005
7687,7687.5,-0.019089000000000005
7688,7688.5,52.24820409082965
7689,7689.5,280.403246915007
7690,7690.5,914.707545882251
7691,7691.5,1054.7190730000452
7692,7692.5,1118.6028395919823
7693,7693.5,1069.0259072889694
7694,7694.5,928.1627658278054
7695,7695.5,704.3800411246708
7696,7696.5,218.85840933377006
7697,7697.5,8.984527154947088
7698,7698.5,-0.019089000000000005
7699,7699.5,-0.019089000000000005
7700,7700.5,-0.019089000000000005
7701,7701.5,-0.019089000000000005
7702,7702.5,-0.019089000000000005
7703,7703.5,-0.019089000000000005
7704,7704.5,-0.019089000000000005
7705,7705.5,-0.019089000000000005
7706,7706.5,-0.019089000000000005
7707,7707.5,-0.019089000000000005
7708,7708.5,-0.019089000000000005
7709,7709.5,-0.019089000000000005
7710,7710.5,-0.019089000000000005
7711,7711.5,-0.019089000000000005
7712,7712.5,69.73535836660659
7713,7713.5,303.7091953063808
7714,7714.5,594.4102377560937
7715,7715.5,455.1296153976851
7716,7716.5,280.00551386648357
7717,7717.5,207.80930541382332
7718,7718.5,49.49691854010991
7719,7719.5,373.067739551629
7720,7720.5,86.75061320166184
7721,7721.5,2.482460461370301
7722,7722.5,-0.019089000000000005
7723,7723.5,-0.019089000000000005
7724,7724.5,-0.019089000000000005
7725,7725.5,-0.019089000000000005
7726,7726.5,-0.019089000000000005
7727,7727.5,-0.019089000000000005
7728,7728.5,-0.019089000000000005
7729,7729.5,-0.019089000000000005
7730,7730.5,-0.019089000000000005
7731,7731.5,-0.019089000000000005
7732,7732.5,-0.019089000000000005
7733,7733.5,-0.019089000000000005
7734,7734.5,-0.019089000000000005
7735,7735.5,-0.019089000000000005
7736,7736.5,383.3934703223865
7737,7737.5,731.4458078476083
7738,7738.5,948.5583168650859
7739,7739.5,1081.227294188364
7740,7740.5,1135.4295501653191
7741,7741.5,1046.6833813993744
7742,7742.5,972.9295471286031
7743,7743.5,749.3109203782379
7744,7744.5,390.4346420778326
7745,7745.5,17.434135916946587
7746,7746.5,-0.019089000000000005
7747,7747.5,-0.019089000000000005
7748,7748.5,-0.019089000000000005
7749,7749.5,-0.019089000000000005
7750,7750.5,-0.019089000000000005
7751,7751.5,-0.019089000000000005
7752,7752.5,-0.019089000000000005
7753,7753.5,-0.019089000000000005
7754,7754.5,-0.019089000000000005
7755,7755.5,-0.019089000000000005
7756,7756.5,-0.019089000000000005
7757,7757.5,-0.019089000000000005
7758,7758.5,-0.019089000000000005
7759,7759.5,-0.019089000000000005
7760,7760.5,262.1425643056621
7761,7761.5,525.3674480086185
7762,7762.5,687.4479159897734
7763,7763.5,1084.2010461164978
7764,7764.5,1120.531408550423
7765,7765.5,1074.0233979410887
7766,7766.5,947.110843685771
7767,7767.5,610.54537373186
7768,7768.5,352.47659285019694
7769,7769.5,13.647084426711745
7770,7770.5,-0.019089000000000005
7771,7771.5,-0.019089000000000005
7772,7772.5,-0.019089000000000005
7773,7773.5,-0.019089000000000005
7774,7774.5,-0.019089000000000005
7775,7775.5,-0.019089000000000005
7776,7776.5,-0.019089000000000005
7777,7777.5,-0.019089000000000005
7778,7778.5,-0.019089000000000005
7779,7779.5,-0.019089000000000005
7780,7780.5,-0.019089000000000005
7781,7781.5,-0.019089000000000005
7782,7782.5,-0.019089000000000005
7783,7783.5,-0.019089000000000005
7784,7784.5,210.37313110443847
7785,7785.5,484.71410641277294
7786,7786.5,730.0648316781628
7787,7787.5,1027.6009704190205
7788,7788.5,866.051281501078
7789,7789.5,756.989882575369
7790,7790.5,695.8178711759741
7791,7791.5,467.6849135325988
7792,7792.5,273.0873133602569
7793,7793.5,7.92812527560297
7794,7794.5,-0.019089000000000005
7795,7795.5,-0.019089000000000005
7796,7796.5,-0.019089000000000005
7797,7797.5,-0.019089000000000005
7798,7798.5,-0.019089000000000005
7799,7799.5,-0.019089000000000005
7800,7800.5,-0.019089000000000005
7801,7801.5,-0.019089000000000005
7802,7802.5,-0.019089000000000005
7803,7803.5,-0.019089000000000005
7804,7804.5,-0.019089000000000005
7805,7805.5,-0.019089000000000005
7806,7806.5,-0.019089000000000005
7807,7807.5,-0.019089000000000005
7808,7808.5,309.77757909988884
7809,7809.5,648.1411256491195
7810,7810.5,880.7418143357761
7811,7811.5,1028.1878848971076
7812,7812.5,1086.120379582641
7813,7813.5,736.5000261918694
7814,7814.5,934.966212639595
7815,7815.5,731.9855129449643
7816,7816.5,417.957281636677
7817,7817.5,39.76456186263737
7818,7818.5,-0.019089000000000005
7819,7819.5,-0.019089000000000005
7820,7820.5,-0.019089000000000005
7821,7821.5,-0.019089000000000005
7822,7822.5,-0.019089000000000005
7823,7823.5,-0.019089000000000005
7824,7824.5,-0.019089000000000005
7825,7825.5,-0.019089000000000005
7826,7826.5,-0.019089000000000005
7827,7827.5,-0.019089000000000005
7828,7828.5,-0.019089000000000005
7829,7829.5,-0.019089000000000005
7830,7830.5,-0.019089000000000005
7831,7831.5,-0.019089000000000005
7832,7832.5,377.4734379084393
7833,7833.5,744.464100995635
7834,7834.5,985.597404144123
7835,7835.5,1131.8716975435382
7836,7836.5,1180.7929842774947
7837,7837.5,1131.9805700879228
7838,7838.5,993.1268892512286
7839,7839.5,768.1177146681322
7840,7840.5,435.7960460593001
7841,7841.5,39.946033364917014
7842,7842.5,-0.019089000000000005
7843,7843.5,-0.019089000000000005
7844,7844.5,-0.019089000000000005
7845,7845.5,-0.019089000000000005
7846,7846.5,-0.019089000000000005
7847,7847.5,-0.019089000000000005
7848,7848.5,-0.019089000000000005
7849,7849.5,-0.019089000000000005
7850,7850.5,-0.019089000000000005
7851,7851.5,-0.019089000000000005
7852,7852.5,-0.019089000000000005
7853,7853.5,-0.019089000000000005
7854,7854.5,-0.019089000000000005
7855,7855.5,-0.019089000000000005
7856,7856.5,383.6592226386289
7857,7857.5,742.90492367506
7858,7858.5,986.7767942759641
7859,7859.5,1133.4476103879522
7860,7860.5,1180.9124536887532
7861,7861.5,1135.031245382895
7862,7862.5,993.848243421797
7863,7863.5,762.0005511916434
7864,7864.5,429.2401672190581
7865,7865.5,37.83731792117726
7866,7866.5,-0.019089000000000005
7867,7867.5,-0.019089000000000005
7868,7868.5,-0.019089000000000005
7869,7869.5,-0.019089000000000005
7870,7870.5,-0.019089000000000005
7871,7871.5,-0.019089000000000005
7872,7872.5,-0.019089000000000005
7873,7873.5,-0.019089000000000005
7874,7874.5,-0.019089000000000005
7875,7875.5,-0.019089000000000005
7876,7876.5,-0.019089000000000005
7877,7877.5,-0.019089000000000005
7878,7878.5,-0.019089000000000005
7879,7879.5,-0.019089000000000005
7880,7880.5,392.48968648764327
7881,7881.5,751.6598420720993
7882,7882.5,979.6971786402469
7883,7883.5,1120.091510603551
7884,7884.5,1165.2123140081353
7885,7885.5,1123.082668427898
7886,7886.5,985.5680857007967
7887,7887.5,761.7113762330606
7888,7888.5,437.8878162334864
7889,7889.5,45.635487756189505
7890,7890.5,-0.019089000000000005
7891,7891.5,-0.019089000000000005
7892,7892.5,-0.019089000000000005
7893,7893.5,-0.019089000000000005
7894,7894.5,-0.019089000000000005
7895,7895.5,-0.019089000000000005
7896,7896.5,-0.019089000000000005
7897,7897.5,-0.019089000000000005
7898,7898.5,-0.019089000000000005
7899,7899.5,-0.019089000000000005
7900,7900.5,-0.019089000000000005
7901,7901.5,-0.019089000000000005
7902,7902.5,-0.019089000000000005
7903,7903.5,-0.019089000000000005
7904,7904.5,360.5304174039475
7905,7905.5,726.8992799694045
7906,7906.5,968.7229236685491
7907,7907.5,1114.5469321775015
7908,7908.5,1165.9649270312432
7909,7909.5,1115.9514673575318
7910,7910.5,907.206072281895
7911,7911.5,350.59597948619944
7912,7912.5,349.2634143208348
7913,7913.5,9.195557170635166
7914,7914.5,-0.019089000000000005
7915,7915.5,-0.019089000000000005
7916,7916.5,-0.019089000000000005
7917,7917.5,-0.019089000000000005
7918,7918.5,-0.019089000000000005
7919,7919.5,-0.019089000000000005
7920,7920.5,-0.019089000000000005
7921,7921.5,-0.019089000000000005
7922,7922.5,-0.019089000000000005
7923,7923.5,-0.019089000000000005
7924,7924.5,-0.019089000000000005
7925,7925.5,-0.019089000000000005
7926,7926.5,-0.019089000000000005
7927,7927.5,-0.019089000000000005
7928,7928.5,358.37906374397875
7929,7929.5,718.486977048115
7930,7930.5,940.6854660669142
7931,7931.5,1079.90208399542
7932,7932.5,1150.3432411037948
7933,7933.5,1123.800161958398
7934,7934.5,996.1119363320636
7935,7935.5,768.1106392941382
7936,7936.5,434.1473899223156
7937,7937.5,37.63973751967774
7938,7938.5,-0.019089000000000005
7939,7939.5,-0.019089000000000005
7940,7940.5,-0.019089000000000005
7941,7941.5,-0.019089000000000005
7942,7942.5,-0.019089000000000005
7943,7943.5,-0.019089000000000005
7944,7944.5,-0.019089000000000005
7945,7945.5,-0.019089000000000005
7946,7946.5,-0.019089000000000005
7947,7947.5,-0.019089000000000005
7948,7948.5,-0.019089000000000005
7949,7949.5,-0.019089000000000005
7950,7950.5,-0.019089000000000005
7951,7951.5,-0.019089000000000005
7952,7952.5,360.2260464823744
7953,7953.5,721.6151865896509
7954,7954.5,946.6355703601014
7955,7955.5,1086.6885260639922
7956,7956.5,1131.552907307266
7957,7957.5,1092.134453193142
7958,7958.5,960.5816987172149
7959,7959.5,744.1044740705079
7960,7960.5,298.9772475156542
7961,7961.5,8.107404982262182
7962,7962.5,-0.019089000000000005
7963,7963.5,-0.019089000000000005
7964,7964.5,-0.019089000000000005
7965,7965.5,-0.019089000000000005
7966,7966.5,-0.019089000000000005
7967,7967.5,-0.019089000000000005
7968,7968.5,-0.019089000000000005
7969,7969.5,-0.019089000000000005
7970,7970.5,-0.019089000000000005
7971,7971.5,-0.019089000000000005
7972,7972.5,-0.019089000000000005
7973,7973.5,-0.019089000000000005
7974,7974.5,-0.019089000000000005
7975,7975.5,-0.019089000000000005
7976,7976.5,324.8723853252929
7977,7977.5,674.5760499880781
7978,7978.5,909.5308558658429
7979,7979.5,1038.4392003469359
7980,7980.5,1087.7079775216323
7981,7981.5,1050.0088538313312
7982,7982.5,923.7099776040542
7983,7983.5,713.4088717788304
7984,7984.5,395.7564291731649
7985,7985.5,30.205966199714847
7986,7986.5,-0.019089000000000005
7987,7987.5,-0.019089000000000005
7988,7988.5,-0.019089000000000005
7989,7989.5,-0.019089000000000005
7990,7990.5,-0.019089000000000005
7991,7991.5,-0.019089000000000005
7992,7992.5,-0.019089000000000005
7993,7993.5,-0.019089000000000005
7994,7994.5,-0.019089000000000005
7995,7995.5,-0.019089000000000005
7996,7996.5,-0.019089000000000005
7997,7997.5,-0.019089000000000005
7998,7998.5,-0.019089000000000005
7999,7999.5,-0.019089000000000005
8000,8000.5,336.18035550910656
8001,8001.5,688.6900797746816
8002,8002.5,916.3775486168811
8003,8003.5,1057.705216569966
8004,8004.5,1111.9181794253009
8005,8005.5,1073.6724707045853
8006,8006.5,947.575668408138
8007,8007.5,731.7334781340145
8008,8008.5,414.0642315949519
8009,8009.5,11.710029704380474
8010,8010.5,-0.019089000000000005
8011,8011.5,-0.019089000000000005
8012,8012.5,-0.019089000000000005
8013,8013.5,-0.019089000000000005
8014,8014.5,-0.019089000000000005
8015,8015.5,-0.019089000000000005
8016,8016.5,-0.019089000000000005
8017,8017.5,-0.019089000000000005
8018,8018.5,-0.019089000000000005
8019,8019.5,-0.019089000000000005
8020,8020.5,-0.019089000000000005
8021,8021.5,-0.019089000000000005
8022,8022.5,-0.019089000000000005
8023,8023.5,-0.019089000000000005
8024,8024.5,193.6184902749287
8025,8025.5,480.1332913172079
8026,8026.5,937.9626298678214
8027,8027.5,1073.3236837954444
8028,8028.5,1117.6783060251935
8029,8029.5,1076.1608232948806
8030,8030.5,947.6810884283227
8031,8031.5,568.0358609239565
8032,8032.5,402.4137325241748
8033,8033.5,35.360715590979005
8034,8034.5,-0.019089000000000005
8035,8035.5,-0.019089000000000005
8036,8036.5,-0.019089000000000005
8037,8037.5,-0.019089000000000005
8038,8038.5,-0.019089000000000005
8039,8039.5,-0.019089000000000005
8040,8040.5,-0.019089000000000005
8041,8041.5,-0.019089000000000005
8042,8042.5,-0.019089000000000005
8043,8043.5,-0.019089000000000005
8044,8044.5,-0.019089000000000005
8045,8045.5,-0.019089000000000005
8046,8046.5,-0.019089000000000005
8047,8047.5,-0.019089000000000005
8048,8048.5,335.9045755015285
8049,8049.5,686.0952160696515
8050,8050.5,904.9237114456308
8051,8051.5,1036.1401919600928
8052,8052.5,1093.8624301274206
8053,8053.5,1063.143508036721
8054,8054.5,942.1338492249524
8055,8055.5,728.1691853255253
8056,8056.5,398.5018187297851
8057,8057.5,34.69814715082468
8058,8058.5,-0.019089000000000005
8059,8059.5,-0.019089000000000005
8060,8060.5,-0.019089000000000005
8061,8061.5,-0.019089000000000005
8062,8062.5,-0.019089000000000005
8063,8063.5,-0.019089000000000005
8064,8064.5,-0.019089000000000005
8065,8065.5,-0.019089000000000005
8066,8066.5,-0.019089000000000005
8067,8067.5,-0.019089000000000005
8068,8068.5,-0.019089000000000005
8069,8069.5,-0.019089000000000005
8070,8070.5,-0.019089000000000005
8071,8071.5,-0.019089000000000005
8072,8072.5,122.33073476175089
8073,8073.5,678.1205353085408
8074,8074.5,908.2153449361003
8075,8075.5,1052.4541094975557
8076,8076.5,1096.3765977167743
8077,8077.5,1054.294841705343
8078,8078.5,794.2530592718872
8079,8079.5,710.7570916259231
8080,8080.5,403.33459886117845
8081,8081.5,10.71831282949087
8082,8082.5,-0.019089000000000005
8083,8083.5,-0.019089000000000005
8084,8084.5,-0.019089000000000005
8085,8085.5,-0.019089000000000005
8086,8086.5,-0.019089000000000005
8087,8087.5,-0.019089000000000005
8088,8088.5,-0.019089000000000005
8089,8089.5,-0.019089000000000005
8090,8090.5,-0.019089000000000005
8091,8091.5,-0.019089000000000005
8092,8092.5,-0.019089000000000005
8093,8093.5,-0.019089000000000005
8094,8094.5,-0.019089000000000005
8095,8095.5,-0.019089000000000005
8096,8096.5,321.2970723246568
8097,8097.5,684.8859897794606
8098,8098.5,927.1220591254055
8099,8099.5,1071.5382356746106
8100,8100.5,1118.5079635250027
8101,8101.5,1073.5441400901443
8102,8102.5,945.2394372524018
8103,8103.5,730.7789144841578
8104,8104.5,415.1357393631612
8105,8105.5,10.95938887144023
8106,8106.5,-0.019089000000000005
8107,8107.5,-0.019089000000000005
8108,8108.5,-0.019089000000000005
8109,8109.5,-0.019089000000000005
8110,8110.5,-0.019089000000000005
8111,8111.5,-0.019089000000000005
8112,8112.5,-0.019089000000000005
8113,8113.5,-0.019089000000000005
8114,8114.5,-0.019089000000000005
8115,8115.5,-0.019089000000000005
8116,8116.5,-0.019089000000000005
8117,8117.5,-0.019089000000000005
8118,8118.5,-0.019089000000000005
8119,8119.5,-0.019089000000000005
8120,8120.5,146.65473906555923
8121,8121.5,484.139500410689
8122,8122.5,599.940490548265
8123,8123.5,768.1324168551461
8124,8124.5,933.4884126193796
8125,8125.5,897.8100780267752
8126,8126.5,941.9592557143703
8127,8127.5,733.957232883929
8128,8128.5,406.25826171483163
8129,8129.5,32.69375311624231
8130,8130.5,-0.019089000000000005
8131,8131.5,-0.019089000000000005
8132,8132.5,-0.019089000000000005
8133,8133.5,-0.019089000000000005
8134,8134.5,-0.019089000000000005
8135,8135.5,-0.019089000000000005
8136,8136.5,-0.019089000000000005
8137,8137.5,-0.019089000000000005
8138,8138.5,-0.019089000000000005
8139,8139.5,-0.019089000000000005
8140,8140.5,-0.019089000000000005
8141,8141.5,-0.019089000000000005
8142,8142.5,-0.019089000000000005
8143,8143.5,-0.019089000000000005
8144,8144.5,181.0481967829282
8145,8145.5,659.652295250951
8146,8146.5,894.5499573503798
8147,8147.5,1027.8825022644862
8148,8148.5,1076.5561391964666
8149,8149.5,1039.4079073627368
8150,8150.5,597.8361105449917
8151,8151.5,613.0972190101054
8152,8152.5,347.1495201404862
8153,8153.5,26.331923671214398
8154,8154.5,-0.019089000000000005
8155,8155.5,-0.019089000000000005
8156,8156.5,-0.019089000000000005
8157,8157.5,-0.019089000000000005
8158,8158.5,-0.019089000000000005
8159,8159.5,-0.019089000000000005
8160,8160.5,-0.019089000000000005
8161,8161.5,-0.019089000000000005
8162,8162.5,-0.019089000000000005
8163,8163.5,-0.019089000000000005
8164,8164.5,-0.019089000000000005
8165,8165.5,-0.019089000000000005
8166,8166.5,-0.019089000000000005
8167,8167.5,-0.019089000000000005
8168,8168.5,182.18251102805277
8169,8169.5,494.14431939311265
8170,8170.5,701.1119172761577
8171,8171.5,777.5599918676505
8172,8172.5,553.9397781555856
8173,8173.5,796.6851081825021
8174,8174.5,932.3694473080108
8175,8175.5,717.8772923367319
8176,8176.5,398.74140217263323
8177,8177.5,30.894980215740155
8178,8178.5,-0.019089000000000005
8179,8179.5,-0.019089000000000005
8180,8180.5,-0.019089000000000005
8181,8181.5,-0.019089000000000005
8182,8182.5,-0.019089000000000005
8183,8183.5,-0.019089000000000005
8184,8184.5,-0.019089000000000005
8185,8185.5,-0.019089000000000005
8186,8186.5,-0.019089000000000005
8187,8187.5,-0.019089000000000005
8188,8188.5,-0.019089000000000005
8189,8189.5,-0.019089000000000005
8190,8190.5,-0.019089000000000005
8191,8191.5,-0.019089000000000005
8192,8192.5,287.42164202559525
8193,8193.5,657.157396971416
8194,8194.5,897.6473663271437
8195,8195.5,1048.2896701880275
8196,8196.5,1107.9679463729683
8197,8197.5,1079.047974281779
8198,8198.5,956.211028039825
8199,8199.5,745.4533172460361
8200,8200.5,420.6098196058302
8201,8201.5,34.735355626381775
8202,8202.5,-0.019089000000000005
8203,8203.5,-0.019089000000000005
8204,8204.5,-0.019089000000000005
8205,8205.5,-0.019089000000000005
8206,8206.5,-0.019089000000000005
8207,8207.5,-0.019089000000000005
8208,8208.5,-0.019089000000000005
8209,8209.5,-0.019089000000000005
8210,8210.5,-0.019089000000000005
8211,8211.5,-0.019089000000000005
8212,8212.5,-0.019089000000000005
8213,8213.5,-0.019089000000000005
8214,8214.5,-0.019089000000000005
8215,8215.5,-0.019089000000000005
8216,8216.5,153.6263987138954
8217,8217.5,475.72409414026765
8218,8218.5,939.5899073997458
8219,8219.5,1098.0097520847032
8220,8220.5,1155.7450598184703
8221,8221.5,911.3343634134823
8222,8222.5,983.9054017059137
8223,8223.5,629.6060081278505
8224,8224.5,296.65386791961424
8225,8225.5,7.524462096889365
8226,8226.5,-0.019089000000000005
8227,8227.5,-0.019089000000000005
8228,8228.5,-0.019089000000000005
8229,8229.5,-0.019089000000000005
8230,8230.5,-0.019089000000000005
8231,8231.5,-0.019089000000000005
8232,8232.5,-0.019089000000000005
8233,8233.5,-0.019089000000000005
8234,8234.5,-0.019089000000000005
8235,8235.5,-0.019089000000000005
8236,8236.5,-0.019089000000000005
8237,8237.5,-0.019089000000000005
8238,8238.5,-0.019089000000000005
8239,8239.5,-0.019089000000000005
8240,8240.5,321.37748330787383
8241,8241.5,717.0048978142281
8242,8242.5,986.9313605602995
8243,8243.5,1155.4944622592652
8244,8244.5,1212.4054171758091
8245,8245.5,1170.909205382229
8246,8246.5,1037.048492758554
8247,8247.5,807.8382125583379
8248,8248.5,465.92726865509223
8249,8249.5,47.381806758507935
8250,8250.5,-0.019089000000000005
8251,8251.5,-0.019089000000000005
8252,8252.5,-0.019089000000000005
8253,8253.5,-0.019089000000000005
8254,8254.5,-0.019089000000000005
8255,8255.5,-0.019089000000000005
8256,8256.5,-0.019089000000000005
8257,8257.5,-0.019089000000000005
8258,8258.5,-0.019089000000000005
8259,8259.5,-0.019089000000000005
8260,8260.5,-0.019089000000000005
8261,8261.5,-0.019089000000000005
8262,8262.5,-0.019089000000000005
8263,8263.5,-0.019089000000000005
8264,8264.5,304.7999046409282
8265,8265.5,698.6273529950444
8266,8266.5,954.2384050333795
8267,8267.5,1098.4410080577713
8268,8268.5,1155.9327524352514
8269,8269.5,1125.408714948743
8270,8270.5,1006.2804560579251
8271,8271.5,790.2832763198363
8272,8272.5,459.74538728861904
8273,8273.5,46.271253224092675
8274,8274.5,-0.019089000000000005
8275,8275.5,-0.019089000000000005
8276,8276.5,-0.019089000000000005
8277,8277.5,-0.019089000000000005
8278,8278.5,-0.019089000000000005
8279,8279.5,-0.019089000000000005
8280,8280.5,-0.019089000000000005
8281,8281.5,-0.019089000000000005
8282,8282.5,-0.019089000000000005
8283,8283.5,-0.019089000000000005
8284,8284.5,-0.019089000000000005
8285,8285.5,-0.019089000000000005
8286,8286.5,-0.019089000000000005
8287,8287.5,-0.019089000000000005
8288,8288.5,309.2185954173463
8289,8289.5,698.3111832417255
8290,8290.5,954.7011964632031
8291,8291.5,1114.1728479652265
8292,8292.5,1169.410141904074
8293,8293.5,1135.0204475967882
8294,8294.5,1001.9693409794262
8295,8295.5,782.0775077701168
8296,8296.5,449.3236120652948
8297,8297.5,43.24991323170136
8298,8298.5,-0.019089000000000005
8299,8299.5,-0.019089000000000005
8300,8300.5,-0.019089000000000005
8301,8301.5,-0.019089000000000005
8302,8302.5,-0.019089000000000005
8303,8303.5,-0.019089000000000005
8304,8304.5,-0.019089000000000005
8305,8305.5,-0.019089000000000005
8306,8306.5,-0.019089000000000005
8307,8307.5,-0.019089000000000005
8308,8308.5,-0.019089000000000005
8309,8309.5,-0.019089000000000005
8310,8310.5,-0.019089000000000005
8311,8311.5,-0.019089000000000005
8312,8312.5,286.56686160254003
8313,8313.5,670.0753662863098
8314,8314.5,914.9303940880336
8315,8315.5,1069.925188017264
8316,8316.5,1125.6818833493296
8317,8317.5,1093.3820692075922
8318,8318.5,964.3176143142505
8319,8319.5,750.7950908107634
8320,8320.5,352.96295324607195
8321,8321.5,13.063931632531672
8322,8322.5,-0.019089000000000005
8323,8323.5,-0.019089000000000005
8324,8324.5,-0.019089000000000005
8325,8325.5,-0.019089000000000005
8326,8326.5,-0.019089000000000005
8327,8327.5,-0.019089000000000005
8328,8328.5,-0.019089000000000005
8329,8329.5,-0.019089000000000005
8330,8330.5,-0.019089000000000005
8331,8331.5,-0.019089000000000005
8332,8332.5,-0.019089000000000005
8333,8333.5,-0.019089000000000005
8334,8334.5,-0.019089000000000005
8335,8335.5,-0.019089000000000005
8336,8336.5,-0.019089000000000005
8337,8337.5,246.24200627157546
8338,8338.5,635.7609867646395
8339,8339.5,671.5199322554035
8340,8340.5,898.0079565128502
8341,8341.5,866.4686688415779
8342,8342.5,768.8769968419105
8343,8343.5,192.47045201057486
8344,8344.5,196.36984072493135
8345,8345.5,7.231809972826003
8346,8346.5,-0.019089000000000005
8347,8347.5,-0.019089000000000005
8348,8348.5,-0.019089000000000005
8349,8349.5,-0.019089000000000005
8350,8350.5,-0.019089000000000005
8351,8351.5,-0.019089000000000005
8352,8352.5,-0.019089000000000005
8353,8353.5,-0.019089000000000005
8354,8354.5,-0.019089000000000005
8355,8355.5,-0.019089000000000005
8356,8356.5,-0.019089000000000005
8357,8357.5,-0.019089000000000005
8358,8358.5,-0.019089000000000005
8359,8359.5,-0.019089000000000005
8360,8360.5,178.298569414583
8361,8361.5,106.91296296800398
8362,8362.5,337.6785373518166
8363,8363.5,367.4602641856417
8364,8364.5,693.600517576687
8365,8365.5,743.6985081101167
8366,8366.5,381.5606400552163
8367,8367.5,365.8663682753106
8368,8368.5,133.75753972161218
8369,8369.5,5.483422514230244
8370,8370.5,-0.019089000000000005
8371,8371.5,-0.019089000000000005
8372,8372.5,-0.019089000000000005
8373,8373.5,-0.019089000000000005
8374,8374.5,-0.019089000000000005
8375,8375.5,-0.019089000000000005
8376,8376.5,-0.019089000000000005
8377,8377.5,-0.019089000000000005
8378,8378.5,-0.019089000000000005
8379,8379.5,-0.019089000000000005
8380,8380.5,-0.019089000000000005
8381,8381.5,-0.019089000000000005
8382,8382.5,-0.019089000000000005
8383,8383.5,-0.019089000000000005
8384,8384.5,275.2176194658703
8385,8385.5,651.617425226316
8386,8386.5,905.2983704031959
8387,8387.5,1060.8546590848719
8388,8388.5,1123.7545081569115
8389,8389.5,987.293432625698
8390,8390.5,848.2942568366135
8391,8391.5,753.7682757675611
8392,8392.5,172.7074941608205
8393,8393.5,6.342560904666577
8394,8394.5,-0.019089000000000005
8395,8395.5,-0.019089000000000005
8396,8396.5,-0.019089000000000005
8397,8397.5,-0.019089000000000005
8398,8398.5,-0.019089000000000005
8399,8399.5,-0.019089000000000005
8400,8400.5,-0.019089000000000005
8401,8401.5,-0.019089000000000005
8402,8402.5,-0.019089000000000005
8403,8403.5,-0.019089000000000005
8404,8404.5,-0.019089000000000005
8405,8405.5,-0.019089000000000005
8406,8406.5,-0.019089000000000005
8407,8407.5,-0.019089000000000005
8408,8408.5,164.61927297464229
8409,8409.5,661.2922541819396
8410,8410.5,924.7664812773859
8411,8411.5,1090.4498709165578
8412,8412.5,1157.122432669993
8413,8413.5,1130.6686961002977
8414,8414.5,1005.8902632331154
8415,8415.5,788.5498397626465
8416,8416.5,465.7878586028793
8417,8417.5,54.90267494297995
8418,8418.5,-0.019089000000000005
8419,8419.5,-0.019089000000000005
8420,8420.5,-0.019089000000000005
8421,8421.5,-0.019089000000000005
8422,8422.5,-0.019089000000000005
8423,8423.5,-0.019089000000000005
8424,8424.5,-0.019089000000000005
8425,8425.5,-0.019089000000000005
8426,8426.5,-0.019089000000000005
8427,8427.5,-0.019089000000000005
8428,8428.5,-0.019089000000000005
8429,8429.5,-0.019089000000000005
8430,8430.5,-0.019089000000000005
8431,8431.5,-0.019089000000000005
8432,8432.5,175.40265818652063
8433,8433.5,657.2579611754335
8434,8434.5,897.2563259557057
8435,8435.5,1027.4576507670686
8436,8436.5,1074.4067022626054
8437,8437.5,1062.245217185295
8438,8438.5,955.6490869952668
8439,8439.5,235.9882237822532
8440,8440.5,369.8926536080391
8441,8441.5,57.007493937595314
8442,8442.5,-0.019089000000000005
8443,8443.5,-0.019089000000000005
8444,8444.5,-0.019089000000000005
8445,8445.5,-0.019089000000000005
8446,8446.5,-0.019089000000000005
8447,8447.5,-0.019089000000000005
8448,8448.5,-0.019089000000000005
8449,8449.5,-0.019089000000000005
8450,8450.5,-0.019089000000000005
8451,8451.5,-0.019089000000000005
8452,8452.5,-0.019089000000000005
8453,8453.5,-0.019089000000000005
8454,8454.5,-0.019089000000000005
8455,8455.5,-0.019089000000000005
8456,8456.5,3.6894373810854493
8457,8457.5,35.445131007677105
8458,8458.5,92.98882160591673
8459,8459.5,267.9483742607998
8460,8460.5,799.5770253745671
8461,8461.5,829.4940904465715
8462,8462.5,620.9235739600246
8463,8463.5,513.3086963810646
8464,8464.5,243.7737634480235
8465,8465.5,51.5543034445787
8466,8466.5,-0.019089000000000005
8467,8467.5,-0.019089000000000005
8468,8468.5,-0.019089000000000005
8469,8469.5,-0.019089000000000005
8470,8470.5,-0.019089000000000005
8471,8471.5,-0.019089000000000005
8472,8472.5,-0.019089000000000005
8473,8473.5,-0.019089000000000005
8474,8474.5,-0.019089000000000005
8475,8475.5,-0.019089000000000005
8476,8476.5,-0.019089000000000005
8477,8477.5,-0.019089000000000005
8478,8478.5,-0.019089000000000005
8479,8479.5,-0.019089000000000005
8480,8480.5,159.26837735180115
8481,8481.5,695.9651805877058
8482,8482.5,972.2086664214012
8483,8483.5,1139.6927029817791
8484,8484.5,1205.139668992335
8485,8485.5,1169.5966271802959
8486,8486.5,1039.3397014716988
8487,8487.5,818.3704365916929
8488,8488.5,494.81944553594656
8489,8489.5,71.58425386949845
8490,8490.5,-0.019089000000000005
8491,8491.5,-0.019089000000000005
8492,8492.5,-0.019089000000000005
8493,8493.5,-0.019089000000000005
8494,8494.5,-0.019089000000000005
8495,8495.5,-0.019089000000000005
8496,8496.5,-0.019089000000000005
8497,8497.5,-0.019089000000000005
8498,8498.5,-0.019089000000000005
8499,8499.5,-0.019089000000000005
8500,8500.5,-0.019089000000000005
8501,8501.5,-0.019089000000000005
8502,8502.5,-0.019089000000000005
8503,8503.5,-0.019089000000000005
8504,8504.5,87.66811360893455
8505,8505.5,574.6017730235684
8506,8506.5,820.035855106488
8507,8507.5,873.7333709501354
8508,8508.5,1015.7043134250799
8509,8509.5,1160.6349397024644
8510,8510.5,722.1181483257419
8511,8511.5,805.4650383285386
8512,8512.5,478.11052654750995
8513,8513.5,55.03577112945923
8514,8514.5,-0.019089000000000005
8515,8515.5,-0.019089000000000005
8516,8516.5,-0.019089000000000005
8517,8517.5,-0.019089000000000005
8518,8518.5,-0.019089000000000005
8519,8519.5,-0.019089000000000005
8520,8520.5,-0.019089000000000005
8521,8521.5,-0.019089000000000005
8522,8522.5,-0.019089000000000005
8523,8523.5,-0.019089000000000005
8524,8524.5,-0.019089000000000005
8525,8525.5,-0.019089000000000005
8526,8526.5,-0.019089000000000005
8527,8527.5,-0.019089000000000005
8528,8528.5,134.8782211034444
8529,8529.5,363.6483229756779
8530,8530.5,681.1306049862696
8531,8531.5,687.0201736915293
8532,8532.5,656.6690886818294
8533,8533.5,493.74506642253175
8534,8534.5,390.7796687436993
8535,8535.5,366.33669092753445
8536,8536.5,163.31174949414694
8537,8537.5,8.297633734210569
8538,8538.5,-0.019089000000000005
8539,8539.5,-0.019089000000000005
8540,8540.5,-0.019089000000000005
8541,8541.5,-0.019089000000000005
8542,8542.5,-0.019089000000000005
8543,8543.5,-0.019089000000000005
8544,8544.5,-0.019089000000000005
8545,8545.5,-0.019089000000000005
8546,8546.5,-0.019089000000000005
8547,8547.5,-0.019089000000000005
8548,8548.5,-0.019089000000000005
8549,8549.5,-0.019089000000000005
8550,8550.5,-0.019089000000000005
8551,8551.5,-0.019089000000000005
8552,8552.5,32.1788850493948
8553,8553.5,217.94212606311453
8554,8554.5,434.2796758812472
8555,8555.5,618.5135277630134
8556,8556.5,852.7314491797542
8557,8557.5,645.8106177998628
8558,8558.5,647.886840022743
8559,8559.5,795.2972117873161
8560,8560.5,484.14422416402635
8561,8561.5,64.91827825036839
8562,8562.5,-0.019089000000000005
8563,8563.5,-0.019089000000000005
8564,8564.5,-0.019089000000000005
8565,8565.5,-0.019089000000000005
8566,8566.5,-0.019089000000000005
8567,8567.5,-0.019089000000000005
8568,8568.5,-0.019089000000000005
8569,8569.5,-0.019089000000000005
8570,8570.5,-0.019089000000000005
8571,8571.5,-0.019089000000000005
8572,8572.5,-0.019089000000000005
8573,8573.5,-0.019089000000000005
8574,8574.5,-0.019089000000000005
8575,8575.5,-0.019089000000000005
8576,8576.5,133.19024608393565
8577,8577.5,423.97132942861714
8578,8578.5,588.0428139722319
8579,8579.5,727.0416031471833
8580,8580.5,880.5024518258593
8581,8581.5,554.4634314884502
8582,8582.5,820.0532074287651
8583,8583.5,412.75596998196465
8584,8584.5,109.31133603622186
8585,8585.5,6.284675660651213
8586,8586.5,-0.019089000000000005
8587,8587.5,-0.019089000000000005
8588,8588.5,-0.019089000000000005
8589,8589.5,-0.019089000000000005
8590,8590.5,-0.019089000000000005
8591,8591.5,-0.019089000000000005
8592,8592.5,-0.019089000000000005
8593,8593.5,-0.019089000000000005
8594,8594.5,-0.019089000000000005
8595,8595.5,-0.019089000000000005
8596,8596.5,-0.019089000000000005
8597,8597.5,-0.019089000000000005
8598,8598.5,-0.019089000000000005
8599,8599.5,-0.019089000000000005
8600,8600.5,168.9620751598216
8601,8601.5,357.4325602217027
8602,8602.5,484.3888635956524
8603,8603.5,675.1542804833103
8604,8604.5,638.2699118702275
8605,8605.5,633.1298592412306
8606,8606.5,1043.7103892323482
8607,8607.5,781.4139412366937
8608,8608.5,444.20190460767293
8609,8609.5,51.70215278327874
8610,8610.5,-0.019089000000000005
8611,8611.5,-0.019089000000000005
8612,8612.5,-0.019089000000000005
8613,8613.5,-0.019089000000000005
8614,8614.5,-0.019089000000000005
8615,8615.5,-0.019089000000000005
8616,8616.5,-0.019089000000000005
8617,8617.5,-0.019089000000000005
8618,8618.5,-0.019089000000000005
8619,8619.5,-0.019089000000000005
8620,8620.5,-0.019089000000000005
8621,8621.5,-0.019089000000000005
8622,8622.5,-0.019089000000000005
8623,8623.5,-0.019089000000000005
8624,8624.5,33.396258207954176
8625,8625.5,351.5525990743626
8626,8626.5,545.3483035204998
8627,8627.5,759.5150700288774
8628,8628.5,788.1679735990301
8629,8629.5,776.3128094558109
8630,8630.5,658.4857924602754
8631,8631.5,802.9222494734363
8632,8632.5,476.40319947273895
8633,8633.5,28.50751293404459
8634,8634.5,-0.019089000000000005
8635,8635.5,-0.019089000000000005
8636,8636.5,-0.019089000000000005
8637,8637.5,-0.019089000000000005
8638,8638.5,-0.019089000000000005
8639,8639.5,-0.019089000000000005
8640,8640.5,-0.019089000000000005
8641,8641.5,-0.019089000000000005
8642,8642.5,-0.019089000000000005
8643,8643.5,-0.019089000000000005
8644,8644.5,-0.019089000000000005
8645,8645.5,-0.019089000000000005
8646,8646.5,-0.019089000000000005
8647,8647.5,-0.019089000000000005
8648,8648.5,16.670566941805564
8649,8649.5,107.43356596721532
8650,8650.5,319.83117951962726
8651,8651.5,623.6162823886987
8652,8652.5,582.4158423389414
8653,8653.5,757.6292193933688
8654,8654.5,517.1931986864429
8655,8655.5,224.54199285790574
8656,8656.5,463.78710434396834
8657,8657.5,69.34018598035534
8658,8658.5,-0.019089000000000005
8659,8659.5,-0.019089000000000005
8660,8660.5,-0.019089000000000005
8661,8661.5,-0.019089000000000005
8662,8662.5,-0.019089000000000005
8663,8663.5,-0.019089000000000005
8664,8664.5,-0.019089000000000005
8665,8665.5,-0.019089000000000005
8666,8666.5,-0.019089000000000005
8667,8667.5,-0.019089000000000005
8668,8668.5,-0.019089000000000005
8669,8669.5,-0.019089000000000005
8670,8670.5,-0.019089000000000005
8671,8671.5,-0.019089000000000005
8672,8672.5,202.3367878426263
8673,8673.5,607.5374157196834
8674,8674.5,901.0588769779821
8675,8675.5,1100.905698481848
8676,8676.5,1189.4815554381278
8677,8677.5,1167.015674912457
8678,8678.5,1052.823619388737
8679,8679.5,839.0650874364906
8680,8680.5,505.840792587636
8681,8681.5,81.31584349453354
8682,8682.5,-0.019089000000000005
8683,8683.5,-0.019089000000000005
8684,8684.5,-0.019089000000000005
8685,8685.5,-0.019089000000000005
8686,8686.5,-0.019089000000000005
8687,8687.5,-0.019089000000000005
8688,8688.5,-0.019089000000000005
8689,8689.5,-0.019089000000000005
8690,8690.5,-0.019089000000000005
8691,8691.5,-0.019089000000000005
8692,8692.5,-0.019089000000000005
8693,8693.5,-0.019089000000000005
8694,8694.5,-0.019089000000000005
8695,8695.5,-0.019089000000000005
8696,8696.5,195.77732434962547
8697,8697.5,350.4165284304326
8698,8698.5,915.7012308279077
8699,8699.5,1095.4168403030958
8700,8700.5,980.1699510333576
8701,8701.5,1155.4924876086266
8702,8702.5,1043.6306592262338
8703,8703.5,836.9760716199809
8704,8704.5,524.9846203168705
8705,8705.5,94.33546813409605
8706,8706.5,-0.019089000000000005
8707,8707.5,-0.019089000000000005
8708,8708.5,-0.019089000000000005
8709,8709.5,-0.019089000000000005
8710,8710.5,-0.019089000000000005
8711,8711.5,-0.019089000000000005
8712,8712.5,-0.019089000000000005
8713,8713.5,-0.019089000000000005
8714,8714.5,-0.019089000000000005
8715,8715.5,-0.019089000000000005
8716,8716.5,-0.019089000000000005
8717,8717.5,-0.019089000000000005
8718,8718.5,-0.019089000000000005
8719,8719.5,-0.019089000000000005
8720,8720.5,6.125494857520154
8721,8721.5,82.4870310282981
8722,8722.5,54.86119683954074
8723,8723.5,227.17962519810504
8724,8724.5,189.24479811254562
8725,8725.5,220.1167553335115
8726,8726.5,208.64892968462345
8727,8727.5,137.83564220467107
8728,8728.5,341.1474053128161
8729,8729.5,23.277904610263313
8730,8730.5,-0.019089000000000005
8731,8731.5,-0.019089000000000005
8732,8732.5,-0.019089000000000005
8733,8733.5,-0.019089000000000005
8734,8734.5,-0.019089000000000005
8735,8735.5,-0.019089000000000005
8736,8736.5,-0.019089000000000005
8737,8737.5,-0.019089000000000005
8738,8738.5,-0.019089000000000005
8739,8739.5,-0.019089000000000005
8740,8740.5,-0.019089000000000005
8741,8741.5,-0.019089000000000005
8742,8742.5,-0.019089000000000005
8743,8743.5,-0.019089000000000005
8744,8744.5,201.47424889994116
8745,8745.5,612.5175677195269
8746,8746.5,913.6860310041484
8747,8747.5,770.9146550278457
8748,8748.5,1064.1449002959118
8749,8749.5,877.4260471680924
8750,8750.5,647.2358635074975
8751,8751.5,453.0853431397417
8752,8752.5,179.71988422669133
8753,8753.5,15.766500512399222
8754,8754.5,-0.019089000000000005
8755,8755.5,-0.019089000000000005
8756,8756.5,-0.019089000000000005
8757,8757.5,-0.019089000000000005
8758,8758.5,-0.019089000000000005
8759,8759.5,-0.019089000000000005
