,Time,Power
0,0.5,28.70032903991387
1,1.5,21.237748956210385
2,2.5,16.812499000677647
3,3.5,10.813395404674695
4,4.5,8.754463739492149
5,5.5,11.322952016386212
6,6.5,14.644278802565948
7,7.5,8.068087328044145
8,8.5,10.120322628759187
9,9.5,3.4017076006767257
10,10.5,3.882023327546168
11,11.5,3.4861360666723376
12,12.5,6.67512889132821
13,13.5,8.517731521025325
14,14.5,7.822274212545617
15,15.5,4.862232038207871
16,16.5,4.086627298134917
17,17.5,2.1998289795054307
18,18.5,0.42943633628463485
19,19.5,0.09593136708224222
20,20.5,0.1566082388097986
21,21.5,0.29009724087854777
22,22.5,0.19301430398039499
23,23.5,0.2698716491171054
24,24.5,1.0164089962120206
25,25.5,1.387609517354028
26,26.5,1.1584055039312955
27,27.5,1.245748267163879
28,28.5,0.36246427076351334
29,29.5,3.2487515278742407
30,30.5,6.735887566718808
31,31.5,12.569252078222576
32,32.5,14.87280805568134
33,33.5,12.746029223736285
34,34.5,14.893309871531892
35,35.5,3.437131805606985
36,36.5,9.198561382567027
37,37.5,9.678154173878196
38,38.5,6.235602300814362
39,39.5,6.38131905293464
40,40.5,7.927205077453264
41,41.5,4.276761949606467
42,42.5,1.5247969663960443
43,43.5,2.3366844160749456
44,44.5,7.488334039814055
45,45.5,6.210685285159654
46,46.5,7.668220343359054
47,47.5,3.5973446987293807
48,48.5,3.8663363259830663
49,49.5,4.331414075113743
50,50.5,1.69502640713147
51,51.5,0.7694933168413854
52,52.5,1.554698077142221
53,53.5,1.4092899165977704
54,54.5,1.7646693741776012
55,55.5,1.5900717186095519
56,56.5,2.695858258119345
57,57.5,1.9101674204843062
58,58.5,0.7136294247623995
59,59.5,0.0
60,60.5,0.0
61,61.5,0.0
62,62.5,0.0
63,63.5,0.0
64,64.5,0.25666286762284846
65,65.5,5.714329734637769
66,66.5,2.536931912840354
67,67.5,4.21979165100253
68,68.5,5.40511521292895
69,69.5,30.360327196681254
70,70.5,32.60433019399875
71,71.5,33.848206059131556
72,72.5,44.84081044790341
73,73.5,55.60416061302353
74,74.5,59.437758851110026
75,75.5,67.40812800723373
76,76.5,68.04003157898453
77,77.5,62.51656357380402
78,78.5,62.764928786862555
79,79.5,59.730721259680045
80,80.5,55.767367756387415
81,81.5,44.40440527533264
82,82.5,21.201828746218784
83,83.5,19.969362175082754
84,84.5,18.80980214171698
85,85.5,20.096563208071068
86,86.5,20.79490996915248
87,87.5,23.36097501308418
88,88.5,27.892212641325784
89,89.5,39.59273838943459
90,90.5,57.275327854157034
91,91.5,68.74871019017075
92,92.5,73.40266282702706
93,93.5,78.86196257287301
94,94.5,81.7085464762767
95,95.5,82.0121644725834
96,96.5,81.19809001885362
97,97.5,79.2687430211406
98,98.5,77.77941717299414
99,99.5,77.05102399336312
100,100.5,80.74144978930937
101,101.5,77.52451635425012
102,102.5,75.6144325933203
103,103.5,70.0707619852465
104,104.5,54.85852127390804
105,105.5,55.16004430687292
106,106.5,50.737671344158436
107,107.5,22.07033361178688
108,108.5,19.326847270517447
109,109.5,17.007273095909966
110,110.5,18.35953029976148
111,111.5,18.243431852970353
112,112.5,21.65749054568247
113,113.5,38.745402081735115
114,114.5,54.01981479865138
115,115.5,47.766566895716466
116,116.5,48.83962523280014
117,117.5,49.778177021127895
118,118.5,46.70197238221195
119,119.5,41.9245647783053
120,120.5,35.78142881376804
121,121.5,33.21195201443612
122,122.5,19.867193553667526
123,123.5,11.526313268342872
124,124.5,8.741893545226965
125,125.5,2.0968711084985547
126,126.5,0.5032615723414032
127,127.5,0.2838898799239291
128,128.5,0.1586989294079018
129,129.5,0.0
130,130.5,0.2869558993184547
131,131.5,0.5211172471484223
132,132.5,0.2732827553890653
133,133.5,2.3125410277262297
134,134.5,5.275233694596081
135,135.5,8.596850822321517
136,136.5,13.71385407835003
137,137.5,26.47664863412307
138,138.5,46.59205962974336
139,139.5,49.75300356897565
140,140.5,53.4574411361401
141,141.5,59.773764651543075
142,142.5,65.98143856822838
143,143.5,69.95483091641715
144,144.5,75.7410432172839
145,145.5,75.21721145819106
146,146.5,77.54781390607575
147,147.5,75.26604455482948
148,148.5,76.44776349434113
149,149.5,73.38879341710417
150,150.5,66.41687320659712
151,151.5,64.10154424808995
152,152.5,63.313327081753606
153,153.5,57.79581526963469
154,154.5,51.11898306633802
155,155.5,27.947036858903868
156,156.5,26.10836850855155
157,157.5,25.40148983764216
158,158.5,23.42742226635631
159,159.5,22.13406020470061
160,160.5,21.30523928699064
161,161.5,37.00561122199124
162,162.5,40.4430190391127
163,163.5,58.3337500055803
164,164.5,64.94892575651467
165,165.5,70.57173980049095
166,166.5,76.05485205272402
167,167.5,79.90907183043116
168,168.5,79.88966855640668
169,169.5,81.84868628459645
170,170.5,79.71734057008322
171,171.5,77.9997826666637
172,172.5,77.64644413243495
173,173.5,73.15099057986305
174,174.5,67.03115575150368
175,175.5,57.68556087994674
176,176.5,51.68068926445069
177,177.5,34.87811201427577
178,178.5,28.307004621237798
179,179.5,3.573629578660671
180,180.5,5.470421735742361
181,181.5,4.6755487838443335
182,182.5,1.6242816602295318
183,183.5,0.019713891958499884
184,184.5,0.0
185,185.5,0.0
186,186.5,0.0
187,187.5,7.77044008048154
188,188.5,15.116066004451739
189,189.5,20.684135368469217
190,190.5,39.226773534390645
191,191.5,48.216275202046354
192,192.5,68.50032254980901
193,193.5,73.10847561876407
194,194.5,75.68747405502458
195,195.5,64.90245902439221
196,196.5,60.808879156610935
197,197.5,66.85689387474523
198,198.5,68.07368325621265
199,199.5,66.04871034566773
200,200.5,70.86675370264005
201,201.5,66.88662948183914
202,202.5,55.94465399091802
203,203.5,25.90041352529364
204,204.5,27.649947348256003
205,205.5,35.32417918215731
206,206.5,38.03476614914188
207,207.5,45.7107589817364
208,208.5,54.599030474644366
209,209.5,56.31274144380837
210,210.5,74.36921059601019
211,211.5,70.93574796360068
212,212.5,67.63456651120781
213,213.5,68.8139504928966
214,214.5,72.20525363728555
215,215.5,49.22488803048533
216,216.5,49.22488803048533
217,217.5,37.914498613913175
218,218.5,28.373384606282098
219,219.5,25.397897508306517
220,220.5,23.807824896659266
221,221.5,18.22237191266692
222,222.5,22.223893019581116
223,223.5,14.859976113143691
224,224.5,4.119063221044615
225,225.5,4.837284244693895
226,226.5,0.2181002140637878
227,227.5,0.3581729559611966
228,228.5,5.939708758570777
229,229.5,3.7046027698272885
230,230.5,6.47176442679274
231,231.5,13.637037833365168
232,232.5,29.466080695316982
233,233.5,54.79150360066094
234,234.5,78.34719497798496
235,235.5,83.17823355514479
236,236.5,82.62523482210123
237,237.5,82.38923906375223
238,238.5,83.43287173649877
239,239.5,81.93127560816852
240,240.5,83.41732092391426
241,241.5,83.36780612449722
242,242.5,82.47234483345161
243,243.5,82.32977542179304
244,244.5,82.74384182686057
245,245.5,81.69969477452152
246,246.5,82.6241260913287
247,247.5,83.18533412496002
248,248.5,82.09300492214564
249,249.5,82.0431408627578
250,250.5,83.38621912506261
251,251.5,83.42756871558063
252,252.5,81.67187486450379
253,253.5,80.42461952538136
254,254.5,81.00423550118859
255,255.5,82.24052396206609
256,256.5,79.13681156487668
257,257.5,71.10033081078251
258,258.5,72.54226179336827
259,259.5,73.5401577134409
260,260.5,82.2192771149763
261,261.5,83.43824137749543
262,262.5,83.24632998810297
263,263.5,80.80358918836893
264,264.5,79.04177371233594
265,265.5,69.96543755629612
266,266.5,37.7698952861223
267,267.5,49.26012483341881
268,268.5,27.073153668336374
269,269.5,16.266697480616806
270,270.5,8.71191605052818
271,271.5,22.83599875727553
272,272.5,25.48138304814433
273,273.5,17.549307543226238
274,274.5,9.966318227497188
275,275.5,11.379447373372317
276,276.5,7.79845391440815
277,277.5,7.210497248953802
278,278.5,7.9305714777796075
279,279.5,7.51909943878535
280,280.5,14.372507013452044
281,281.5,15.292044425251234
282,282.5,27.85906737296298
283,283.5,44.24403203836534
284,284.5,43.92540043633467
285,285.5,53.87975834169907
286,286.5,47.04695984479493
287,287.5,37.01089056754875
288,288.5,33.03083468535538
289,289.5,18.792331487037377
290,290.5,12.816595689824073
291,291.5,21.12458817362841
292,292.5,17.701425427291007
293,293.5,8.75838909869037
294,294.5,12.985674409658197
295,295.5,17.945691766420037
296,296.5,8.213552274306064
297,297.5,0.4720591234274392
298,298.5,0.4038991104726104
299,299.5,0.0
300,300.5,0.0
301,301.5,0.0
302,302.5,0.0
303,303.5,0.09318976498600949
304,304.5,0.2620389429312846
305,305.5,1.1574708586469833
306,306.5,12.45287050035762
307,307.5,27.611865579591832
308,308.5,21.32892838059525
309,309.5,21.04301598944016
310,310.5,22.417671502404442
311,311.5,25.176116690445934
312,312.5,32.476899324681995
313,313.5,25.93623060475056
314,314.5,23.445032532470403
315,315.5,23.559841952580953
316,316.5,21.719145862987727
317,317.5,23.75192049639786
318,318.5,17.25717209107761
319,319.5,21.10690333300108
320,320.5,18.937246219983855
321,321.5,9.705522059422547
322,322.5,9.465300351574962
323,323.5,5.766127983981338
324,324.5,5.215870152417373
325,325.5,3.5783661933161697
326,326.5,5.787780647586142
327,327.5,8.194650716951921
328,328.5,10.752534993561934
329,329.5,11.114384566064945
330,330.5,19.249578124142015
331,331.5,27.231494284600277
332,332.5,19.347025017699366
333,333.5,19.84840193514966
334,334.5,16.342811100726276
335,335.5,17.10085758920754
336,336.5,10.19571806215168
337,337.5,3.358988229998795
338,338.5,2.8341882051430023
339,339.5,2.2178382721486933
340,340.5,0.36371938420796274
341,341.5,0.5274528205980222
342,342.5,0.2665707783989933
343,343.5,0.44874526423349603
344,344.5,1.8243010027030955
345,345.5,1.4375192844711997
346,346.5,2.0570981530942962
347,347.5,5.911401996504614
348,348.5,7.2341181446214415
349,349.5,7.367720631679549
350,350.5,7.507454628789376
351,351.5,7.187106414916749
352,352.5,5.166528249347021
353,353.5,2.7958533469607474
354,354.5,2.009286479286967
355,355.5,1.484908335983251
356,356.5,5.779405015383109
357,357.5,14.361837734574417
358,358.5,27.40730403940235
359,359.5,40.28356508292682
360,360.5,58.210369734155165
361,361.5,57.50594797862871
362,362.5,52.048175124904645
363,363.5,55.730662647410384
364,364.5,51.609791539735895
365,365.5,45.96615776783873
366,366.5,53.05915184023336
367,367.5,43.43369183994353
368,368.5,58.21774854507942
369,369.5,52.64551639181192
370,370.5,34.659563776266225
371,371.5,19.26352352308358
372,372.5,25.35049357557911
373,373.5,23.92747410477454
374,374.5,26.831086959613135
375,375.5,28.424059674793565
376,376.5,26.89080641797322
377,377.5,14.766184563794766
378,378.5,22.993074005451483
379,379.5,25.999472350255925
380,380.5,29.42364382817282
381,381.5,22.031048592189197
382,382.5,20.28864547492391
383,383.5,20.45458844054954
384,384.5,28.280138651370354
385,385.5,34.717374744809966
386,386.5,25.117295410226387
387,387.5,23.55832560457292
388,388.5,33.567147235408484
389,389.5,27.658473570285597
390,390.5,22.67089353297241
391,391.5,23.242254138686036
392,392.5,21.74122727896139
393,393.5,16.22924506650119
394,394.5,5.585527930723611
395,395.5,0.00301658956263417
396,396.5,0.0
397,397.5,0.0
398,398.5,0.0
399,399.5,0.0
400,400.5,0.0
401,401.5,0.06728576441741796
402,402.5,0.9715428741047281
403,403.5,6.642391297148352
404,404.5,12.05601194809625
405,405.5,18.95039886532499
406,406.5,33.90191000390019
407,407.5,37.25755097462916
408,408.5,51.52704048429124
409,409.5,58.07673382454731
410,410.5,66.46310558828215
411,411.5,73.42479816576653
412,412.5,79.73037374414358
413,413.5,81.99615676641042
414,414.5,83.44369560933595
415,415.5,83.43189031869814
416,416.5,83.36786742028177
417,417.5,82.16655020523065
418,418.5,71.57570631114734
419,419.5,57.59849468197523
420,420.5,65.25486376735539
421,421.5,70.64903884141172
422,422.5,68.98382060882108
423,423.5,68.7362324653074
424,424.5,58.43892449943881
425,425.5,59.79707296405528
426,426.5,72.85327259977542
427,427.5,80.51200982281988
428,428.5,83.32038887626558
429,429.5,83.4335695511278
430,430.5,82.84655083164861
431,431.5,75.85797383873633
432,432.5,52.91635645621197
433,433.5,40.772810050774325
434,434.5,41.034246141346635
435,435.5,37.54422624454034
436,436.5,33.29592353293537
437,437.5,35.56444831299974
438,438.5,37.89466401668282
439,439.5,25.534247447172792
440,440.5,39.66760986652588
441,441.5,51.39336523021486
442,442.5,44.013115918326356
443,443.5,31.26182415610286
444,444.5,13.651414909798625
445,445.5,20.456789597928047
446,446.5,21.852030158311262
447,447.5,24.19391079852666
448,448.5,28.763513297562447
449,449.5,17.748093412528178
450,450.5,18.409202483859218
451,451.5,34.389627568213896
452,452.5,23.671792521218727
453,453.5,15.44038743730794
454,454.5,11.381702778070538
455,455.5,7.627521157387656
456,456.5,2.5004364775806964
457,457.5,1.6403406420727624
458,458.5,0.28912135641416387
459,459.5,0.9005443719467099
460,460.5,2.912717379381488
461,461.5,7.312800499014441
462,462.5,10.052511748265658
463,463.5,17.410166760606288
464,464.5,23.946551218487844
465,465.5,37.400828519652265
466,466.5,34.6851546369224
467,467.5,15.166518897929441
468,468.5,6.108064891533981
469,469.5,10.040148327757926
470,470.5,7.669060422508575
471,471.5,1.7471133507390635
472,472.5,10.06176280620012
473,473.5,38.90964231766034
474,474.5,70.58809692771482
475,475.5,83.38640114486172
476,476.5,83.2317693902427
477,477.5,83.37942056135729
478,478.5,83.40479390514975
479,479.5,80.33907794473436
480,480.5,78.61819519581984
481,481.5,75.4710551382909
482,482.5,70.99563149217141
483,483.5,65.77282091325083
484,484.5,48.93918900363728
485,485.5,36.2192750176217
486,486.5,22.02333423904877
487,487.5,12.642234121526482
488,488.5,3.058042071330812
489,489.5,0.16494644828486468
490,490.5,0.0
491,491.5,0.0
492,492.5,0.0
493,493.5,0.0
494,494.5,0.5756897307142205
495,495.5,2.5547835353236903
496,496.5,1.6855402829747825
497,497.5,4.431056655464468
498,498.5,12.936852643854865
499,499.5,16.898770198684872
500,500.5,27.884926331262083
501,501.5,33.49348190093776
502,502.5,42.53521945776694
503,503.5,47.76569939855665
504,504.5,59.15585775279371
505,505.5,51.279533608033
506,506.5,58.64161637394982
507,507.5,60.121709427988435
508,508.5,55.74662309259343
509,509.5,32.854941662412884
510,510.5,27.0425526869764
511,511.5,22.08629748187826
512,512.5,31.657205322930054
513,513.5,35.49050372056654
514,514.5,35.384544449130324
515,515.5,21.256973073975843
516,516.5,9.703482325936928
517,517.5,6.523329400210918
518,518.5,5.0187219950056745
519,519.5,3.731097552175415
520,520.5,1.0216486751960971
521,521.5,3.076202603680306
522,522.5,6.392636979708011
523,523.5,7.081982670426513
524,524.5,5.8267023425355
525,525.5,0.3999337332554074
526,526.5,0.0
527,527.5,0.3177872321824736
528,528.5,0.06124967789476371
529,529.5,0.18375446598790834
530,530.5,0.0
531,531.5,0.0
532,532.5,0.0
533,533.5,0.06991526179513625
534,534.5,0.24148227008301093
535,535.5,0.3689527164538192
536,536.5,3.236848797793317
537,537.5,5.010661842999287
538,538.5,7.946653808785462
539,539.5,14.70487340527146
540,540.5,5.947025337939623
541,541.5,4.845009891765573
542,542.5,4.709183119222376
543,543.5,3.473192728374211
544,544.5,5.894840981267921
545,545.5,10.129414239767677
546,546.5,16.935600446267642
547,547.5,27.310992846422682
548,548.5,23.953042220826482
549,549.5,32.04576269405179
550,550.5,29.111969060200995
551,551.5,15.386512086075253
552,552.5,20.573106721499563
553,553.5,19.046807311926877
554,554.5,28.285738054068382
555,555.5,21.45884331023626
556,556.5,11.300289770878363
557,557.5,9.314271125279618
558,558.5,5.699882204436273
559,559.5,1.2216392215581933
560,560.5,0.38863172859586353
561,561.5,0.14321142074102225
562,562.5,0.0180735908699356
563,563.5,0.0
564,564.5,0.0
565,565.5,0.0
566,566.5,1.0303088409130359
567,567.5,0.8967199717442621
568,568.5,8.177304303903453
569,569.5,22.679059505697364
570,570.5,35.92256265665801
571,571.5,73.08136147080131
572,572.5,82.81097178660974
573,573.5,81.88307767294746
574,574.5,82.95410201737452
575,575.5,83.05429664652797
576,576.5,83.38342961128342
577,577.5,79.22888722788595
578,578.5,69.42737958116454
579,579.5,47.815288655561
580,580.5,61.707549293839826
581,581.5,55.975467166169295
582,582.5,49.52916136269808
583,583.5,51.931460100339116
584,584.5,47.49691580880249
585,585.5,43.59945990243664
586,586.5,31.62021876095244
587,587.5,9.842213622868487
588,588.5,6.519768467497867
589,589.5,3.110818902650534
590,590.5,2.324543288001643
591,591.5,1.7452427576435763
592,592.5,0.3784642075368073
593,593.5,0.3983479746140306
594,594.5,5.228224538476635
595,595.5,7.774249603180849
596,596.5,8.950700243244668
597,597.5,12.825589353966757
598,598.5,11.742631449073974
599,599.5,12.062726671738002
600,600.5,16.18166300511781
601,601.5,18.136890593750376
602,602.5,27.14476895796971
603,603.5,37.96775247915572
604,604.5,47.410972023084106
605,605.5,61.5340216059392
606,606.5,66.63694772728243
607,607.5,60.07352156138591
608,608.5,57.81922789764787
609,609.5,55.911756276355
610,610.5,42.21446475838516
611,611.5,13.267275603157193
612,612.5,17.77620856212507
613,613.5,35.52375250126625
614,614.5,40.13870610553815
615,615.5,55.63234083344499
616,616.5,62.40142005205097
617,617.5,64.57398510080762
618,618.5,41.03129749091582
619,619.5,69.67751356558823
620,620.5,60.6185159213398
621,621.5,73.89194344962931
622,622.5,78.75162196623553
623,623.5,82.64519868315008
624,624.5,82.68498521340848
625,625.5,82.99235069325074
626,626.5,81.81635192918081
627,627.5,76.88848046639953
628,628.5,83.4189023190509
629,629.5,69.64752689669797
630,630.5,70.23935889570714
631,631.5,77.70236187437487
632,632.5,82.87034933148718
633,633.5,77.63709965801513
634,634.5,72.43319645463232
635,635.5,63.96089488437861
636,636.5,75.3705715884275
637,637.5,70.71163759835919
638,638.5,79.48512633334391
639,639.5,80.83038463617471
640,640.5,79.37381931937406
641,641.5,70.94489723300029
642,642.5,78.76324017132873
643,643.5,81.9599726872918
644,644.5,81.2788981824161
645,645.5,82.79960295760579
646,646.5,82.01063357695953
647,647.5,83.42983128676555
648,648.5,82.25266513913381
649,649.5,83.3701005954985
650,650.5,82.95098335917974
651,651.5,82.22238162443531
652,652.5,83.37141381281863
653,653.5,82.25258620139303
654,654.5,81.10079171996931
655,655.5,78.62203416317466
656,656.5,82.14231429817256
657,657.5,51.1324087250247
658,658.5,23.038031077510283
659,659.5,33.493652218761774
660,660.5,76.96802706893382
661,661.5,78.89306241976384
662,662.5,77.92729901638496
663,663.5,77.4085532739992
664,664.5,70.23154229129607
665,665.5,55.557999363777576
666,666.5,83.26168133409347
667,667.5,81.33861262564533
668,668.5,83.25099809185325
669,669.5,81.83640613888528
670,670.5,72.6583637204453
671,671.5,68.9870718064492
672,672.5,74.03662255766307
673,673.5,80.89288956529278
674,674.5,81.23560658029183
675,675.5,74.69397929349186
676,676.5,80.16612527941344
677,677.5,63.259119840663594
678,678.5,78.11371780091982
679,679.5,81.83413997626658
680,680.5,81.41110713509615
681,681.5,62.09673938932199
682,682.5,42.89267656458925
683,683.5,58.37151128285521
684,684.5,68.4018888975755
685,685.5,76.6692196076853
686,686.5,75.29807802539634
687,687.5,67.84942630908617
688,688.5,66.3301508978037
689,689.5,74.97215752108718
690,690.5,60.816866346870746
691,691.5,66.64735868639181
692,692.5,82.70747625360312
693,693.5,70.64468168609315
694,694.5,70.12479092854369
695,695.5,64.03581708065644
696,696.5,58.456501601800205
697,697.5,71.51081776231304
698,698.5,82.54309838511938
699,699.5,82.36475404573578
700,700.5,78.83973301609622
701,701.5,70.09789852844054
702,702.5,66.59510255331054
703,703.5,59.57925625962725
704,704.5,54.066244140374145
705,705.5,39.2300026462597
706,706.5,17.653057174516267
707,707.5,15.22365142986319
708,708.5,25.227105688533346
709,709.5,46.67481094656497
710,710.5,50.65578576678734
711,711.5,46.43073985652318
712,712.5,48.86215514082605
713,713.5,30.611137275124893
714,714.5,50.5823855435099
715,715.5,69.00550193776225
716,716.5,73.24522450910207
717,717.5,83.40566782690048
718,718.5,82.812232769874
719,719.5,83.36592447268646
720,720.5,76.69412051092004
721,721.5,71.332031469289
722,722.5,72.31182674725687
723,723.5,75.47334137224429
724,724.5,77.5361628843544
725,725.5,61.48080022558243
726,726.5,71.30416035571459
727,727.5,73.04496979125112
728,728.5,71.1270792956943
729,729.5,66.6982250642601
730,730.5,45.255601297035625
731,731.5,9.45337371620519
732,732.5,9.850954751918346
733,733.5,4.474481376381822
734,734.5,3.1478690666579126
735,735.5,3.2052903804270882
736,736.5,0.4172121761418938
737,737.5,0.058880722649463056
738,738.5,0.0
739,739.5,0.0
740,740.5,0.0
741,741.5,0.8797244347112113
742,742.5,10.424097760696162
743,743.5,49.405502752435645
744,744.5,74.48235090135987
745,745.5,79.07979050445712
746,746.5,81.48324052750512
747,747.5,82.90955138578462
748,748.5,83.4338104708846
749,749.5,83.44275434415579
750,750.5,83.37409775981112
751,751.5,83.10222140576025
752,752.5,83.39283245972572
753,753.5,78.76762329480479
754,754.5,69.04588702515109
755,755.5,44.463957021130604
756,756.5,52.51070874824204
757,757.5,50.292334139998985
758,758.5,49.48537802684506
759,759.5,31.498079884805982
760,760.5,28.41165850818423
761,761.5,35.70100487621542
762,762.5,0.0
763,763.5,0.47640765710933997
764,764.5,3.7464144076205597
765,765.5,10.120674329334038
766,766.5,15.091013567373945
767,767.5,12.210617565567706
768,768.5,32.92924630918955
769,769.5,42.16873762084451
770,770.5,45.35357085645876
771,771.5,40.26979377340017
772,772.5,40.3308114721173
773,773.5,49.60007044971121
774,774.5,59.697717136937534
775,775.5,64.78930963019401
776,776.5,66.35940993895846
777,777.5,44.41606398519463
778,778.5,7.72413036254236
779,779.5,2.670025301985975
780,780.5,0.3956354279951333
781,781.5,0.09466289122704859
782,782.5,0.0
783,783.5,0.0
784,784.5,0.0
785,785.5,0.06870309507103693
786,786.5,1.4313554071455203
787,787.5,4.212426813613927
788,788.5,2.663140557383451
789,789.5,8.744885517707674
790,790.5,27.43016569166869
791,791.5,27.6821000272279
792,792.5,28.51303630095273
793,793.5,36.887329016070105
794,794.5,48.83525222109719
795,795.5,59.83086654116078
796,796.5,69.85576912668925
797,797.5,74.85880282872166
798,798.5,76.98376703851318
799,799.5,76.98376703851318
800,800.5,78.35209124002849
801,801.5,74.93200276983652
802,802.5,53.924447422568946
803,803.5,46.439649874137864
804,804.5,65.38240138557241
805,805.5,66.94774949345295
806,806.5,74.43863058245206
807,807.5,74.64428694728679
808,808.5,74.13833514608919
809,809.5,78.37057209510272
810,810.5,76.83381238905866
811,811.5,81.6374721951459
812,812.5,77.08702572837116
813,813.5,76.95939394771179
814,814.5,82.0296622780737
815,815.5,81.57573184718615
816,816.5,81.71700482527491
817,817.5,79.19437745775997
818,818.5,83.42943305304279
819,819.5,82.751510127063
820,820.5,75.51613798287256
821,821.5,80.0439468533291
822,822.5,82.22321858403707
823,823.5,82.94021441323848
824,824.5,83.42798294770547
825,825.5,60.97083082283709
826,826.5,41.678937660929556
827,827.5,28.100824149666654
828,828.5,19.279370383999435
829,829.5,16.132115772505106
830,830.5,9.89283552761317
831,831.5,4.013398187831806
832,832.5,0.31769068727739197
833,833.5,0.0
834,834.5,0.02470729598650214
835,835.5,0.0
836,836.5,0.31017647141393645
837,837.5,2.0133602635878574
838,838.5,9.050345313160143
839,839.5,21.31419942246214
840,840.5,29.860042347298787
841,841.5,36.17877585455075
842,842.5,46.96532087353171
843,843.5,49.60618284135717
844,844.5,47.58261657516511
845,845.5,46.09580461897854
846,846.5,44.51721983799713
847,847.5,17.536180700791324
848,848.5,2.1835881389679646
849,849.5,0.21103211596053353
850,850.5,1.5706670146863184
851,851.5,3.202868789912255
852,852.5,2.058216775957365
853,853.5,5.84989388850809
854,854.5,3.899132831516294
855,855.5,4.390103975821348
856,856.5,4.744560547753972
857,857.5,3.14021402391029
858,858.5,2.2287566928291604
859,859.5,5.402836003684048
860,860.5,23.29757059832516
861,861.5,61.93233670314582
862,862.5,68.65266269282121
863,863.5,79.04904454226384
864,864.5,66.64275059519487
865,865.5,67.09442423230584
866,866.5,57.79218419889789
867,867.5,31.247784957510017
868,868.5,20.054307491850405
869,869.5,23.24321757199159
870,870.5,30.350917134212093
871,871.5,37.00039408678561
872,872.5,44.3185834515517
873,873.5,48.73339932809315
874,874.5,53.68244303611796
875,875.5,20.834873343207658
876,876.5,26.572022312790928
877,877.5,42.99617576218406
878,878.5,55.51183284390429
879,879.5,53.00564301180301
880,880.5,54.67718057768406
881,881.5,48.61463219727873
882,882.5,61.396513334761174
883,883.5,61.396513334761174
884,884.5,77.06001061291182
885,885.5,81.93962327754816
886,886.5,82.82008160704507
887,887.5,82.95009912440942
888,888.5,83.29623481900565
889,889.5,81.71957374788772
890,890.5,70.73875571355725
891,891.5,83.27021835977673
892,892.5,83.00304628153387
893,893.5,82.93241955753315
894,894.5,83.06488233570688
895,895.5,83.37964487177258
896,896.5,83.3764528050059
897,897.5,80.20218252656363
898,898.5,74.30999793283183
899,899.5,68.32094872163081
900,900.5,63.58803138958849
901,901.5,66.0670436878335
902,902.5,53.965141822136516
903,903.5,46.91541774851467
904,904.5,35.03506769963654
905,905.5,25.033451919009707
906,906.5,26.698274503423825
907,907.5,23.019661777082433
908,908.5,37.773986368651215
909,909.5,33.855867219241006
910,910.5,27.39604442696275
911,911.5,21.20042638596005
912,912.5,20.659588883082538
913,913.5,17.250437664736438
914,914.5,23.092244247684718
915,915.5,24.33994274840397
916,916.5,32.04529738783392
917,917.5,39.11516531270844
918,918.5,42.73492975821559
919,919.5,50.894623942049016
920,920.5,57.996494551541446
921,921.5,54.01981479865138
922,922.5,25.697691508435803
923,923.5,32.50027012717921
924,924.5,36.47003634094932
925,925.5,46.08589555625032
926,926.5,47.467833089315064
927,927.5,48.1078884606384
928,928.5,56.081769996528365
929,929.5,59.972198093331436
930,930.5,62.02968857478325
931,931.5,72.00102883172521
932,932.5,80.51447140670041
933,933.5,83.40478296251244
934,934.5,83.40385428406363
935,935.5,83.40704159848764
936,936.5,81.81626661562912
937,937.5,80.28621301621429
938,938.5,81.85134812278169
939,939.5,83.36799592141502
940,940.5,81.95742773716357
941,941.5,81.23946202572033
942,942.5,81.99392795467475
943,943.5,83.19838678974325
944,944.5,83.36623150572933
945,945.5,81.1672384795138
946,946.5,78.71157689898193
947,947.5,67.586613049237
948,948.5,63.58866551703667
949,949.5,46.530958037132166
950,950.5,78.3754291011252
951,951.5,82.83897799138481
952,952.5,81.20403936012426
953,953.5,81.06841198369649
954,954.5,82.70823592969273
955,955.5,83.02328716515882
956,956.5,83.33480286616593
957,957.5,80.36669278840358
958,958.5,82.29439367913498
959,959.5,83.40650621819596
960,960.5,76.77428646382415
961,961.5,83.32515174341077
962,962.5,82.39115874747095
963,963.5,82.01819308985631
964,964.5,82.18834359445181
965,965.5,80.85734881183777
966,966.5,81.33204548921404
967,967.5,80.89085756449268
968,968.5,82.67623379818258
969,969.5,83.42577333992759
970,970.5,80.94556147985129
971,971.5,76.4882956858452
972,972.5,66.25906036410166
973,973.5,45.70563521309957
974,974.5,27.948823695324798
975,975.5,23.903626649706688
976,976.5,25.08166596033551
977,977.5,22.958757425839053
978,978.5,33.10139858690018
979,979.5,61.16314650513136
980,980.5,51.48315125500162
981,981.5,0.8924860041556819
982,982.5,28.244605165351274
983,983.5,43.88377621793511
984,984.5,65.10525781265355
985,985.5,68.0239596679512
986,986.5,78.26612436030847
987,987.5,81.77074232042273
988,988.5,80.49009597804258
989,989.5,77.19844476581996
990,990.5,78.17382112416028
991,991.5,79.19957484615799
992,992.5,78.39615901673827
993,993.5,32.64164978547025
994,994.5,23.665032098313848
995,995.5,22.483926948776467
996,996.5,18.79249740284718
997,997.5,16.132295696061437
998,998.5,15.015707368973125
999,999.5,15.387737585170349
1000,1000.5,15.759202747903297
1001,1001.5,18.808600751954753
1002,1002.5,32.078673450679105
1003,1003.5,55.73756365060368
1004,1004.5,65.52944377265798
1005,1005.5,74.27087482032829
1006,1006.5,77.39683691887136
1007,1007.5,77.41321367059435
1008,1008.5,81.63412123251788
1009,1009.5,79.34191697388724
1010,1010.5,31.569906992016286
1011,1011.5,21.906571487556576
1012,1012.5,34.56726591733915
1013,1013.5,29.12155545780415
1014,1014.5,19.28885368394167
1015,1015.5,17.31795300672804
1016,1016.5,28.023080531459712
1017,1017.5,21.710215985644084
1018,1018.5,21.43012774196631
1019,1019.5,26.61021138905719
1020,1020.5,25.489872060591352
1021,1021.5,24.57429739660067
1022,1022.5,26.57443305331741
1023,1023.5,21.63475792128432
1024,1024.5,10.522080447211822
1025,1025.5,2.42996530287161
1026,1026.5,0.25183593741775656
1027,1027.5,1.4389104166607711
1028,1028.5,4.747272010784201
1029,1029.5,11.728338753896736
1030,1030.5,8.63955012039609
1031,1031.5,9.211643198395363
1032,1032.5,7.3591958646682745
1033,1033.5,4.491202624887801
1034,1034.5,3.1833692495247603
1035,1035.5,1.7722919284952752
1036,1036.5,1.0235574298057235
1037,1037.5,2.9529896150311967
1038,1038.5,5.08621164204331
1039,1039.5,7.491233589971476
1040,1040.5,8.242944047740119
1041,1041.5,6.64572547244545
1042,1042.5,6.901301606290543
1043,1043.5,0.41088092393630476
1044,1044.5,1.0760433929119633
1045,1045.5,1.3247975906232015
1046,1046.5,1.4585255711766572
1047,1047.5,3.2544880564340857
1048,1048.5,1.81969497671436
1049,1049.5,1.1330248892648929
1050,1050.5,0.3219247676580258
1051,1051.5,1.0712042302351332
1052,1052.5,2.07719600370338
1053,1053.5,0.38550526814914177
1054,1054.5,0.11892154768150512
1055,1055.5,0.0
1056,1056.5,0.0
1057,1057.5,0.0
1058,1058.5,0.0
1059,1059.5,0.0
1060,1060.5,0.0
1061,1061.5,0.0
1062,1062.5,1.8955526759307915
1063,1063.5,9.583024816143583
1064,1064.5,27.800849851631053
1065,1065.5,27.92604948412581
1066,1066.5,18.28440598275397
1067,1067.5,7.606479217843379
1068,1068.5,11.751105426662315
1069,1069.5,11.263575209501434
1070,1070.5,9.689636982383528
1071,1071.5,13.139428050152016
1072,1072.5,18.408719441360663
1073,1073.5,27.168495115331886
1074,1074.5,52.484231140188754
1075,1075.5,67.05723764708245
1076,1076.5,75.44381403163221
1077,1077.5,82.20582683610508
1078,1078.5,80.73954935877951
1079,1079.5,74.01690513094911
1080,1080.5,73.99769308197347
1081,1081.5,77.35121363821285
1082,1082.5,74.77158092717981
1083,1083.5,76.38654905905398
1084,1084.5,75.97197849490739
1085,1085.5,68.72351727545832
1086,1086.5,45.558303963212445
1087,1087.5,32.35065435396743
1088,1088.5,17.33480999581727
1089,1089.5,0.9243141178856936
1090,1090.5,0.0
1091,1091.5,0.0
1092,1092.5,0.07312408676965797
1093,1093.5,0.4519452244973458
1094,1094.5,3.6806589452060186
1095,1095.5,9.157446065305875
1096,1096.5,10.55564343076376
1097,1097.5,10.66496774637061
1098,1098.5,1.7730495975692089
1099,1099.5,4.436341312704592
1100,1100.5,9.611427555466383
1101,1101.5,8.571127349061426
1102,1102.5,27.371913775051755
1103,1103.5,40.11133324462953
1104,1104.5,28.81353137931881
1105,1105.5,49.70392752276354
1106,1106.5,28.13986143764325
1107,1107.5,6.435830285291674
1108,1108.5,0.0
1109,1109.5,0.0
1110,1110.5,3.2036771075729384
1111,1111.5,11.22964137936327
1112,1112.5,26.229452688575275
1113,1113.5,44.08580456801247
1114,1114.5,26.365175165814424
1115,1115.5,21.414613046860815
1116,1116.5,19.033481170056902
1117,1117.5,13.680834816909776
1118,1118.5,9.221310956510683
1119,1119.5,8.163149013646471
1120,1120.5,4.53712572811542
1121,1121.5,2.786259753294321
1122,1122.5,3.614145119110349
1123,1123.5,1.7568166738936504
1124,1124.5,4.604445124886386
1125,1125.5,7.249800807379603
1126,1126.5,29.70550220610753
1127,1127.5,14.882581390294698
1128,1128.5,9.541405050329226
1129,1129.5,8.882687988446065
1130,1130.5,15.497087748748518
1131,1131.5,6.041418213014553
1132,1132.5,2.881173789329341
1133,1133.5,3.2798424959501213
1134,1134.5,3.0235547913359246
1135,1135.5,2.8580733907879927
1136,1136.5,4.355183810716306
1137,1137.5,7.261301323575065
1138,1138.5,7.655546726394717
1139,1139.5,0.456694243681448
1140,1140.5,5.897805697861202
1141,1141.5,21.87095168349287
1142,1142.5,34.12940579216937
1143,1143.5,61.62411268276368
1144,1144.5,66.7665176321375
1145,1145.5,66.0815419745599
1146,1146.5,81.85527088886919
1147,1147.5,82.61186891231323
1148,1148.5,82.6868488079563
1149,1149.5,82.21860650188535
1150,1150.5,81.99090276792286
1151,1151.5,83.1265323054191
1152,1152.5,82.95669278214446
1153,1153.5,83.40209839813096
1154,1154.5,82.99586373956444
1155,1155.5,82.53275208429662
1156,1156.5,83.36598917330438
1157,1157.5,81.26231655937993
1158,1158.5,76.17128836088109
1159,1159.5,70.53055774075058
1160,1160.5,81.89954894264055
1161,1161.5,80.37343844945731
1162,1162.5,70.92844580797647
1163,1163.5,69.86154728432511
1164,1164.5,55.21250460594576
1165,1165.5,54.539257112051764
1166,1166.5,43.29445761906038
1167,1167.5,33.22809105962083
1168,1168.5,20.44245310673774
1169,1169.5,17.46048149687207
1170,1170.5,10.194013327666987
1171,1171.5,6.475871717894122
1172,1172.5,3.05193429231638
1173,1173.5,7.006539850173538
1174,1174.5,14.721806298250403
1175,1175.5,20.302452382529584
1176,1176.5,31.708179277137777
1177,1177.5,26.150757840739985
1178,1178.5,33.60373124486258
1179,1179.5,41.440936899656506
1180,1180.5,47.890118097357906
1181,1181.5,66.52762709638974
1182,1182.5,63.10643217329435
1183,1183.5,76.40467771184119
1184,1184.5,76.33505359760376
1185,1185.5,59.090729468630705
1186,1186.5,38.66206411892172
1187,1187.5,49.46444642543934
1188,1188.5,48.31172531616965
1189,1189.5,58.38117488557128
1190,1190.5,58.51839841709425
1191,1191.5,69.15713900268071
1192,1192.5,72.12025933009826
1193,1193.5,75.46497585766154
1194,1194.5,69.12903710517166
1195,1195.5,74.91533288168031
1196,1196.5,82.54815118347767
1197,1197.5,83.39572977392439
1198,1198.5,75.2157660981554
1199,1199.5,76.1342880724494
1200,1200.5,75.85869432016553
1201,1201.5,66.51436335812531
1202,1202.5,74.14237767514967
1203,1203.5,81.81741537740992
1204,1204.5,82.56135291028248
1205,1205.5,83.0546460087409
1206,1206.5,83.43420578667697
1207,1207.5,83.31735422570878
1208,1208.5,67.04114075864615
1209,1209.5,57.263809095596
1210,1210.5,65.37068572028862
1211,1211.5,66.37476112752435
1212,1212.5,67.71708883199952
1213,1213.5,69.24796446069861
1214,1214.5,73.67188341585485
1215,1215.5,76.32279867011691
1216,1216.5,81.0271372194542
1217,1217.5,71.61956096532542
1218,1218.5,78.89069216507691
1219,1219.5,70.1349232661237
1220,1220.5,82.3424053780852
1221,1221.5,77.53504348043839
1222,1222.5,57.206738681390945
1223,1223.5,77.44843231037365
1224,1224.5,71.84765051348431
1225,1225.5,78.55330505278239
1226,1226.5,69.53656800067861
1227,1227.5,65.49311422908178
1228,1228.5,62.52050242511359
1229,1229.5,59.18987313855668
1230,1230.5,66.89493326797376
1231,1231.5,54.84105216412105
1232,1232.5,27.468250822813033
1233,1233.5,16.249309002352312
1234,1234.5,9.16245933704484
1235,1235.5,7.868352094797644
1236,1236.5,43.70372320409771
1237,1237.5,35.495813887426735
1238,1238.5,22.732221537649803
1239,1239.5,14.283314447072009
1240,1240.5,16.204420881992778
1241,1241.5,19.521938238493885
1242,1242.5,17.39526395390403
1243,1243.5,29.7822715056069
1244,1244.5,27.126940918053528
1245,1245.5,22.224566702402427
1246,1246.5,15.812848033629564
1247,1247.5,18.43413950192334
1248,1248.5,23.33252968673321
1249,1249.5,27.456419978581064
1250,1250.5,19.305858570346903
1251,1251.5,12.2368165578884
1252,1252.5,7.396682520352165
1253,1253.5,10.51992453250056
1254,1254.5,3.9839034718229973
1255,1255.5,2.0176729398293514
1256,1256.5,2.012377628499306
1257,1257.5,0.6174609369366967
1258,1258.5,0.2645705139180384
1259,1259.5,0.22235610176369655
1260,1260.5,0.3893190509496092
1261,1261.5,0.33558433219796324
1262,1262.5,1.2887343177798405
1263,1263.5,1.3079297014448998
1264,1264.5,2.363760063575945
1265,1265.5,2.7048156690392853
1266,1266.5,14.947764422787625
1267,1267.5,49.84614450823414
1268,1268.5,41.768289095214314
1269,1269.5,32.57617719141797
1270,1270.5,39.63093348404512
1271,1271.5,43.90321861409108
1272,1272.5,51.502224962222414
1273,1273.5,34.38076767559868
1274,1274.5,48.720507209076146
1275,1275.5,54.45500509283599
1276,1276.5,61.68966341003336
1277,1277.5,56.16241313040945
1278,1278.5,34.12276914790579
1279,1279.5,32.351973695751
1280,1280.5,14.762146615271181
1281,1281.5,16.90913366638041
1282,1282.5,6.122760970624103
1283,1283.5,6.6392131845148095
1284,1284.5,8.160280828634573
1285,1285.5,9.571691546052252
1286,1286.5,25.274175750664874
1287,1287.5,25.049199187005335
1288,1288.5,22.551391212938608
1289,1289.5,38.76353313690133
1290,1290.5,44.14223010434594
1291,1291.5,74.84391604607205
1292,1292.5,64.4403171542978
1293,1293.5,70.9428754573045
1294,1294.5,83.35396077358857
1295,1295.5,82.77682120108882
1296,1296.5,83.41876779353342
1297,1297.5,83.39778535506397
1298,1298.5,83.41427042897205
1299,1299.5,82.15403720556886
1300,1300.5,83.2949351101186
1301,1301.5,82.52281215819671
1302,1302.5,77.6648769550688
1303,1303.5,63.09394275124519
1304,1304.5,65.30731430142956
1305,1305.5,61.020673865309455
1306,1306.5,31.932852533436094
1307,1307.5,17.321596907828898
1308,1308.5,17.485636808045363
1309,1309.5,13.611782267108067
1310,1310.5,3.3018319787030244
1311,1311.5,0.40380006379192335
1312,1312.5,0.3322687947389964
1313,1313.5,75.13222096830584
1314,1314.5,71.95299018273042
1315,1315.5,73.46615261990765
1316,1316.5,80.48873452116709
1317,1317.5,81.60003026509918
1318,1318.5,79.67851771298636
1319,1319.5,83.24769061614165
1320,1320.5,80.12984913228057
1321,1321.5,82.2245024238163
1322,1322.5,81.60200213102188
1323,1323.5,80.43839581050096
1324,1324.5,80.3588976496545
1325,1325.5,82.15727173708436
1326,1326.5,81.0175725372831
1327,1327.5,82.20866543594529
1328,1328.5,80.62190673651503
1329,1329.5,80.7461615140531
1330,1330.5,81.61566154536607
1331,1331.5,81.19187019685405
1332,1332.5,82.04808931964278
1333,1333.5,82.71172560895111
1334,1334.5,82.67374354904427
1335,1335.5,83.42317955620024
1336,1336.5,83.09676158377064
1337,1337.5,82.89696941279688
1338,1338.5,79.07687757197971
1339,1339.5,79.03673350777662
1340,1340.5,81.94316834548599
1341,1341.5,82.78652344126301
1342,1342.5,81.3534395616663
1343,1343.5,69.28273769082551
1344,1344.5,52.41795045259698
1345,1345.5,43.56230216769529
1346,1346.5,31.819923996994635
1347,1347.5,33.5000223204457
1348,1348.5,23.785663949869488
1349,1349.5,25.93958876638205
1350,1350.5,19.43415245780472
1351,1351.5,16.588932024038854
1352,1352.5,11.940706118411557
1353,1353.5,9.925628032559722
1354,1354.5,2.924181909664508
1355,1355.5,0.0
1356,1356.5,0.0
1357,1357.5,0.0
1358,1358.5,0.3170967807011155
1359,1359.5,0.8449360881577674
1360,1360.5,1.6181269857154401
1361,1361.5,1.1770389542736879
1362,1362.5,1.571943352282507
1363,1363.5,0.0
1364,1364.5,24.80678953232716
1365,1365.5,37.29785649694758
1366,1366.5,44.69678320010035
1367,1367.5,44.05632970957386
1368,1368.5,28.373384606282098
1369,1369.5,34.501805945139374
1370,1370.5,76.38611348063087
1371,1371.5,82.32851406597136
1372,1372.5,82.61715900779018
1373,1373.5,83.36294441576227
1374,1374.5,80.75806992542635
1375,1375.5,80.74620321565234
1376,1376.5,82.99370929627025
1377,1377.5,69.33500629743081
1378,1378.5,56.48974378026525
1379,1379.5,52.35413246924963
1380,1380.5,52.45663694093225
1381,1381.5,48.66252075562724
1382,1382.5,51.01494950605029
1383,1383.5,45.2373254979357
1384,1384.5,47.35086498629922
1385,1385.5,40.607528356300435
1386,1386.5,52.235461768502695
1387,1387.5,33.85529811883193
1388,1388.5,26.28045233251658
1389,1389.5,9.071756254508422
1390,1390.5,31.963816858401238
1391,1391.5,9.767753364035913
1392,1392.5,6.185508243807563
1393,1393.5,10.076720783313528
1394,1394.5,16.132464917112415
1395,1395.5,11.65092523327683
1396,1396.5,8.204045830624498
1397,1397.5,5.006867892903122
1398,1398.5,3.459848689737756
1399,1399.5,3.1775678214095904
1400,1400.5,5.866024530467797
1401,1401.5,7.608661079780016
1402,1402.5,6.166362758448154
1403,1403.5,0.3640534356075816
1404,1404.5,0.3471026524888808
1405,1405.5,0.0
1406,1406.5,0.0
1407,1407.5,0.047991875767456255
1408,1408.5,1.505808309496502
1409,1409.5,1.7366791646443034
1410,1410.5,3.6073615300817328
1411,1411.5,4.161051408641084
1412,1412.5,2.5393564836637164
1413,1413.5,1.0971080351959506
1414,1414.5,2.4528216592817693
1415,1415.5,0.8329619750490546
1416,1416.5,0.3027791898112751
1417,1417.5,0.07052885108503079
1418,1418.5,0.0
1419,1419.5,0.0
1420,1420.5,4.398517278603366
1421,1421.5,14.561691966253585
1422,1422.5,11.201309840018851
1423,1423.5,8.362838869664625
1424,1424.5,21.219984118560934
1425,1425.5,14.917830042824756
1426,1426.5,17.37985493211991
1427,1427.5,17.58471117797971
1428,1428.5,33.37148535880244
1429,1429.5,35.51705321380746
1430,1430.5,41.73049768831547
1431,1431.5,43.96516056577714
1432,1432.5,38.85735535374187
1433,1433.5,49.44671460028176
1434,1434.5,45.73184724926824
1435,1435.5,50.621300806731874
1436,1436.5,60.38289987779092
1437,1437.5,53.37626497822433
1438,1438.5,39.91467953192221
1439,1439.5,34.79224226052661
1440,1440.5,12.571322751756798
1441,1441.5,3.545692657480565
1442,1442.5,3.4944115389413626
1443,1443.5,3.596971330801451
1444,1444.5,9.92559375144213
1445,1445.5,20.394838425006892
1446,1446.5,27.62439323298068
1447,1447.5,33.40989496419905
1448,1448.5,38.342615565255834
1449,1449.5,36.377151031920306
1450,1450.5,24.648162719864047
1451,1451.5,37.697145033007246
1452,1452.5,32.09596658630044
1453,1453.5,17.89430131369492
1454,1454.5,12.758394791870499
1455,1455.5,11.310733322392494
1456,1456.5,8.489573443540756
1457,1457.5,5.851628733922944
1458,1458.5,4.837033126235495
1459,1459.5,6.916952791555231
1460,1460.5,7.627168023649764
1461,1461.5,13.28141018185052
1462,1462.5,19.91722756830151
1463,1463.5,16.290476004201068
1464,1464.5,46.5867172656662
1465,1465.5,50.94782410539145
1466,1466.5,67.10070293077692
1467,1467.5,75.73155145277364
1468,1468.5,82.5449764910577
1469,1469.5,82.47969074760591
1470,1470.5,83.42400892646968
1471,1471.5,83.43942721144273
1472,1472.5,80.29053539424116
1473,1473.5,67.27234820717386
1474,1474.5,40.77589057673485
1475,1475.5,67.85993567580873
1476,1476.5,70.7673730530266
1477,1477.5,72.04376718892527
1478,1478.5,81.73085606208082
1479,1479.5,83.3617647471655
1480,1480.5,83.37492382626787
1481,1481.5,77.83115046726766
1482,1482.5,83.04609861993002
1483,1483.5,83.39932394535913
1484,1484.5,83.14268509754045
1485,1485.5,83.4200716259941
1486,1486.5,82.74000472915748
1487,1487.5,81.70259935880259
1488,1488.5,83.16692236909292
1489,1489.5,83.19448140947142
1490,1490.5,82.07450230543598
1491,1491.5,82.29090326921538
1492,1492.5,81.31060916812895
1493,1493.5,81.72930952761139
1494,1494.5,82.10687940984988
1495,1495.5,82.11982156424509
1496,1496.5,82.54656112622888
1497,1497.5,83.24819699631624
1498,1498.5,67.02357501482886
1499,1499.5,54.36104169286063
1500,1500.5,48.91276272277305
1501,1501.5,52.769151828926454
1502,1502.5,63.878941566373946
1503,1503.5,68.74485920879857
1504,1504.5,78.88369169525026
1505,1505.5,83.40906663172129
1506,1506.5,81.73286592986186
1507,1507.5,73.68796219754807
1508,1508.5,81.44591873453508
1509,1509.5,82.76735172396593
1510,1510.5,82.61856998136426
1511,1511.5,83.03909353303875
1512,1512.5,76.95716197881056
1513,1513.5,83.00587357165949
1514,1514.5,58.40849320257055
1515,1515.5,63.94151035317191
1516,1516.5,74.53257573974776
1517,1517.5,79.7688363367768
1518,1518.5,71.43147387572856
1519,1519.5,51.89589115886929
1520,1520.5,32.42570052960689
1521,1521.5,6.866560060539067
1522,1522.5,5.800758834093386
1523,1523.5,2.5935414491166155
1524,1524.5,0.26685909704011435
1525,1525.5,0.0
1526,1526.5,0.0
1527,1527.5,0.06176606400200018
1528,1528.5,0.0
1529,1529.5,1.725840465772591
1530,1530.5,3.019514384692197
1531,1531.5,5.926878579190444
1532,1532.5,21.733645640453435
1533,1533.5,43.45810531662611
1534,1534.5,40.590467033905796
1535,1535.5,53.30074298528667
1536,1536.5,70.82265488447382
1537,1537.5,74.63634562901807
1538,1538.5,81.85026547086427
1539,1539.5,80.28326613391164
1540,1540.5,80.74509525891581
1541,1541.5,81.66478335243288
1542,1542.5,82.49337528017169
1543,1543.5,82.10552348912306
1544,1544.5,70.29781001658456
1545,1545.5,38.60559576296243
1546,1546.5,48.95204461111219
1547,1547.5,65.86824856281663
1548,1548.5,68.30043064350973
1549,1549.5,68.23160634260381
1550,1550.5,71.85653322743728
1551,1551.5,72.1929929447049
1552,1552.5,68.81612956478487
1553,1553.5,73.53578524243731
1554,1554.5,68.72162106911921
1555,1555.5,82.89877715773784
1556,1556.5,83.43032792038271
1557,1557.5,83.41675604958473
1558,1558.5,83.36367104093344
1559,1559.5,83.44430685955838
1560,1560.5,83.38428519583422
1561,1561.5,80.41123893143892
1562,1562.5,83.10847363472878
1563,1563.5,82.65311486251117
1564,1564.5,76.06394637867449
1565,1565.5,71.67769989503967
1566,1566.5,73.20286785846379
1567,1567.5,77.62451120717495
1568,1568.5,62.22506183737388
1569,1569.5,30.390596233400707
1570,1570.5,2.3959764253073086
1571,1571.5,2.249665145467494
1572,1572.5,2.3120154928773418
1573,1573.5,4.2217698952407545
1574,1574.5,17.186793851331185
1575,1575.5,21.156091329408568
1576,1576.5,62.58043738522369
1577,1577.5,37.955209501751106
1578,1578.5,32.66558468898041
1579,1579.5,71.38868905356696
1580,1580.5,81.6947903131317
1581,1581.5,83.44228482982429
1582,1582.5,82.70275207379962
1583,1583.5,83.39431138725628
1584,1584.5,83.07845406089343
1585,1585.5,83.36300217389423
1586,1586.5,83.11786011657293
1587,1587.5,83.07908258666878
1588,1588.5,83.42529205775462
1589,1589.5,78.75913568548377
1590,1590.5,77.65107230128497
1591,1591.5,75.29873724456368
1592,1592.5,56.8592743293724
1593,1593.5,57.41776359542836
1594,1594.5,21.55541509868496
1595,1595.5,28.12928429853208
1596,1596.5,22.679059505697364
1597,1597.5,28.280442723449074
1598,1598.5,58.648185389252646
1599,1599.5,47.844137525101594
1600,1600.5,75.99429837803424
1601,1601.5,79.20826620691862
1602,1602.5,74.02651022211131
1603,1603.5,79.54672082193525
1604,1604.5,83.42191929220098
1605,1605.5,82.87885343045585
1606,1606.5,73.40350764328807
1607,1607.5,83.19552669456647
1608,1608.5,72.90460424704706
1609,1609.5,68.12299249781891
1610,1610.5,71.72878238684588
1611,1611.5,76.12749845176496
1612,1612.5,70.39435954350317
1613,1613.5,73.33140685920532
1614,1614.5,79.12256854923673
1615,1615.5,79.597198507544
1616,1616.5,82.48144314635924
1617,1617.5,67.91705149406656
1618,1618.5,76.71960181181088
1619,1619.5,82.62244112462815
1620,1620.5,82.99544363996846
1621,1621.5,81.90520115689358
1622,1622.5,82.83405866099802
1623,1623.5,82.45045850045864
1624,1624.5,83.43936361434388
1625,1625.5,82.95388114039707
1626,1626.5,81.74574592050892
1627,1627.5,81.38769758436644
1628,1628.5,42.48535267910245
1629,1629.5,71.63721862107903
1630,1630.5,60.62878493196593
1631,1631.5,82.50539203183406
1632,1632.5,81.92386593791407
1633,1633.5,81.29315358316848
1634,1634.5,83.43063683521487
1635,1635.5,82.5496579657986
1636,1636.5,83.09349926100042
1637,1637.5,83.3090221318662
1638,1638.5,83.42320037084394
1639,1639.5,83.38622788945293
1640,1640.5,83.42386759933525
1641,1641.5,83.36500256498867
1642,1642.5,83.34108718252662
1643,1643.5,83.43439704941957
1644,1644.5,81.8344102610932
1645,1645.5,81.70341174830452
1646,1646.5,82.74753637480497
1647,1647.5,80.03264902570191
1648,1648.5,83.40285538038171
1649,1649.5,82.6399920188608
1650,1650.5,75.33279952742689
1651,1651.5,62.600255474501296
1652,1652.5,63.24697236232664
1653,1653.5,58.3399456946457
1654,1654.5,70.27999980554279
1655,1655.5,70.6984820976857
1656,1656.5,65.35745886238374
1657,1657.5,44.51724579245177
1658,1658.5,58.15385006936405
1659,1659.5,27.045883124789036
1660,1660.5,34.29439597431461
1661,1661.5,29.789522584425743
1662,1662.5,47.93977802760139
1663,1663.5,63.00488750997989
1664,1664.5,58.10660769012395
1665,1665.5,30.45077011597672
1666,1666.5,15.07613676031405
1667,1667.5,7.595692066811869
1668,1668.5,9.550594270706904
1669,1669.5,9.768310229200495
1670,1670.5,6.153767546909389
1671,1671.5,2.8747730288412447
1672,1672.5,0.9092362390974158
1673,1673.5,2.8331146972880066
1674,1674.5,4.4930193330750985
1675,1675.5,17.11528572158392
1676,1676.5,2.606257357385749
1677,1677.5,0.20137553638645872
1678,1678.5,0.028082063725242648
1679,1679.5,0.020205096231629124
1680,1680.5,0.35649599866695403
1681,1681.5,29.777891156453386
1682,1682.5,68.062132125312
1683,1683.5,72.06371835993329
1684,1684.5,76.95074988671237
1685,1685.5,78.28604194187372
1686,1686.5,80.04962655319753
1687,1687.5,82.65121133898212
1688,1688.5,75.97980776223969
1689,1689.5,57.49057336926596
1690,1690.5,52.3872786367463
1691,1691.5,44.7827460841062
1692,1692.5,31.236815386769358
1693,1693.5,18.567726825191006
1694,1694.5,8.925128823063536
1695,1695.5,3.6039085725369953
1696,1696.5,2.1965708885098576
1697,1697.5,0.7902484264638928
1698,1698.5,1.3355572898489525
1699,1699.5,2.918183811581205
1700,1700.5,8.664519741694061
1701,1701.5,7.65234948603874
1702,1702.5,13.137306464840748
1703,1703.5,31.0854078159593
1704,1704.5,48.38404833699714
1705,1705.5,56.35651566698022
1706,1706.5,63.326653605736965
1707,1707.5,71.62135298133342
1708,1708.5,71.2038078048907
1709,1709.5,73.28269939483566
1710,1710.5,77.67671106003655
1711,1711.5,77.79679998103303
1712,1712.5,72.8363522871275
1713,1713.5,29.188462561757905
1714,1714.5,28.710724846882872
1715,1715.5,38.3114352359956
1716,1716.5,41.05387850791579
1717,1717.5,37.04106308885609
1718,1718.5,24.16117404034773
1719,1719.5,17.655057618083227
1720,1720.5,14.133729036006125
1721,1721.5,12.628859353524264
1722,1722.5,14.977989045474978
1723,1723.5,38.22404695269448
1724,1724.5,56.54513925615634
1725,1725.5,66.31163565124658
1726,1726.5,78.23041557846652
1727,1727.5,81.01402104215373
1728,1728.5,82.49713902884008
1729,1729.5,79.4699481382038
1730,1730.5,75.85422148472242
1731,1731.5,68.44365106942035
1732,1732.5,62.769310639543264
1733,1733.5,47.71992474180856
1734,1734.5,32.667854538967404
1735,1735.5,31.975879403921333
1736,1736.5,21.165022234970973
1737,1737.5,2.190818354015732
1738,1738.5,0.0
1739,1739.5,0.0
1740,1740.5,0.07008976987926771
1741,1741.5,1.427039062928086
1742,1742.5,2.4106009753761146
1743,1743.5,2.4880810236391895
1744,1744.5,2.2859350036618733
1745,1745.5,0.5008145257500982
1746,1746.5,0.3934141208425309
1747,1747.5,0.3229727779952145
1748,1748.5,0.0
1749,1749.5,0.0
1750,1750.5,0.0
1751,1751.5,0.0
1752,1752.5,0.0
1753,1753.5,0.0
1754,1754.5,0.0
1755,1755.5,0.38045386433526585
1756,1756.5,1.7901538062464932
1757,1757.5,29.437464865649385
1758,1758.5,25.731807040134534
1759,1759.5,18.919409427462377
1760,1760.5,16.278122348345974
1761,1761.5,10.914695754793973
1762,1762.5,2.130226611743799
1763,1763.5,6.006770853065621
1764,1764.5,6.870766692388544
1765,1765.5,11.864973869217936
1766,1766.5,7.26461479810612
1767,1767.5,5.895480833755369
1768,1768.5,3.986697633002429
1769,1769.5,3.73695757204099
1770,1770.5,2.92452472210445
1771,1771.5,0.9805157102651693
1772,1772.5,2.8899632172248246
1773,1773.5,10.334569539530854
1774,1774.5,32.64285660658915
1775,1775.5,50.70175099752509
1776,1776.5,45.533643119608755
1777,1777.5,14.596939345083417
1778,1778.5,26.496492996560765
1779,1779.5,72.76805773402589
1780,1780.5,51.63993738142044
1781,1781.5,59.92769537508965
1782,1782.5,52.02796056148491
1783,1783.5,46.91920767577351
1784,1784.5,67.39365047946548
1785,1785.5,65.78224662116162
1786,1786.5,50.46344601448714
1787,1787.5,48.37558421218728
1788,1788.5,35.51382094234966
1789,1789.5,27.720884280760437
1790,1790.5,22.740866761548364
1791,1791.5,15.748726529390662
1792,1792.5,14.005084312771679
1793,1793.5,13.535640578616201
1794,1794.5,11.483370200021982
1795,1795.5,25.246050970420093
1796,1796.5,37.13311128643899
1797,1797.5,40.986368143077584
1798,1798.5,40.98222298678426
1799,1799.5,35.27257873733029
1800,1800.5,30.792346655641325
1801,1801.5,20.954889446268442
1802,1802.5,28.526513492893276
1803,1803.5,18.726649171947916
1804,1804.5,10.794332665244118
1805,1805.5,29.287745247288367
1806,1806.5,29.46767147994241
1807,1807.5,18.47279736402472
1808,1808.5,2.093281266695776
1809,1809.5,0.0
1810,1810.5,0.0
1811,1811.5,0.34297221916237486
1812,1812.5,5.24548293526586
1813,1813.5,16.00165879846313
1814,1814.5,31.73660505332049
1815,1815.5,59.5421418854719
1816,1816.5,82.80210751829759
1817,1817.5,77.99011349504335
1818,1818.5,79.35992735365288
1819,1819.5,41.17281797170922
1820,1820.5,60.96383507950382
1821,1821.5,69.28662369646713
1822,1822.5,81.78570327269829
1823,1823.5,77.67475125996559
1824,1824.5,83.14811829117572
1825,1825.5,81.96903897514824
1826,1826.5,65.23397584986454
1827,1827.5,82.94600095904366
1828,1828.5,83.38567236123026
1829,1829.5,79.73488005245913
1830,1830.5,75.62173957854225
1831,1831.5,62.78694356174046
1832,1832.5,31.15243360018685
1833,1833.5,23.961342502466405
1834,1834.5,8.728306125211077
1835,1835.5,2.2318583499621085
1836,1836.5,0.32520905726120597
1837,1837.5,1.4834322272536253
1838,1838.5,0.37693661510980786
1839,1839.5,2.732151558786404
1840,1840.5,13.880408455049556
1841,1841.5,20.336401824347224
1842,1842.5,36.45581411044013
1843,1843.5,51.9937147273859
1844,1844.5,78.33753145526642
1845,1845.5,17.07519211718378
1846,1846.5,13.765115700680674
1847,1847.5,9.31501224794158
1848,1848.5,1.2237885868382845
1849,1849.5,0.0
1850,1850.5,0.31037320883814873
1851,1851.5,0.16105953708750942
1852,1852.5,2.6467725994533016
1853,1853.5,3.232610034154839
1854,1854.5,2.2555714969044702
1855,1855.5,6.297850269736875
1856,1856.5,4.8488276771871845
1857,1857.5,2.7177836620250244
1858,1858.5,3.1651159903647783
1859,1859.5,15.065877433062516
1860,1860.5,23.728118924879823
1861,1861.5,21.48098167495311
1862,1862.5,20.741288503381668
1863,1863.5,33.660844441360254
1864,1864.5,36.942228141551865
1865,1865.5,38.92993890275168
1866,1866.5,36.429093779938604
1867,1867.5,33.244111012500845
1868,1868.5,60.65785267636479
1869,1869.5,63.478237163159825
1870,1870.5,64.68821829787633
1871,1871.5,67.83562659288911
1872,1872.5,63.26585315824379
1873,1873.5,72.74444340285375
1874,1874.5,77.87092729465202
1875,1875.5,76.25193557690794
1876,1876.5,56.50952563181887
1877,1877.5,47.36949128318032
1878,1878.5,42.27247104948609
1879,1879.5,23.851406733872444
1880,1880.5,15.833337062942627
1881,1881.5,1.4648257566331606
1882,1882.5,2.4263268686911807
1883,1883.5,7.237680910932675
1884,1884.5,20.075874251332525
1885,1885.5,23.465874569199546
1886,1886.5,41.20904151048306
1887,1887.5,47.62499994758054
1888,1888.5,53.17592749925137
1889,1889.5,62.377113585112006
1890,1890.5,67.20092556353565
1891,1891.5,68.09388586625747
1892,1892.5,75.55027135998564
1893,1893.5,78.8720805694892
1894,1894.5,82.47361740321983
1895,1895.5,83.3949501085293
1896,1896.5,83.40921780937002
1897,1897.5,83.41396453545697
1898,1898.5,82.75902423736981
1899,1899.5,82.54970472558452
1900,1900.5,82.38505851285693
1901,1901.5,81.74824661018293
1902,1902.5,82.92040204059558
1903,1903.5,82.7692034859885
1904,1904.5,76.32262646943616
1905,1905.5,38.749252467555586
1906,1906.5,57.540026462932026
1907,1907.5,54.879837866240045
1908,1908.5,49.591335130052386
1909,1909.5,62.29829315556191
1910,1910.5,65.95909273850467
1911,1911.5,62.719721960197795
1912,1912.5,76.22613200969813
1913,1913.5,83.39767867958582
1914,1914.5,79.99943303182499
1915,1915.5,82.5624970122442
1916,1916.5,83.22565017213266
1917,1917.5,82.04451987160577
1918,1918.5,83.41286771067082
1919,1919.5,82.5843723053971
1920,1920.5,28.20980513505545
1921,1921.5,32.635244296947164
1922,1922.5,10.993427422902462
1923,1923.5,20.260436138793853
1924,1924.5,70.04436958033973
1925,1925.5,68.20656160375023
1926,1926.5,37.49418677239722
1927,1927.5,19.02905819801482
1928,1928.5,20.66782127803822
1929,1929.5,2.009108615252932
1930,1930.5,0.4137470505713592
1931,1931.5,0.6036837062653683
1932,1932.5,1.2042585233565806
1933,1933.5,3.097471234877327
1934,1934.5,8.386194327720746
1935,1935.5,13.422119910709876
1936,1936.5,17.845837908321275
1937,1937.5,19.787808651495038
1938,1938.5,39.34162591462119
1939,1939.5,35.93595445946832
1940,1940.5,50.98645795121541
1941,1941.5,65.99140963329744
1942,1942.5,70.59902247980608
1943,1943.5,72.24705313753755
1944,1944.5,78.48379262215646
1945,1945.5,81.24341775599453
1946,1946.5,76.84692111150126
1947,1947.5,74.31803667662287
1948,1948.5,83.09784491612481
1949,1949.5,82.84655134233891
1950,1950.5,81.81218798119528
1951,1951.5,75.57448078211428
1952,1952.5,26.27726483578556
1953,1953.5,10.599862764555388
1954,1954.5,3.6060535867101406
1955,1955.5,1.5381816986299612
1956,1956.5,1.9081075059063117
1957,1957.5,24.997199451268774
1958,1958.5,83.38862883970144
1959,1959.5,82.17254609184091
1960,1960.5,80.96104977839114
1961,1961.5,73.28850750541233
1962,1962.5,51.72387677997505
1963,1963.5,54.56401082410233
1964,1964.5,51.86062971692183
1965,1965.5,69.0496607559352
1966,1966.5,83.25821620297029
1967,1967.5,82.66795765707327
1968,1968.5,66.62621813508261
1969,1969.5,72.09218551145618
1970,1970.5,79.13261358490905
1971,1971.5,82.13522935405055
1972,1972.5,78.2851134900388
1973,1973.5,62.00266466400975
1974,1974.5,72.01911886517222
1975,1975.5,58.989182505598876
1976,1976.5,46.59552079474828
1977,1977.5,37.42060333062856
1978,1978.5,20.739741750435037
1979,1979.5,10.436315716908382
1980,1980.5,3.997046416776835
1981,1981.5,0.3656648171263588
1982,1982.5,0.11909244069359073
1983,1983.5,0.0
1984,1984.5,0.0
1985,1985.5,0.0
1986,1986.5,0.0
1987,1987.5,5.24253370981491
1988,1988.5,17.71353367809127
1989,1989.5,47.655376582642916
1990,1990.5,27.722499020512704
1991,1991.5,62.94777728031999
1992,1992.5,30.65895956446631
1993,1993.5,35.05162294115601
1994,1994.5,42.83971209076396
1995,1995.5,52.18374226322535
1996,1996.5,31.308540894481254
1997,1997.5,28.06735967803736
1998,1998.5,21.048983182195652
1999,1999.5,18.18578343183257
2000,2000.5,6.839845937465165
2001,2001.5,0.7554451902358753
2002,2002.5,0.16333900836425533
2003,2003.5,0.0
2004,2004.5,0.0
2005,2005.5,0.11883903325912988
2006,2006.5,0.1177950983734386
2007,2007.5,0.38135308088936815
2008,2008.5,0.644503460042697
2009,2009.5,0.09545063802946821
2010,2010.5,0.26379416103291203
2011,2011.5,3.8744201299265284
2012,2012.5,10.942273993255736
2013,2013.5,11.438116299265772
2014,2014.5,5.785083391751247
2015,2015.5,6.6670438144419775
2016,2016.5,20.230626459297653
2017,2017.5,23.157435286534067
2018,2018.5,23.459213710342006
2019,2019.5,33.043911248502525
2020,2020.5,60.41702419839871
2021,2021.5,55.23593593639299
2022,2022.5,73.56769194415352
2023,2023.5,82.05445201553152
2024,2024.5,65.24374146540057
2025,2025.5,39.13043397140895
2026,2026.5,48.95767605351688
2027,2027.5,61.41529718987739
2028,2028.5,65.52078895913908
2029,2029.5,69.34106667376166
2030,2030.5,69.48828720218116
2031,2031.5,66.09859555754255
2032,2032.5,67.9471864212825
2033,2033.5,70.03887403287932
2034,2034.5,68.60368018817725
2035,2035.5,79.93928507019861
2036,2036.5,83.23973250435863
2037,2037.5,83.08665123290754
2038,2038.5,83.1986116832799
2039,2039.5,82.20004497626317
2040,2040.5,82.18594273965839
2041,2041.5,81.14767029935362
2042,2042.5,82.04900759877165
2043,2043.5,81.97807280378004
2044,2044.5,83.08872774907928
2045,2045.5,83.28050748693303
2046,2046.5,80.94511716186572
2047,2047.5,83.39415712848474
2048,2048.5,79.30002676951776
2049,2049.5,44.7051528434584
2050,2050.5,20.71711892666428
2051,2051.5,24.853213298367553
2052,2052.5,25.068827331431994
2053,2053.5,28.9761667648732
2054,2054.5,30.289830681363124
2055,2055.5,24.5341255264352
2056,2056.5,12.742842975536709
2057,2057.5,23.983799812221545
2058,2058.5,13.662673347169685
2059,2059.5,70.12224757265209
2060,2060.5,80.12837043670841
2061,2061.5,82.60875942520798
2062,2062.5,78.28025668833709
2063,2063.5,65.71984766798954
2064,2064.5,66.47764287538821
2065,2065.5,50.50943669023385
2066,2066.5,14.234741084608237
2067,2067.5,4.811530190140048
2068,2068.5,16.957779058348233
2069,2069.5,21.464067566546284
2070,2070.5,11.714336471275589
2071,2071.5,18.149194598807696
2072,2072.5,12.477044046340618
2073,2073.5,1.623064306813252
2074,2074.5,0.41101263758536577
2075,2075.5,0.030149206680376288
2076,2076.5,0.292197919916373
2077,2077.5,0.0
2078,2078.5,0.0
2079,2079.5,4.314444741967627
2080,2080.5,13.479105920351245
2081,2081.5,5.192993353974759
2082,2082.5,0.14320335079947466
2083,2083.5,0.10018678862306792
2084,2084.5,65.81384176036148
2085,2085.5,61.497601460156794
2086,2086.5,66.68857360366154
2087,2087.5,70.59250354450363
2088,2088.5,1.1213726403498778
2089,2089.5,9.46142386181478
2090,2090.5,0.9387125078774397
2091,2091.5,0.3340334006721896
2092,2092.5,22.42623857862433
2093,2093.5,3.3909906851850686
2094,2094.5,0.18097724984225524
2095,2095.5,0.2032011852167628
2096,2096.5,0.17372048221006733
2097,2097.5,0.25506819616641485
2098,2098.5,0.3801520133312343
2099,2099.5,0.10509711966395627
2100,2100.5,0.8832662546349723
2101,2101.5,0.5049737263144947
2102,2102.5,0.1645877674421598
2103,2103.5,0.19889007306975803
2104,2104.5,3.2321947958141517
2105,2105.5,81.86127686460887
2106,2106.5,16.65062265703161
2107,2107.5,14.871502343744634
2108,2108.5,8.750297454156065
2109,2109.5,29.044073461374765
2110,2110.5,1.5996065559926516
2111,2111.5,0.23926987542810785
2112,2112.5,2.5534170305001425
2113,2113.5,13.380119046733155
2114,2114.5,26.225272550622204
2115,2115.5,40.45970611778316
2116,2116.5,30.88471210103414
2117,2117.5,25.27000032795278
2118,2118.5,37.81415425316713
2119,2119.5,45.279367913073415
2120,2120.5,46.287263382306556
2121,2121.5,26.358842905999122
2122,2122.5,7.5918155714855695
2123,2123.5,2.6233071882607772
2124,2124.5,2.1787500713109265
2125,2125.5,2.917836279719886
2126,2126.5,0.41082103622511035
2127,2127.5,0.2770467146562055
2128,2128.5,0.0
2129,2129.5,0.0
2130,2130.5,0.0
2131,2131.5,12.090888361372855
2132,2132.5,30.306590727570523
2133,2133.5,66.06578858595665
2134,2134.5,75.72462681819735
2135,2135.5,70.8357856350257
2136,2136.5,58.585911384538974
2137,2137.5,58.928871081773615
2138,2138.5,37.02409612032234
2139,2139.5,83.03799480131971
2140,2140.5,83.42926548384284
2141,2141.5,81.98661967703534
2142,2142.5,75.90906483239114
2143,2143.5,56.49737229475753
2144,2144.5,38.539192313726666
2145,2145.5,22.43893244008186
2146,2146.5,11.083668433325846
2147,2147.5,4.652117623557237
2148,2148.5,1.6923847990633094
2149,2149.5,0.01349284066298158
2150,2150.5,0.0
2151,2151.5,0.0
2152,2152.5,0.03858476038822835
2153,2153.5,0.25056850736904585
2154,2154.5,2.723186687445382
2155,2155.5,3.0627260013358613
2156,2156.5,11.867877611566
2157,2157.5,6.207216637059613
2158,2158.5,15.472702833272479
2159,2159.5,35.89092014523942
2160,2160.5,50.6458285812894
2161,2161.5,73.34294970177032
2162,2162.5,82.02712167335909
2163,2163.5,83.40147678535307
2164,2164.5,83.41098581786264
2165,2165.5,83.29166119753386
2166,2166.5,83.39941149841518
2167,2167.5,82.64800478279082
2168,2168.5,82.41175378752612
2169,2169.5,48.09148735659872
2170,2170.5,0.3298638534936082
2171,2171.5,3.54514166559461
2172,2172.5,0.3971596017296887
2173,2173.5,1.5097026134916325
2174,2174.5,10.448730520074584
2175,2175.5,32.00171256317331
2176,2176.5,22.398967065663168
2177,2177.5,34.85287374769979
2178,2178.5,55.90144542648258
2179,2179.5,64.82514414489955
2180,2180.5,78.90405363900686
2181,2181.5,74.04439164124119
2182,2182.5,73.33489982841107
2183,2183.5,53.358537889679496
2184,2184.5,66.39269570859872
2185,2185.5,60.56787476803715
2186,2186.5,50.31333930088874
2187,2187.5,42.01225416438147
2188,2188.5,43.56543765975816
2189,2189.5,28.767419874724197
2190,2190.5,36.86347331659361
2191,2191.5,28.712412572612024
2192,2192.5,32.642625555532604
2193,2193.5,29.15333243518029
2194,2194.5,29.89566681299289
2195,2195.5,20.938413479045252
2196,2196.5,17.50957756681431
2197,2197.5,18.758986893432418
2198,2198.5,16.695974610678782
2199,2199.5,13.628626680508216
2200,2200.5,17.902124396596232
2201,2201.5,28.297869660451386
2202,2202.5,19.006381490104165
2203,2203.5,28.88234669205715
2204,2204.5,28.731483613156716
2205,2205.5,22.869106283306834
2206,2206.5,41.850213920675664
2207,2207.5,53.26056655004802
2208,2208.5,54.414385748235304
2209,2209.5,51.60676732417513
2210,2210.5,0.23718742849470856
2211,2211.5,19.487681555558872
2212,2212.5,8.181314762463048
2213,2213.5,15.964319233129856
2214,2214.5,40.012312718790916
2215,2215.5,37.32828536838882
2216,2216.5,30.562599836535277
2217,2217.5,15.495458858440418
2218,2218.5,16.73886314849508
2219,2219.5,5.591422011823212
2220,2220.5,5.562596077491555
2221,2221.5,5.788415662587984
2222,2222.5,3.500118445791147
2223,2223.5,1.5155773866811495
2224,2224.5,0.32820569693239326
2225,2225.5,0.2834305185693154
2226,2226.5,0.22733637284979696
2227,2227.5,0.08754555316620866
2228,2228.5,0.0
2229,2229.5,0.1917707652109394
2230,2230.5,0.1966513885875804
2231,2231.5,0.28144497523431256
2232,2232.5,0.08922099256833338
2233,2233.5,0.0
2234,2234.5,0.0
2235,2235.5,0.17294494006752362
2236,2236.5,0.36559355314005154
2237,2237.5,2.6092099142403757
2238,2238.5,7.249994247566167
2239,2239.5,13.266400587665926
2240,2240.5,21.379998586747046
2241,2241.5,18.024773294292462
2242,2242.5,4.375017193301673
2243,2243.5,4.215041830559345
2244,2244.5,1.7294331955839353
2245,2245.5,0.3910584447621051
2246,2246.5,0.08063916389313099
2247,2247.5,0.0
2248,2248.5,0.0
2249,2249.5,0.0
2250,2250.5,0.0
2251,2251.5,0.21313521078672226
2252,2252.5,16.857214314146834
2253,2253.5,16.939498683669
2254,2254.5,28.486488890847113
2255,2255.5,58.18370730560158
2256,2256.5,64.49083280499745
2257,2257.5,81.22410419703284
2258,2258.5,82.53189792144813
2259,2259.5,83.40749625344273
2260,2260.5,83.36969604736397
2261,2261.5,83.36651472048224
2262,2262.5,83.22338360796512
2263,2263.5,83.32143395898709
2264,2264.5,81.41597396380148
2265,2265.5,71.31375954612014
2266,2266.5,67.15236321594693
2267,2267.5,58.03141252321593
2268,2268.5,73.27287299113677
2269,2269.5,76.53150124596942
2270,2270.5,77.00785651825775
2271,2271.5,77.03747619488512
2272,2272.5,77.16719066677393
2273,2273.5,80.44921768093718
2274,2274.5,80.17584834350913
2275,2275.5,77.97891843316802
2276,2276.5,83.3764893745383
2277,2277.5,82.0720950771811
2278,2278.5,83.38843645721819
2279,2279.5,83.4031854409755
2280,2280.5,80.76772132225399
2281,2281.5,82.33637216743566
2282,2282.5,82.04375577276616
2283,2283.5,82.25993485806545
2284,2284.5,82.66813429847049
2285,2285.5,69.63483646425719
2286,2286.5,49.81810649069653
2287,2287.5,67.72869313599881
2288,2288.5,55.310700060828296
2289,2289.5,41.02225923105202
2290,2290.5,25.869590923350536
2291,2291.5,15.353570926485023
2292,2292.5,9.69108288291602
2293,2293.5,4.310016748408655
2294,2294.5,2.4983776183847315
2295,2295.5,0.545501575599217
2296,2296.5,0.0
2297,2297.5,0.1950930025090552
2298,2298.5,2.8201715672263634
2299,2299.5,10.830884421863479
2300,2300.5,36.62254931686641
2301,2301.5,72.90979823049291
2302,2302.5,83.43436267127458
2303,2303.5,83.41466596954092
2304,2304.5,83.41151889905646
2305,2305.5,83.43503501896463
2306,2306.5,82.11901198041258
2307,2307.5,81.65453845407086
2308,2308.5,81.9313415817814
2309,2309.5,74.3256261582718
2310,2310.5,55.67761770661169
2311,2311.5,58.28873556475522
2312,2312.5,15.4036117079962
2313,2313.5,2.1512986628122643
2314,2314.5,2.067496460724631
2315,2315.5,3.331574304122507
2316,2316.5,3.683451706429336
2317,2317.5,1.0562554276147702
2318,2318.5,6.306194329716457
2319,2319.5,11.649473571877447
2320,2320.5,10.43838357626416
2321,2321.5,5.818735608119251
2322,2322.5,35.19822701879252
2323,2323.5,25.094201275341963
2324,2324.5,43.495617964486634
2325,2325.5,54.83211689102477
2326,2326.5,76.373927402654
2327,2327.5,77.84036005985813
2328,2328.5,53.55894352270042
2329,2329.5,47.90262333771565
2330,2330.5,41.023485515981896
2331,2331.5,16.00918000375469
2332,2332.5,4.950812215411452
2333,2333.5,1.8637775170234976
2334,2334.5,3.377856532604155
2335,2335.5,8.211551909085944
2336,2336.5,2.19499038457149
2337,2337.5,5.5871362562087015
2338,2338.5,0.0
2339,2339.5,0.3883123625702149
2340,2340.5,16.137410572000427
2341,2341.5,20.281267378872
2342,2342.5,54.070956720494905
2343,2343.5,69.05233394993023
2344,2344.5,56.18083551891963
2345,2345.5,74.4929570941422
2346,2346.5,76.87796891808912
2347,2347.5,79.07525873715463
2348,2348.5,80.96669805134039
2349,2349.5,82.8765625797404
2350,2350.5,83.05954473835438
2351,2351.5,83.40300294952075
2352,2352.5,61.22927324439728
2353,2353.5,77.132222307739
2354,2354.5,54.583823436152564
2355,2355.5,31.753896069152738
2356,2356.5,71.00044383132969
2357,2357.5,83.37462554819214
2358,2358.5,83.36588399191254
2359,2359.5,82.39244337027164
2360,2360.5,45.54998888022408
2361,2361.5,36.30337521585934
2362,2362.5,31.599053928854183
2363,2363.5,59.87754253057079
2364,2364.5,64.25845981744368
2365,2365.5,75.8618565336527
2366,2366.5,50.73719236277058
2367,2367.5,60.383117131879246
2368,2368.5,73.12770572469941
2369,2369.5,79.53035213451554
2370,2370.5,75.11987676700868
2371,2371.5,80.21829375872836
2372,2372.5,82.17769941666279
2373,2373.5,79.08700828476479
2374,2374.5,76.9992072074577
2375,2375.5,79.19790710731571
2376,2376.5,81.83335781104662
2377,2377.5,79.54503101167496
2378,2378.5,75.53283612012225
2379,2379.5,77.02483044114487
2380,2380.5,69.61882793897202
2381,2381.5,78.54576863108342
2382,2382.5,79.13374072794657
2383,2383.5,65.60573688991974
2384,2384.5,62.937605536897145
2385,2385.5,66.8916200967169
2386,2386.5,61.37477232227235
2387,2387.5,56.473233160890864
2388,2388.5,43.26237227951676
2389,2389.5,31.339779061855637
2390,2390.5,22.37402269273454
2391,2391.5,17.987241905571317
2392,2392.5,13.074774093275211
2393,2393.5,9.79896868555843
2394,2394.5,7.6014994878707025
2395,2395.5,9.065597723967809
2396,2396.5,12.47805565941875
2397,2397.5,21.659077209832542
2398,2398.5,32.15927059856039
2399,2399.5,37.28106384190004
2400,2400.5,26.598168623275534
2401,2401.5,28.984222016275428
2402,2402.5,15.482443734252167
2403,2403.5,7.860105964321679
2404,2404.5,0.28180661915744204
2405,2405.5,0.3420361548916101
2406,2406.5,9.885117855174949
2407,2407.5,23.510843391742956
2408,2408.5,32.417901436504856
2409,2409.5,30.739765370607717
2410,2410.5,33.17232188322369
2411,2411.5,21.891288815558266
2412,2412.5,15.688750485672102
2413,2413.5,13.85997080481381
2414,2414.5,8.840474134574706
2415,2415.5,4.797887148752845
2416,2416.5,3.273612960642495
2417,2417.5,0.9398190658476863
2418,2418.5,0.20997893521876884
2419,2419.5,0.0
2420,2420.5,0.0
2421,2421.5,1.4506025016823807
2422,2422.5,4.877672480351929
2423,2423.5,49.322696007948444
2424,2424.5,79.62335822344376
2425,2425.5,75.44147344071878
2426,2426.5,74.57191729758844
2427,2427.5,79.7054748421011
2428,2428.5,76.30126537937653
2429,2429.5,77.17392632877282
2430,2430.5,73.58264422546782
2431,2431.5,65.48653362317744
2432,2432.5,28.648950392602213
2433,2433.5,11.868037738074182
2434,2434.5,20.851938303033116
2435,2435.5,18.505462038923884
2436,2436.5,11.96285950612314
2437,2437.5,9.805616908375399
2438,2438.5,8.804056007846315
2439,2439.5,8.884438263511564
2440,2440.5,9.106562025403763
2441,2441.5,20.39898306709077
2442,2442.5,24.238605296845677
2443,2443.5,14.761359868250514
2444,2444.5,50.563659664880745
2445,2445.5,65.196432336861
2446,2446.5,82.67598709606109
2447,2447.5,83.33705077949685
2448,2448.5,82.09730807860606
2449,2449.5,83.17306757562194
2450,2450.5,82.77052454589644
2451,2451.5,40.14806023007699
2452,2452.5,12.870432151874956
2453,2453.5,5.001993218493546
2454,2454.5,2.5214228072364477
2455,2455.5,14.719852112982151
2456,2456.5,54.7771244136202
2457,2457.5,49.913134434492626
2458,2458.5,40.28236907504021
2459,2459.5,24.59509740843266
2460,2460.5,41.98814901755113
2461,2461.5,55.23676534753507
2462,2462.5,69.61550125130336
2463,2463.5,78.91504667273811
2464,2464.5,45.42257168597521
2465,2465.5,75.1971473399179
2466,2466.5,72.742162268074
2467,2467.5,77.49691495576324
2468,2468.5,83.23450984990404
2469,2469.5,83.40412733183287
2470,2470.5,83.35117328814596
2471,2471.5,82.16269821406506
2472,2472.5,83.25766967435636
2473,2473.5,82.81765328539464
2474,2474.5,83.26316832780391
2475,2475.5,82.94555360783643
2476,2476.5,82.0868670762726
2477,2477.5,82.12830998999887
2478,2478.5,83.43232271502511
2479,2479.5,83.30927575776822
2480,2480.5,78.33298045419578
2481,2481.5,72.27073691061612
2482,2482.5,74.92750424332041
2483,2483.5,75.143193348741
2484,2484.5,78.55597710433517
2485,2485.5,76.65963857879103
2486,2486.5,75.84198423233615
2487,2487.5,81.95135787251665
2488,2488.5,82.2163960762245
2489,2489.5,73.26143814809812
2490,2490.5,81.32945524719989
2491,2491.5,47.770735395564614
2492,2492.5,51.46473284672252
2493,2493.5,53.16324033243992
2494,2494.5,24.048624235415677
2495,2495.5,81.6812190410876
2496,2496.5,80.32185346011192
2497,2497.5,81.9327760338812
2498,2498.5,67.92721091188312
2499,2499.5,82.61453595917189
2500,2500.5,62.79734257416098
2501,2501.5,58.05415182391778
2502,2502.5,69.76363156255613
2503,2503.5,48.45148685525502
2504,2504.5,16.71498760696514
2505,2505.5,4.9002498850563585
2506,2506.5,2.2517245263165635
2507,2507.5,0.3121145865025858
2508,2508.5,2.388313346520426
2509,2509.5,8.728756369438342
2510,2510.5,14.76628717043025
2511,2511.5,53.12345750144078
2512,2512.5,67.69594365908152
2513,2513.5,53.84879613320293
2514,2514.5,55.20913186012611
2515,2515.5,43.64318301380088
2516,2516.5,47.69477372195447
2517,2517.5,66.94371255800424
2518,2518.5,81.53898164573184
2519,2519.5,81.53898164573184
2520,2520.5,70.11252424676175
2521,2521.5,71.24243907516075
2522,2522.5,41.17497973481346
2523,2523.5,4.374114045496946
2524,2524.5,14.669177000621547
2525,2525.5,57.27257932653799
2526,2526.5,58.83681345103314
2527,2527.5,41.5668754101645
2528,2528.5,16.055424002649477
2529,2529.5,14.839625269412837
2530,2530.5,8.034305072813556
2531,2531.5,8.915618065793558
2532,2532.5,9.10081423995186
2533,2533.5,7.722639749767968
2534,2534.5,13.643119198414052
2535,2535.5,25.3971164695928
2536,2536.5,41.88375639621376
2537,2537.5,59.94479698841544
2538,2538.5,60.60216959097459
2539,2539.5,57.342532197494485
2540,2540.5,68.6919685954892
2541,2541.5,52.25709308455967
2542,2542.5,65.97420365359886
2543,2543.5,67.3829211098746
2544,2544.5,70.85634184494626
2545,2545.5,65.20929388092271
2546,2546.5,74.43801689483566
2547,2547.5,79.29379378338722
2548,2548.5,80.71494815746225
2549,2549.5,83.03937210680964
2550,2550.5,77.1539833046421
2551,2551.5,54.61825070341783
2552,2552.5,54.32231724897595
2553,2553.5,10.563180922857349
2554,2554.5,5.905366773565219
2555,2555.5,28.746226629907056
2556,2556.5,34.339992783764544
2557,2557.5,51.24071145998246
2558,2558.5,75.60833852692045
2559,2559.5,74.97324499916775
2560,2560.5,79.9625976482283
2561,2561.5,74.30410339206594
2562,2562.5,83.4159864368251
2563,2563.5,83.39275957137026
2564,2564.5,81.2056275295241
2565,2565.5,35.279106573012534
2566,2566.5,73.77639812784766
2567,2567.5,76.59604976548215
2568,2568.5,82.44199042503782
2569,2569.5,78.50130819429413
2570,2570.5,83.27161202590068
2571,2571.5,76.49348279474508
2572,2572.5,74.28519709159889
2573,2573.5,83.44165057687309
2574,2574.5,73.81874683591671
2575,2575.5,73.95462432716224
2576,2576.5,76.4751116501676
2577,2577.5,73.09508932733712
2578,2578.5,67.0929280407501
2579,2579.5,61.905143908681225
2580,2580.5,53.95077037028755
2581,2581.5,44.34653777451158
2582,2582.5,43.837634412496485
2583,2583.5,42.2562009102604
2584,2584.5,44.167303184714704
2585,2585.5,34.39946286585254
2586,2586.5,28.33058292691434
2587,2587.5,27.17738952166361
2588,2588.5,53.66704691421597
2589,2589.5,52.74975471424649
2590,2590.5,31.18856267945103
2591,2591.5,25.253956917677698
2592,2592.5,25.745649812623427
2593,2593.5,23.779347140660185
2594,2594.5,16.918068985745933
2595,2595.5,17.00174500721806
2596,2596.5,12.073412672551148
2597,2597.5,9.457051759078604
2598,2598.5,8.152991278068933
2599,2599.5,17.708801972481556
2600,2600.5,31.991212796367524
2601,2601.5,13.022760411826715
2602,2602.5,16.06756975444184
2603,2603.5,11.20533829452712
2604,2604.5,8.84901516195271
2605,2605.5,5.6892954074013895
2606,2606.5,7.133655659225678
2607,2607.5,5.323491526656991
2608,2608.5,15.985131506820824
2609,2609.5,19.285725332023254
2610,2610.5,26.073634197669907
2611,2611.5,39.78502278465512
2612,2612.5,63.27782278010795
2613,2613.5,72.7901232581617
2614,2614.5,80.51756842909013
2615,2615.5,82.24254380530562
2616,2616.5,83.3925781364274
2617,2617.5,81.6472977378717
2618,2618.5,82.86460004184298
2619,2619.5,83.12536304978781
2620,2620.5,83.40651818621828
2621,2621.5,82.52145903515508
2622,2622.5,78.31491014294326
2623,2623.5,66.19501524580679
2624,2624.5,62.65226730106215
2625,2625.5,16.870889194974414
2626,2626.5,14.067400505437567
2627,2627.5,36.602553123355456
2628,2628.5,24.3690571837311
2629,2629.5,33.507752003307104
2630,2630.5,37.311656613002555
2631,2631.5,17.955279800556617
2632,2632.5,18.507577386082886
2633,2633.5,64.70615344685487
2634,2634.5,36.99792536362141
2635,2635.5,44.01427942332546
2636,2636.5,64.59417235727983
2637,2637.5,26.877043544753622
2638,2638.5,18.249556636088354
2639,2639.5,64.16618473271039
2640,2640.5,57.7185312211901
2641,2641.5,30.124775821546432
2642,2642.5,7.289118354378468
2643,2643.5,0.9045724609946922
2644,2644.5,0.3333783658155705
2645,2645.5,1.9650646950511685
2646,2646.5,0.3772006603107638
2647,2647.5,0.09984140820228302
2648,2648.5,0.07714261117146373
2649,2649.5,0.0
2650,2650.5,0.0
2651,2651.5,0.0
2652,2652.5,0.17148087584678345
2653,2653.5,0.4101731444418875
2654,2654.5,0.4429784932888589
2655,2655.5,2.1903461917253546
2656,2656.5,6.333231896652009
2657,2657.5,7.22450114862294
2658,2658.5,8.176965597917974
2659,2659.5,13.844011316395273
2660,2660.5,79.282596221949
2661,2661.5,82.47997387180402
2662,2662.5,83.40399452586945
2663,2663.5,83.36898591577629
2664,2664.5,83.40850486468167
2665,2665.5,82.11771425778123
2666,2666.5,78.49635778860022
2667,2667.5,78.93736111432342
2668,2668.5,26.80789416163658
2669,2669.5,10.344897732104888
2670,2670.5,15.177158353859392
2671,2671.5,19.312739768102844
2672,2672.5,15.10962237457303
2673,2673.5,21.564714982605075
2674,2674.5,12.663539820102208
2675,2675.5,22.47293805267853
2676,2676.5,39.82286281515195
2677,2677.5,40.567832467676226
2678,2678.5,38.823806492376406
2679,2679.5,67.05730491350107
2680,2680.5,59.063997907706266
2681,2681.5,68.93823039875947
2682,2682.5,77.55881231940396
2683,2683.5,58.35374878856589
2684,2684.5,32.42838512974173
2685,2685.5,19.059372562112728
2686,2686.5,83.06331889315298
2687,2687.5,80.86134183236467
2688,2688.5,83.38090334434398
2689,2689.5,83.39914170556195
2690,2690.5,81.78080717003303
2691,2691.5,81.00873157021647
2692,2692.5,81.38116248109971
2693,2693.5,82.24990310086092
2694,2694.5,77.81268318173537
2695,2695.5,62.012789268059
2696,2696.5,55.457277729986544
2697,2697.5,63.16272463746279
2698,2698.5,64.625902100549
2699,2699.5,55.917413686483606
2700,2700.5,41.577526958582936
2701,2701.5,36.78805606295145
2702,2702.5,26.791088835990198
2703,2703.5,23.49932830982806
2704,2704.5,25.730377786579176
2705,2705.5,32.48701934516837
2706,2706.5,37.20422759461413
2707,2707.5,44.40517823104044
2708,2708.5,33.482473943444994
2709,2709.5,40.700121928783176
2710,2710.5,15.996912535199131
2711,2711.5,21.5707165791213
2712,2712.5,38.41768814751352
2713,2713.5,35.35148744966805
2714,2714.5,35.88803067681627
2715,2715.5,14.471318169796813
2716,2716.5,8.73367732323557
2717,2717.5,1.5243670860728518
2718,2718.5,0.0015477558834879604
2719,2719.5,0.2148181321278907
2720,2720.5,0.0
2721,2721.5,0.0
2722,2722.5,0.0
2723,2723.5,0.0
2724,2724.5,0.2355015388136165
2725,2725.5,0.34490137505222307
2726,2726.5,1.655687924917091
2727,2727.5,3.9725754609814197
2728,2728.5,3.893565868188811
2729,2729.5,3.1917194252846817
2730,2730.5,10.695412450829556
2731,2731.5,11.369244353572359
2732,2732.5,26.972643183550787
2733,2733.5,78.7056628132027
2734,2734.5,81.70498614243378
2735,2735.5,81.96907135957491
2736,2736.5,81.43034899250483
2737,2737.5,66.84112750042492
2738,2738.5,76.00068638580197
2739,2739.5,77.26065292516702
2740,2740.5,76.24375661333005
2741,2741.5,69.5221968415245
2742,2742.5,65.55928151494945
2743,2743.5,45.989629758616026
2744,2744.5,28.939281806917187
2745,2745.5,31.02342024640473
2746,2746.5,29.161149691321413
2747,2747.5,24.000889298768463
2748,2748.5,22.926542166305207
2749,2749.5,27.993531888102787
2750,2750.5,49.510652842157704
2751,2751.5,52.11370898988332
2752,2752.5,65.76422021691867
2753,2753.5,73.92556771331073
2754,2754.5,72.62130425342245
2755,2755.5,78.81955600129183
2756,2756.5,79.8538862069901
2757,2757.5,77.94002578550916
2758,2758.5,80.07294475075754
2759,2759.5,80.39001942743238
2760,2760.5,1.7750684808948103
2761,2761.5,14.860387416508951
2762,2762.5,13.970283991723507
2763,2763.5,55.93068404699939
2764,2764.5,38.82485925266582
2765,2765.5,38.780811572576475
2766,2766.5,72.01228384355966
2767,2767.5,60.126355076845925
2768,2768.5,25.553042785888483
2769,2769.5,10.466059777753442
2770,2770.5,6.5237035164235735
2771,2771.5,20.477246808378666
2772,2772.5,29.663510653694836
2773,2773.5,19.04114230014915
2774,2774.5,34.57877801933066
2775,2775.5,27.686922266053244
2776,2776.5,29.494257936843603
2777,2777.5,32.88281263664631
2778,2778.5,59.72862111720005
2779,2779.5,69.72261187648124
2780,2780.5,75.11043866179358
2781,2781.5,52.83102696852305
2782,2782.5,70.23602376113757
2783,2783.5,60.771125044853775
2784,2784.5,65.5984046191453
2785,2785.5,60.165272476318584
2786,2786.5,43.27973130486881
2787,2787.5,36.840668694549734
2788,2788.5,35.25729825384844
2789,2789.5,25.733004678223217
2790,2790.5,26.30984040405803
2791,2791.5,16.960636881090405
2792,2792.5,11.089744822636295
2793,2793.5,3.1524897390948357
2794,2794.5,0.0
2795,2795.5,0.0
2796,2796.5,0.0
2797,2797.5,0.0
2798,2798.5,0.0
2799,2799.5,0.03400054520747226
2800,2800.5,0.37140009827527337
2801,2801.5,1.4955925331525817
2802,2802.5,0.7607179301314664
2803,2803.5,0.25687349724887093
2804,2804.5,1.5238569150427774
2805,2805.5,14.804898776700265
2806,2806.5,0.5193703548805287
2807,2807.5,7.237624032474876
2808,2808.5,51.79686989827237
2809,2809.5,45.827871774723555
2810,2810.5,69.09544923934476
2811,2811.5,78.7833174313983
2812,2812.5,83.43036574692768
2813,2813.5,82.50639165686515
2814,2814.5,83.01923339501967
2815,2815.5,83.37679608652878
2816,2816.5,66.42403306958583
2817,2817.5,34.85702986145101
2818,2818.5,33.159063652664656
2819,2819.5,38.350427352098784
2820,2820.5,24.22703415072249
2821,2821.5,14.687692544873972
2822,2822.5,12.273489156373143
2823,2823.5,29.2341232519643
2824,2824.5,15.639766700764671
2825,2825.5,2.238031077675433
2826,2826.5,2.038000270943407
2827,2827.5,6.59806906459367
2828,2828.5,33.48573712140408
2829,2829.5,61.30613947147281
2830,2830.5,81.69452027046002
2831,2831.5,83.30566358505916
2832,2832.5,83.43790365837586
2833,2833.5,83.00661321706549
2834,2834.5,82.39932992544735
2835,2835.5,81.25304756604505
2836,2836.5,81.94224991651583
2837,2837.5,82.33858311103536
2838,2838.5,81.79753843872301
2839,2839.5,82.59975796288083
2840,2840.5,63.621774980687846
2841,2841.5,56.32794641835984
2842,2842.5,42.74293654779963
2843,2843.5,24.274121848566445
2844,2844.5,26.217731430836928
2845,2845.5,35.716496102588906
2846,2846.5,31.385352116395907
2847,2847.5,32.24546822694629
2848,2848.5,37.085488062064755
2849,2849.5,36.05214217270688
2850,2850.5,29.508084806560834
2851,2851.5,23.902778933812343
2852,2852.5,56.503701221785676
2853,2853.5,64.09618707844572
2854,2854.5,82.62910400195216
2855,2855.5,82.02948189515908
2856,2856.5,82.82084039140504
2857,2857.5,83.23842580567153
2858,2858.5,82.07142914675696
2859,2859.5,82.86490478102233
2860,2860.5,81.60834383511313
2861,2861.5,81.58843463877663
2862,2862.5,83.39303016149395
2863,2863.5,61.72529158061522
2864,2864.5,36.87164145228054
2865,2865.5,5.3379288849769075
2866,2866.5,10.856183399758901
2867,2867.5,8.967929525100942
2868,2868.5,3.566524250754817
2869,2869.5,9.35427149608891
2870,2870.5,14.473049412006532
2871,2871.5,41.5078978134136
2872,2872.5,32.338654187229565
2873,2873.5,5.225956393697112
2874,2874.5,48.586411179849264
2875,2875.5,32.725926065202124
2876,2876.5,80.68141267487186
2877,2877.5,83.39246075899987
2878,2878.5,82.30672732990341
2879,2879.5,82.40605171463048
2880,2880.5,83.20826869872052
2881,2881.5,83.38845768811215
2882,2882.5,83.110822053514
2883,2883.5,81.91160884685124
2884,2884.5,23.814055167623316
2885,2885.5,31.670364631408365
2886,2886.5,82.59937385112886
2887,2887.5,79.03579473497794
2888,2888.5,76.77495232898757
2889,2889.5,72.74471741683503
2890,2890.5,74.75388828712181
2891,2891.5,75.15931356103916
2892,2892.5,77.60168202936431
2893,2893.5,68.92421173193127
2894,2894.5,73.38027337173503
2895,2895.5,60.0195095591822
2896,2896.5,65.93773518175956
2897,2897.5,67.43598419164871
2898,2898.5,73.22368753525141
2899,2899.5,79.23149545554698
2900,2900.5,78.14283153180595
2901,2901.5,82.01809800168687
2902,2902.5,83.43778359324685
2903,2903.5,76.21396244873358
2904,2904.5,83.37010065718948
2905,2905.5,83.4171626327824
2906,2906.5,83.38056632908375
2907,2907.5,83.36895495556485
2908,2908.5,83.4109057463887
2909,2909.5,82.97602637301101
2910,2910.5,83.16112560339707
2911,2911.5,83.38530968302442
2912,2912.5,82.14802892783203
2913,2913.5,83.20334333381747
2914,2914.5,83.44398921711563
2915,2915.5,81.98580355842013
2916,2916.5,82.12194075185676
2917,2917.5,80.65105675636352
2918,2918.5,75.36590161642825
2919,2919.5,75.62585609447477
2920,2920.5,77.68951536611456
2921,2921.5,68.14731752408728
2922,2922.5,60.41071494855017
2923,2923.5,53.13065586056221
2924,2924.5,77.58862366977905
2925,2925.5,57.032822410717685
2926,2926.5,37.84885855521036
2927,2927.5,38.20329983044903
2928,2928.5,14.560986196805757
2929,2929.5,3.1182174612206994
2930,2930.5,0.7633883790726482
2931,2931.5,3.36288507351567
2932,2932.5,8.841080956864737
2933,2933.5,8.828177198732183
2934,2934.5,18.291545287912967
2935,2935.5,37.33592166712583
2936,2936.5,33.86429136298517
2937,2937.5,26.425639820286804
2938,2938.5,31.964202357624067
2939,2939.5,37.104381545084586
2940,2940.5,30.579089341199783
2941,2941.5,27.674094229545773
2942,2942.5,22.5410342940505
2943,2943.5,20.329359946416474
2944,2944.5,19.85844003956922
2945,2945.5,23.858198193678437
2946,2946.5,13.633737883742269
2947,2947.5,4.288794195828294
2948,2948.5,2.4915449248446033
2949,2949.5,31.047976866366323
2950,2950.5,51.4212248045611
2951,2951.5,57.192622914114125
2952,2952.5,40.299252565468635
2953,2953.5,20.759250829555263
2954,2954.5,9.79098472211016
2955,2955.5,13.585252315756057
2956,2956.5,9.105268222955955
2957,2957.5,4.715326002484783
2958,2958.5,3.2062210974821133
2959,2959.5,1.985071897202773
2960,2960.5,3.047209264052466
2961,2961.5,0.2723977057980202
2962,2962.5,1.7032534618531638
2963,2963.5,3.0014275345593355
2964,2964.5,6.201106516516292
2965,2965.5,5.618518391094417
2966,2966.5,3.487250021432001
2967,2967.5,5.434624176113857
2968,2968.5,7.284027583096041
2969,2969.5,11.078796525213573
2970,2970.5,9.741410860234994
2971,2971.5,22.48805860498727
2972,2972.5,49.221872066908034
2973,2973.5,61.21539323653209
2974,2974.5,75.28252816432327
2975,2975.5,80.21038613674736
2976,2976.5,74.34445277319028
2977,2977.5,71.94087574905039
2978,2978.5,68.29053687244995
2979,2979.5,49.54705768202888
2980,2980.5,36.78075728579097
2981,2981.5,20.001120284472456
2982,2982.5,10.443440317141512
2983,2983.5,5.838971909822358
2984,2984.5,3.3629082240237445
2985,2985.5,3.1331087405939506
2986,2986.5,1.3284956946944766
2987,2987.5,0.17926808047190387
2988,2988.5,0.0
2989,2989.5,0.0
2990,2990.5,0.0
2991,2991.5,0.0
2992,2992.5,0.7237046664928322
2993,2993.5,0.24227320489795562
2994,2994.5,3.1615600533530133
2995,2995.5,2.6504143813240804
2996,2996.5,13.59385081215171
2997,2997.5,14.220821699130287
2998,2998.5,12.695975698784293
2999,2999.5,10.465471262717076
3000,3000.5,77.52122104573432
3001,3001.5,79.35012819299725
3002,3002.5,77.70870506870044
3003,3003.5,69.65482497852356
3004,3004.5,71.866737735319
3005,3005.5,72.63928171288423
3006,3006.5,60.56766834225938
3007,3007.5,52.91431313866151
3008,3008.5,20.6045858055671
3009,3009.5,39.19590742708101
3010,3010.5,49.6134754033061
3011,3011.5,48.07111923431237
3012,3012.5,54.540088113008
3013,3013.5,25.180609902105207
3014,3014.5,10.278168542235976
3015,3015.5,18.98610909392124
3016,3016.5,21.88002904886804
3017,3017.5,5.8084858147617595
3018,3018.5,20.907780138857515
3019,3019.5,22.1733735191398
3020,3020.5,30.99626415041918
3021,3021.5,2.5496605655664255
3022,3022.5,36.27997112420644
3023,3023.5,42.19567494724504
3024,3024.5,64.56810904825025
3025,3025.5,78.16281625527489
3026,3026.5,69.654459527513
3027,3027.5,8.188243838821467
3028,3028.5,26.254317688177473
3029,3029.5,40.37723114768348
3030,3030.5,37.251629370029754
3031,3031.5,20.70370311558529
3032,3032.5,24.799656197699548
3033,3033.5,35.450224798703545
3034,3034.5,32.76822354610947
3035,3035.5,21.540738462160473
3036,3036.5,17.847841931525096
3037,3037.5,15.070990982185156
3038,3038.5,18.307878703375337
3039,3039.5,22.486227063015196
3040,3040.5,17.983858995346267
3041,3041.5,2.712511893244373
3042,3042.5,19.739914218333855
3043,3043.5,26.433486188706894
3044,3044.5,40.86305765983246
3045,3045.5,71.38960380577763
3046,3046.5,64.60941871567277
3047,3047.5,82.09692697420648
3048,3048.5,73.068034011927
3049,3049.5,77.78095296868462
3050,3050.5,82.43574359119144
3051,3051.5,83.13575273312459
3052,3052.5,83.41922361417258
3053,3053.5,83.2994964612406
3054,3054.5,83.43299743698124
3055,3055.5,78.51717291972767
3056,3056.5,24.541094338149954
3057,3057.5,21.34183565352115
3058,3058.5,18.959525224694836
3059,3059.5,13.336957855616815
3060,3060.5,26.75264877507241
3061,3061.5,25.18850577027902
3062,3062.5,48.02579799790264
3063,3063.5,44.56621810637003
3064,3064.5,56.24496380680427
3065,3065.5,42.593812977919605
3066,3066.5,63.136267705426924
3067,3067.5,43.35361578885327
3068,3068.5,71.56071595239567
3069,3069.5,55.61726685570534
3070,3070.5,70.07413084263943
3071,3071.5,5.658041239802246
3072,3072.5,6.980624507835434
3073,3073.5,20.906058606192722
3074,3074.5,65.19023020283528
3075,3075.5,31.055428760573253
3076,3076.5,63.485210270703575
3077,3077.5,70.90163082100607
3078,3078.5,48.61557593039857
3079,3079.5,36.806894997933775
3080,3080.5,22.138328026520618
3081,3081.5,17.13750165044268
3082,3082.5,2.2293569765955907
3083,3083.5,12.796160193970382
3084,3084.5,9.457250771790909
3085,3085.5,12.219659656714112
3086,3086.5,6.160142021520039
3087,3087.5,7.586484821940456
3088,3088.5,0.42694224628903077
3089,3089.5,28.24621209703957
3090,3090.5,69.40851896169873
3091,3091.5,19.838149508946643
3092,3092.5,52.14529022198198
3093,3093.5,64.16618473271039
3094,3094.5,46.37542104926281
3095,3095.5,44.79917925934775
3096,3096.5,34.3176825545014
3097,3097.5,43.71347509270057
3098,3098.5,9.630631976038986
3099,3099.5,13.904321862302092
3100,3100.5,30.26421240779145
3101,3101.5,46.07087552199519
3102,3102.5,47.99689946925132
3103,3103.5,34.005903855989466
3104,3104.5,11.273332130771239
3105,3105.5,6.478212649837967
3106,3106.5,12.690942292574425
3107,3107.5,14.401489522456947
3108,3108.5,9.911519781778626
3109,3109.5,6.001599311064833
3110,3110.5,55.54759396601816
3111,3111.5,11.280803267372693
3112,3112.5,58.92704863709773
3113,3113.5,12.80414090447084
3114,3114.5,23.172305538875158
3115,3115.5,52.474721259779436
3116,3116.5,17.501824906155274
3117,3117.5,14.253022265294113
3118,3118.5,27.101031055349843
3119,3119.5,3.400464785258871
3120,3120.5,1.0423218746660599
3121,3121.5,0.8175108297333346
3122,3122.5,1.986919560200435
3123,3123.5,0.5037673888877074
3124,3124.5,0.3420923146066722
3125,3125.5,0.314362465036983
3126,3126.5,2.652107728708023
3127,3127.5,5.0319176373567425
3128,3128.5,2.122045069959111
3129,3129.5,1.8024809435153097
3130,3130.5,3.3525800464518203
3131,3131.5,5.34839772862946
3132,3132.5,23.67115029720508
3133,3133.5,25.89519449775469
3134,3134.5,36.6895517704905
3135,3135.5,26.92000272769659
3136,3136.5,24.516262686696532
3137,3137.5,14.63883675424674
3138,3138.5,9.153445743352512
3139,3139.5,39.58332072896036
3140,3140.5,28.78731800470355
3141,3141.5,31.76712510813273
3142,3142.5,40.33686824763303
3143,3143.5,36.84792589295643
3144,3144.5,58.17216002415948
3145,3145.5,65.5762113526154
3146,3146.5,67.36877292742587
3147,3147.5,61.01243006686535
3148,3148.5,57.38451620478733
3149,3149.5,55.14930138634373
3150,3150.5,63.03351069148814
3151,3151.5,62.06476030482594
3152,3152.5,30.761990250032994
3153,3153.5,27.91904916839711
3154,3154.5,39.09417496154764
3155,3155.5,32.84371693510916
3156,3156.5,31.26997186351215
3157,3157.5,26.26095717619861
3158,3158.5,23.3301138156929
3159,3159.5,19.94300433586108
3160,3160.5,15.913878267662128
3161,3161.5,15.369628591278891
3162,3162.5,16.787289230671348
3163,3163.5,38.48765383210709
3164,3164.5,46.99075347316337
3165,3165.5,44.94066928402463
3166,3166.5,52.814138705327174
3167,3167.5,60.69937791315155
3168,3168.5,77.40990703972925
3169,3169.5,82.29525520721663
3170,3170.5,83.42280231200041
3171,3171.5,83.07619423416143
3172,3172.5,82.77179189105301
3173,3173.5,82.99551876937844
3174,3174.5,82.67552972492854
3175,3175.5,82.60937994651192
3176,3176.5,58.838055457236955
3177,3177.5,46.081811207865165
3178,3178.5,40.24489649715534
3179,3179.5,33.68979235667629
3180,3180.5,22.94443337231908
3181,3181.5,18.069515623785193
3182,3182.5,24.390425921041576
3183,3183.5,29.636695267814744
3184,3184.5,32.33337635677149
3185,3185.5,34.147485484922356
3186,3186.5,35.90596145576726
3187,3187.5,42.210956938965374
3188,3188.5,52.23486142606554
3189,3189.5,81.70700197472281
3190,3190.5,83.15806476322031
3191,3191.5,83.42151022814274
3192,3192.5,83.3749016150008
3193,3193.5,83.24461080453058
3194,3194.5,83.36658647281838
3195,3195.5,83.39370786874717
3196,3196.5,82.94485645965325
3197,3197.5,82.55420061141767
3198,3198.5,82.68684151028833
3199,3199.5,77.02405711808612
3200,3200.5,43.60951511716132
3201,3201.5,38.58624460381728
3202,3202.5,41.1966521473324
3203,3203.5,38.74808594470857
3204,3204.5,29.511555068239932
3205,3205.5,25.62346197147786
3206,3206.5,26.933215485254916
3207,3207.5,31.32146295088844
3208,3208.5,31.468728944450664
3209,3209.5,29.030136230613483
3210,3210.5,26.862504005028086
3211,3211.5,27.67536393627141
3212,3212.5,43.596720655902054
3213,3213.5,78.25160952837453
3214,3214.5,82.4411392807537
3215,3215.5,82.18386270232533
3216,3216.5,83.41535223558418
3217,3217.5,82.20205431145718
3218,3218.5,83.34151782756857
3219,3219.5,82.90734889033489
3220,3220.5,82.99388416559826
3221,3221.5,82.96409470189317
3222,3222.5,70.0928627167385
3223,3223.5,46.22118390347515
3224,3224.5,28.287976791744963
3225,3225.5,9.178345718703834
3226,3226.5,7.864436139593242
3227,3227.5,6.208936241664784
3228,3228.5,5.666336712119581
3229,3229.5,6.578830561772328
3230,3230.5,3.164553662268748
3231,3231.5,0.30028798328766465
3232,3232.5,0.0
3233,3233.5,31.744593611959328
3234,3234.5,23.35585245934564
3235,3235.5,18.90422571028795
3236,3236.5,19.620439457809454
3237,3237.5,1.0194044998874174
3238,3238.5,5.280123187536609
3239,3239.5,15.478905857854143
3240,3240.5,25.39559945419692
3241,3241.5,56.45419185340681
3242,3242.5,9.724727037444097
3243,3243.5,0.0
3244,3244.5,0.0
3245,3245.5,0.0
3246,3246.5,0.20957529809548678
3247,3247.5,0.0
3248,3248.5,0.0
3249,3249.5,0.0
3250,3250.5,0.0
3251,3251.5,0.16695680481283962
3252,3252.5,1.0991575347616285
3253,3253.5,3.6023874632817368
3254,3254.5,7.151111841860491
3255,3255.5,7.548603984219351
3256,3256.5,37.96339335647995
3257,3257.5,12.089827497421025
3258,3258.5,20.048779001430756
3259,3259.5,30.786020433573857
3260,3260.5,80.6900083435375
3261,3261.5,79.8539477575897
3262,3262.5,79.99163114641773
3263,3263.5,82.1898491541082
3264,3264.5,81.71507370509701
3265,3265.5,77.41126986050843
3266,3266.5,83.44051993595137
3267,3267.5,76.39193118219437
3268,3268.5,78.82430413704526
3269,3269.5,78.46303642379634
3270,3270.5,63.47568765145683
3271,3271.5,43.54353388806459
3272,3272.5,26.481167667974507
3273,3273.5,10.081939004071787
3274,3274.5,4.572789428577178
3275,3275.5,8.697305058271017
3276,3276.5,14.63219785369789
3277,3277.5,16.645572538399684
3278,3278.5,11.462153117640847
3279,3279.5,17.052817663241836
3280,3280.5,21.5588551993364
3281,3281.5,18.179329924916846
3282,3282.5,38.03926340056003
3283,3283.5,64.79842736564858
3284,3284.5,79.5233611347505
3285,3285.5,82.05644269393639
3286,3286.5,19.260858626087714
3287,3287.5,0.14549955666716483
3288,3288.5,58.34329740922081
3289,3289.5,24.347215866974263
3290,3290.5,4.171852443444174
3291,3291.5,0.25741958951033095
3292,3292.5,81.89567030942962
3293,3293.5,69.40630292896688
3294,3294.5,83.36640832267076
3295,3295.5,69.50947172406778
3296,3296.5,40.94102088540437
3297,3297.5,46.87652284891617
3298,3298.5,31.09203988446366
3299,3299.5,15.60649755981593
3300,3300.5,18.1861263628066
3301,3301.5,27.204393878756544
3302,3302.5,64.01217403505613
3303,3303.5,65.86506567820958
3304,3304.5,80.10523713935271
3305,3305.5,77.17807869735799
3306,3306.5,83.43095274825735
3307,3307.5,74.29817344676118
3308,3308.5,51.59579062552603
3309,3309.5,49.94585763925545
3310,3310.5,58.88376283420462
3311,3311.5,18.056377379651995
3312,3312.5,34.928210979287236
3313,3313.5,0.6967849210795984
3314,3314.5,31.36704419396382
3315,3315.5,12.427939065835552
3316,3316.5,20.079013488304046
3317,3317.5,27.90289305723298
3318,3318.5,31.843182757346433
3319,3319.5,44.935699100231794
3320,3320.5,31.624973845577834
3321,3321.5,28.703366973753575
3322,3322.5,34.21837352962828
3323,3323.5,51.489868147535326
3324,3324.5,58.786439631418304
3325,3325.5,60.3718057497584
3326,3326.5,61.528600050916026
3327,3327.5,75.04596791065352
3328,3328.5,76.2708141805056
3329,3329.5,83.40211931551869
3330,3330.5,72.77796776476191
3331,3331.5,80.61901399186864
3332,3332.5,75.85986188640835
3333,3333.5,83.1562876156563
3334,3334.5,78.94003567222843
3335,3335.5,79.15936400523705
3336,3336.5,74.57720115769885
3337,3337.5,51.91330221521292
3338,3338.5,47.506369908104546
3339,3339.5,3.6422398327817143
3340,3340.5,13.984873129247594
3341,3341.5,26.011166875237475
3342,3342.5,24.362081848210135
3343,3343.5,27.01096802449328
3344,3344.5,26.300434012347562
3345,3345.5,26.742816325896577
3346,3346.5,34.08877473466153
3347,3347.5,45.75560073195751
3348,3348.5,47.53820218722073
3349,3349.5,33.08046065973599
3350,3350.5,47.39694582238393
3351,3351.5,42.353435240587096
3352,3352.5,60.168429105636235
3353,3353.5,61.18855731459608
3354,3354.5,72.20083374455756
3355,3355.5,65.82881864437329
3356,3356.5,51.170411788235675
3357,3357.5,49.31622951229332
3358,3358.5,62.777188073120975
3359,3359.5,55.02711387513557
3360,3360.5,60.20175638427153
3361,3361.5,78.02543253693943
3362,3362.5,78.98660586277138
3363,3363.5,83.36244606680542
3364,3364.5,77.08400691926319
3365,3365.5,75.91020680900931
3366,3366.5,61.654755481550616
3367,3367.5,45.663774195461215
3368,3368.5,54.25694488860739
3369,3369.5,41.441995728446265
3370,3370.5,23.75779715427028
3371,3371.5,17.438013571933958
3372,3372.5,6.034231888892965
3373,3373.5,0.14576659356321145
3374,3374.5,0.274015694687191
3375,3375.5,0.3474935100198593
3376,3376.5,1.7385691876590015
3377,3377.5,2.9722031797032193
3378,3378.5,6.113432400254315
3379,3379.5,0.0
3380,3380.5,3.7482730113611846
3381,3381.5,7.563795181453094
3382,3382.5,0.0
3383,3383.5,12.388189587083676
3384,3384.5,17.42286739248706
3385,3385.5,24.304811555325603
3386,3386.5,27.189684304326786
3387,3387.5,64.32445714115575
3388,3388.5,74.56381312382435
3389,3389.5,72.90250256447794
3390,3390.5,71.97236398560382
3391,3391.5,58.49112208631442
3392,3392.5,23.935600970233423
3393,3393.5,26.098822011781564
3394,3394.5,28.132077754509623
3395,3395.5,25.252966332177802
3396,3396.5,24.57720035628276
3397,3397.5,22.691614497661146
3398,3398.5,21.876489515257365
3399,3399.5,15.42226922981118
3400,3400.5,12.072558746338137
3401,3401.5,13.82453664111475
3402,3402.5,14.46175254325093
3403,3403.5,6.745406418260936
3404,3404.5,18.42826952186763
3405,3405.5,11.16335116865151
3406,3406.5,3.4191412449427996
3407,3407.5,36.51428671393219
3408,3408.5,58.60928367955656
3409,3409.5,66.43259631338246
3410,3410.5,73.53166766932355
3411,3411.5,78.22437470476427
3412,3412.5,77.8721402613955
3413,3413.5,76.29168343160771
3414,3414.5,73.17566183105461
3415,3415.5,61.32028317468996
3416,3416.5,15.3044526465578
3417,3417.5,6.600603493340456
3418,3418.5,2.9911690490213703
3419,3419.5,8.261602873165584
3420,3420.5,34.51385478631298
3421,3421.5,51.19709490925817
3422,3422.5,59.3395835267518
3423,3423.5,63.04011521558458
3424,3424.5,82.86157100494593
3425,3425.5,81.86644169462947
3426,3426.5,82.64730481683031
3427,3427.5,83.44315044132158
3428,3428.5,64.85642259447175
3429,3429.5,2.0565266395712327
3430,3430.5,78.74474123976184
3431,3431.5,66.56796480270462
3432,3432.5,49.58324815616705
3433,3433.5,74.40581374003212
3434,3434.5,73.8796739327114
3435,3435.5,82.70992319817302
3436,3436.5,79.67437123161608
3437,3437.5,66.01162612350858
3438,3438.5,73.81378547962181
3439,3439.5,58.74180691449285
3440,3440.5,25.433351248705513
3441,3441.5,6.244336642914674
3442,3442.5,19.403609393148898
3443,3443.5,18.780978973184546
3444,3444.5,24.452234365691552
3445,3445.5,47.72230686187861
3446,3446.5,60.0543184307921
3447,3447.5,70.05729670351243
3448,3448.5,82.45776120411598
3449,3449.5,75.8905952515227
3450,3450.5,82.3449842931379
3451,3451.5,81.43957526194025
3452,3452.5,80.21205616623101
3453,3453.5,11.730591350988927
3454,3454.5,21.520864669650244
3455,3455.5,51.546730477933366
3456,3456.5,66.76935781349965
3457,3457.5,74.29766389239242
3458,3458.5,78.25143691384149
3459,3459.5,81.35199688942765
3460,3460.5,73.66953828011023
3461,3461.5,75.34782716051862
3462,3462.5,74.43786908521425
3463,3463.5,58.40814898653833
3464,3464.5,32.19889286512765
3465,3465.5,33.79646742482872
3466,3466.5,28.714849800128366
3467,3467.5,23.276156674708908
3468,3468.5,30.37927403404255
3469,3469.5,27.549770565343625
3470,3470.5,25.19710208954212
3471,3471.5,31.565782196675936
3472,3472.5,41.00460978094167
3473,3473.5,51.66582201405673
3474,3474.5,82.9231147189272
3475,3475.5,13.450520719164032
3476,3476.5,68.82703385017813
3477,3477.5,26.96763325562147
3478,3478.5,58.75460205074173
3479,3479.5,79.19550819475211
3480,3480.5,79.43046227926871
3481,3481.5,81.75204908290654
3482,3482.5,76.96184356110687
3483,3483.5,79.11304690053237
3484,3484.5,72.13256754490209
3485,3485.5,63.36461656992024
3486,3486.5,77.41733884827153
3487,3487.5,77.11534985952807
3488,3488.5,55.492654642526844
3489,3489.5,40.27036788992064
3490,3490.5,46.441248280537415
3491,3491.5,35.20581858656704
3492,3492.5,31.02447474825586
3493,3493.5,33.332516009024815
3494,3494.5,36.67639476512281
3495,3495.5,37.296796853884416
3496,3496.5,46.83582606038634
3497,3497.5,54.724364541117964
3498,3498.5,51.82298177494742
3499,3499.5,55.8664998313792
3500,3500.5,39.6768905588211
3501,3501.5,44.89637321779567
3502,3502.5,73.10574226705634
3503,3503.5,83.43613018589058
3504,3504.5,82.68945030909799
3505,3505.5,82.89641773634366
3506,3506.5,82.2918895142026
3507,3507.5,83.34080313213894
3508,3508.5,83.38797242581867
3509,3509.5,81.92342572429396
3510,3510.5,82.41547433722432
3511,3511.5,75.19562449762927
3512,3512.5,36.64361946535751
3513,3513.5,25.88219422167956
3514,3514.5,26.14771741330835
3515,3515.5,21.49792767472347
3516,3516.5,45.171409703028964
3517,3517.5,43.01980015524803
3518,3518.5,51.526555047356595
3519,3519.5,58.1082049712195
3520,3520.5,57.51702032226894
3521,3521.5,65.12851584188836
3522,3522.5,66.49020986739399
3523,3523.5,52.19060026661353
3524,3524.5,58.94236265003099
3525,3525.5,29.837093763658938
3526,3526.5,76.37182238519537
3527,3527.5,43.82416257237001
3528,3528.5,37.37400749495385
3529,3529.5,75.15514991798915
3530,3530.5,82.32321591602381
3531,3531.5,57.51224391750714
3532,3532.5,23.739665444560273
3533,3533.5,40.25657903109798
3534,3534.5,81.92332531795134
3535,3535.5,49.937667530645896
3536,3536.5,12.255105883995496
3537,3537.5,5.485147525652841
3538,3538.5,4.3262345725181355
3539,3539.5,14.955864241887909
3540,3540.5,21.476226023560145
3541,3541.5,28.987382325567562
3542,3542.5,39.831007487476334
3543,3543.5,50.23422416827239
3544,3544.5,80.33103668012572
3545,3545.5,0.015855938075533826
3546,3546.5,38.387405509138866
3547,3547.5,79.95317684686572
3548,3548.5,72.67413592041578
3549,3549.5,76.99501709752253
3550,3550.5,81.38604545947089
3551,3551.5,82.90183386398388
3552,3552.5,82.64129529260191
3553,3553.5,79.50684121960292
3554,3554.5,80.14263158508682
3555,3555.5,79.49868928033625
3556,3556.5,81.78556161798208
3557,3557.5,83.3101992635277
3558,3558.5,83.4304680071535
3559,3559.5,71.24928352637478
3560,3560.5,59.66746687474275
3561,3561.5,39.30626089643762
3562,3562.5,31.45983384003707
3563,3563.5,33.33014027302994
3564,3564.5,41.05725620629167
3565,3565.5,63.93560523873583
3566,3566.5,57.728988623898694
3567,3567.5,72.84261027632103
3568,3568.5,78.61837343095416
3569,3569.5,70.50285299963117
3570,3570.5,73.86707940766719
3571,3571.5,56.074238088358726
3572,3572.5,74.2431352730879
3573,3573.5,56.040658928706506
3574,3574.5,51.62405097731515
3575,3575.5,77.4167475335915
3576,3576.5,75.3712390105696
3577,3577.5,83.44123053078559
3578,3578.5,80.49336409094477
3579,3579.5,76.93423704688152
3580,3580.5,71.22275672684249
3581,3581.5,49.93876522380401
3582,3582.5,12.926749004892676
3583,3583.5,13.593903986909574
3584,3584.5,5.266991751674269
3585,3585.5,7.05419821101294
3586,3586.5,19.02148189479207
3587,3587.5,47.017833222610555
3588,3588.5,58.98920010600488
3589,3589.5,51.0965453514044
3590,3590.5,73.33012241576657
3591,3591.5,58.66266939829737
3592,3592.5,68.39242829628239
3593,3593.5,73.76059949488291
3594,3594.5,74.07916934371809
3595,3595.5,63.77263945181139
3596,3596.5,79.12141966762213
3597,3597.5,73.88046733813053
3598,3598.5,46.22624262609139
3599,3599.5,37.860237138386296
3600,3600.5,59.986799307176334
3601,3601.5,68.00617831828654
3602,3602.5,40.40308862841031
3603,3603.5,43.36466639404557
3604,3604.5,35.16762484666606
3605,3605.5,5.516905933522209
3606,3606.5,1.4547268797733177
3607,3607.5,2.2062446354243512
3608,3608.5,1.5974452988444898
3609,3609.5,0.23375316717426492
3610,3610.5,0.0
3611,3611.5,0.0
3612,3612.5,0.04828266321305799
3613,3613.5,7.557090465176877
3614,3614.5,8.565590729627736
3615,3615.5,19.639354537007506
3616,3616.5,31.316778688961104
3617,3617.5,27.63462420577089
3618,3618.5,72.37556397750144
3619,3619.5,72.07182657603472
3620,3620.5,37.83210875267636
3621,3621.5,81.46307211196884
3622,3622.5,83.39416359635749
3623,3623.5,79.31368408321082
3624,3624.5,74.90480810413406
3625,3625.5,70.88152319382044
3626,3626.5,41.444446748647664
3627,3627.5,36.97700319687205
3628,3628.5,28.03290260014519
3629,3629.5,32.379445674074326
3630,3630.5,78.06616745799997
3631,3631.5,59.541796174217716
3632,3632.5,58.7099679904911
3633,3633.5,55.82428897289747
3634,3634.5,38.30561881742754
3635,3635.5,31.289440974751994
3636,3636.5,20.361395874924757
3637,3637.5,14.061831740531863
3638,3638.5,7.091334564176535
3639,3639.5,4.557682233397435
3640,3640.5,0.6382501217646664
3641,3641.5,1.4006121110634528
3642,3642.5,2.356912173103967
3643,3643.5,0.7480260032579107
3644,3644.5,10.373195643421724
3645,3645.5,16.100704091669407
3646,3646.5,23.963078255039758
3647,3647.5,54.784357912051455
3648,3648.5,72.03393494608422
3649,3649.5,76.09314016816158
3650,3650.5,81.93613762807112
3651,3651.5,74.51145739416651
3652,3652.5,75.54261696875743
3653,3653.5,79.43000779917276
3654,3654.5,78.33297535876136
3655,3655.5,50.01425005914896
3656,3656.5,19.90414238528048
3657,3657.5,25.867430115249192
3658,3658.5,18.944795149623804
3659,3659.5,21.70453381761376
3660,3660.5,28.75581045926045
3661,3661.5,27.548341598425985
3662,3662.5,31.42929338869069
3663,3663.5,36.860989265062905
3664,3664.5,39.80678503950408
3665,3665.5,38.55382519805423
3666,3666.5,50.935305139453696
3667,3667.5,58.34215044183031
3668,3668.5,49.724714403437105
3669,3669.5,58.18168320996697
3670,3670.5,72.16535326314506
3671,3671.5,59.77599514232763
3672,3672.5,69.0747163650496
3673,3673.5,65.88480652027003
3674,3674.5,72.44202671935585
3675,3675.5,65.42008740957188
3676,3676.5,72.96182150207879
3677,3677.5,78.8781726197743
3678,3678.5,74.70798232798238
3679,3679.5,60.447707795714884
3680,3680.5,53.80457883892503
3681,3681.5,52.90965173160141
3682,3682.5,68.28923881370392
3683,3683.5,59.063571438645184
3684,3684.5,65.25116237380446
3685,3685.5,65.14422302391174
3686,3686.5,51.689899821061594
3687,3687.5,62.077553096271714
3688,3688.5,59.81892188130036
3689,3689.5,68.1743059064945
3690,3690.5,80.78612523131609
3691,3691.5,80.47879520345839
3692,3692.5,81.40567629310924
3693,3693.5,83.42750121479915
3694,3694.5,83.34958674002175
3695,3695.5,83.398554124254
3696,3696.5,71.75305493859324
3697,3697.5,28.859262162155595
3698,3698.5,66.08517564101811
3699,3699.5,37.943033172007254
3700,3700.5,42.02180067535372
3701,3701.5,0.08964894066954449
3702,3702.5,0.11336355867840131
3703,3703.5,27.63037734518036
3704,3704.5,5.524872465212626
3705,3705.5,2.8848006594777176
3706,3706.5,0.8385780463263072
3707,3707.5,0.5434079035409001
3708,3708.5,1.9848619451454472
3709,3709.5,2.6461265170346633
3710,3710.5,0.3577083869795736
3711,3711.5,0.0
3712,3712.5,0.0
3713,3713.5,0.0
3714,3714.5,0.06929839987649805
3715,3715.5,0.08088486517239922
3716,3716.5,0.6701735527921467
3717,3717.5,65.92153759415376
3718,3718.5,57.47425078960774
3719,3719.5,22.009561040521156
3720,3720.5,38.20426082266916
3721,3721.5,72.51563315607716
3722,3722.5,80.16098100152276
3723,3723.5,72.88928863071662
3724,3724.5,21.59588327741291
3725,3725.5,66.44437141316946
3726,3726.5,19.57563472210864
3727,3727.5,51.10202998813116
3728,3728.5,47.44095022844759
3729,3729.5,78.43118492525382
3730,3730.5,20.683528093676706
3731,3731.5,13.205515877958941
3732,3732.5,0.24952757460058
3733,3733.5,21.657501394424614
3734,3734.5,20.291029371109243
3735,3735.5,24.193603476370814
3736,3736.5,41.707876380180736
3737,3737.5,55.33947989459246
3738,3738.5,22.10260879451529
3739,3739.5,81.89194147492412
3740,3740.5,35.63931810379146
3741,3741.5,22.856464173785405
3742,3742.5,68.39117996136534
3743,3743.5,71.65171004560894
3744,3744.5,54.47161503783944
3745,3745.5,10.278168542235976
3746,3746.5,3.1875960986758147
3747,3747.5,26.680303591152214
3748,3748.5,36.61887973349905
3749,3749.5,4.2111925327751605
3750,3750.5,2.693850866626832
3751,3751.5,11.085315618484245
3752,3752.5,2.1794310925695384
3753,3753.5,0.8581613492106168
3754,3754.5,0.533352977568238
3755,3755.5,0.24846277113723308
3756,3756.5,0.0
3757,3757.5,0.0
3758,3758.5,0.0
3759,3759.5,0.0
3760,3760.5,0.0
3761,3761.5,0.0
3762,3762.5,0.0
3763,3763.5,0.0
3764,3764.5,0.0
3765,3765.5,4.0639526708394405
3766,3766.5,21.406765262726136
3767,3767.5,30.149344528611326
3768,3768.5,44.552484018252954
3769,3769.5,48.18331568294357
3770,3770.5,56.66710786315234
3771,3771.5,55.07648127081117
3772,3772.5,49.35698236820841
3773,3773.5,48.76530585218298
3774,3774.5,44.579639506081435
3775,3775.5,26.022494102734306
3776,3776.5,20.970540338204174
3777,3777.5,29.078591655165464
3778,3778.5,23.363589520172724
3779,3779.5,16.24773283895515
3780,3780.5,13.516375477058455
3781,3781.5,17.041901097685436
3782,3782.5,27.070983344436165
3783,3783.5,48.978249939231425
3784,3784.5,38.99962895062016
3785,3785.5,39.07177290902977
3786,3786.5,36.792808908155926
3787,3787.5,82.9391968781647
3788,3788.5,66.84075809902262
3789,3789.5,11.516030907724687
3790,3790.5,31.27231466316375
3791,3791.5,37.41872776526665
3792,3792.5,56.131075143537835
3793,3793.5,59.73340318138366
3794,3794.5,72.82425324957147
3795,3795.5,71.78519212003641
3796,3796.5,77.60861245245118
3797,3797.5,81.69285997721455
3798,3798.5,81.43331586228508
3799,3799.5,76.30699689627605
3800,3800.5,54.77855064341513
3801,3801.5,65.84252324192018
3802,3802.5,63.374484873360466
3803,3803.5,55.2028355204373
3804,3804.5,49.2721116695518
3805,3805.5,44.28445392918148
3806,3806.5,42.09292335595812
3807,3807.5,37.529554903725405
3808,3808.5,34.536158454042315
3809,3809.5,71.99483132284024
3810,3810.5,83.07021985812175
3811,3811.5,23.29252840847445
3812,3812.5,12.281680822834893
3813,3813.5,23.54338354144298
3814,3814.5,0.2751884814065539
3815,3815.5,63.93688888410757
3816,3816.5,62.59998690060263
3817,3817.5,59.88298805795448
3818,3818.5,55.08244117563635
3819,3819.5,58.853990246695254
3820,3820.5,48.634485451858346
3821,3821.5,33.92795761030228
3822,3822.5,24.287299364635928
3823,3823.5,10.000418320672464
3824,3824.5,0.0
3825,3825.5,2.6478769054164317
3826,3826.5,8.341994549598972
3827,3827.5,14.217657184022489
3828,3828.5,17.45459925861921
3829,3829.5,18.138699701256176
3830,3830.5,17.590204023822867
3831,3831.5,18.14542641274125
3832,3832.5,16.32478217816567
3833,3833.5,55.277240857405666
3834,3834.5,26.348699161932153
3835,3835.5,9.771800386801289
3836,3836.5,7.115818425202936
3837,3837.5,18.139364568841888
3838,3838.5,44.72841198120955
3839,3839.5,37.798013291477965
3840,3840.5,59.8813237514028
3841,3841.5,83.41615308193661
3842,3842.5,83.44139129495284
3843,3843.5,83.35440300797205
3844,3844.5,82.92141097913229
3845,3845.5,82.98264807101846
3846,3846.5,83.3144833501397
3847,3847.5,77.33495496338874
3848,3848.5,53.881308022710144
3849,3849.5,47.570565952810064
3850,3850.5,51.37040161472158
3851,3851.5,52.06990323731249
3852,3852.5,51.883811255664156
3853,3853.5,48.64157473494726
3854,3854.5,50.576600136214466
3855,3855.5,52.16562071287836
3856,3856.5,65.24799129529016
3857,3857.5,70.42874095803586
3858,3858.5,65.51712106456837
3859,3859.5,48.09364478610332
3860,3860.5,66.45872040205093
3861,3861.5,77.94140529944133
3862,3862.5,16.041291245873435
3863,3863.5,61.83751674280893
3864,3864.5,82.34204675685676
3865,3865.5,83.16981864967849
3866,3866.5,83.25729520623403
3867,3867.5,83.40425894327315
3868,3868.5,83.19674388190833
3869,3869.5,76.65623383875946
3870,3870.5,82.32024338617369
3871,3871.5,69.27188482970689
3872,3872.5,49.391729037582344
3873,3873.5,45.675681514618944
3874,3874.5,46.63880799986088
3875,3875.5,44.34365261079631
3876,3876.5,49.55529194684717
3877,3877.5,48.673714306335086
3878,3878.5,55.25352747652767
3879,3879.5,56.531096705431096
3880,3880.5,57.67088419132726
3881,3881.5,64.16099703855508
3882,3882.5,72.54532513617606
3883,3883.5,75.29158905671441
3884,3884.5,76.84610093680173
3885,3885.5,83.43355964945835
3886,3886.5,83.429970791612
3887,3887.5,83.31671263412464
3888,3888.5,83.12970986373703
3889,3889.5,83.34458298355189
3890,3890.5,83.41112848866183
3891,3891.5,83.36304656637803
3892,3892.5,83.15884319186962
3893,3893.5,81.6889964280505
3894,3894.5,82.19669701987239
3895,3895.5,62.3264785518469
3896,3896.5,23.942626836142768
3897,3897.5,21.797079960907908
3898,3898.5,16.481805077211817
3899,3899.5,3.374354069275018
3900,3900.5,0.27950818626538343
3901,3901.5,1.4046072337748037
3902,3902.5,0.34687681896397343
3903,3903.5,3.828746492473607
3904,3904.5,14.686029971270226
3905,3905.5,14.106208612232725
3906,3906.5,19.745658870083755
3907,3907.5,24.611302796047717
3908,3908.5,46.24153861145953
3909,3909.5,63.87073701687937
3910,3910.5,69.89100565336884
3911,3911.5,75.6095953955754
3912,3912.5,82.06389263947817
3913,3913.5,82.50276645241472
3914,3914.5,83.06303566944595
3915,3915.5,82.86352001660846
3916,3916.5,83.19503998613037
3917,3917.5,82.25350395303654
3918,3918.5,78.32124677372737
3919,3919.5,49.729396294538155
3920,3920.5,23.384756138630145
3921,3921.5,22.72654703685541
3922,3922.5,17.98204461562403
3923,3923.5,14.67315768432979
3924,3924.5,27.376081471000536
3925,3925.5,24.336685957556035
3926,3926.5,29.96141178711845
3927,3927.5,37.89582450878248
3928,3928.5,36.91335169978074
3929,3929.5,49.47943576605026
3930,3930.5,36.18891689411421
3931,3931.5,59.39497701769232
3932,3932.5,61.21315788368272
3933,3933.5,56.07058487259945
3934,3934.5,78.94916607685366
3935,3935.5,72.65306055364536
3936,3936.5,80.48208004252125
3937,3937.5,81.67768710081684
3938,3938.5,81.56991510489478
3939,3939.5,77.72117156313116
3940,3940.5,73.53638765161729
3941,3941.5,76.63324504186379
3942,3942.5,71.357110986883
3943,3943.5,42.45656400553212
3944,3944.5,27.52428143958697
3945,3945.5,27.064647179418465
3946,3946.5,21.7449019345042
3947,3947.5,24.36327450081976
3948,3948.5,26.706485722347388
3949,3949.5,33.17266293057253
3950,3950.5,39.46220233172828
3951,3951.5,42.665587399991665
3952,3952.5,49.525930077287285
3953,3953.5,47.29217606444562
3954,3954.5,83.33897416029532
3955,3955.5,65.0821060568842
3956,3956.5,62.31044830338778
3957,3957.5,66.03008385781717
3958,3958.5,72.74003000959867
3959,3959.5,47.38656770047463
3960,3960.5,29.034111694196476
3961,3961.5,45.60142077759418
3962,3962.5,68.52431075883601
3963,3963.5,58.29555836350851
3964,3964.5,50.81037923004647
3965,3965.5,59.054842278239754
3966,3966.5,60.67374484842133
3967,3967.5,43.59902390267693
3968,3968.5,31.595135592907752
3969,3969.5,28.457629914242812
3970,3970.5,28.60065397486263
3971,3971.5,21.063783982550987
3972,3972.5,19.265407180679336
3973,3973.5,17.672089734892282
3974,3974.5,13.054555690101099
3975,3975.5,15.943484373448301
3976,3976.5,28.323313568288796
3977,3977.5,29.371149946680692
3978,3978.5,22.176565270897754
3979,3979.5,20.966798564723238
3980,3980.5,56.67611564549362
3981,3981.5,49.789041592090626
3982,3982.5,42.47336253192894
3983,3983.5,52.99596088629982
3984,3984.5,77.2033284046583
3985,3985.5,76.98152023316531
3986,3986.5,22.453026889289355
3987,3987.5,66.81616684272755
3988,3988.5,64.43838597317647
3989,3989.5,72.6338562661482
3990,3990.5,68.3325748075621
3991,3991.5,47.71245356677835
3992,3992.5,42.35211664186727
3993,3993.5,29.123405102693432
3994,3994.5,13.917084714728745
3995,3995.5,8.385726310239146
3996,3996.5,11.317233001123604
3997,3997.5,10.450235302615463
3998,3998.5,6.828727041594142
3999,3999.5,13.396531412097696
4000,4000.5,17.241452488301398
4001,4001.5,6.941838663365428
4002,4002.5,0.1540499918214294
4003,4003.5,73.15395620347945
4004,4004.5,77.46752072072569
4005,4005.5,83.42890423236175
4006,4006.5,82.280631123382
4007,4007.5,72.84480669462762
4008,4008.5,59.77671994470115
4009,4009.5,58.743705005485126
4010,4010.5,50.331724928972875
4011,4011.5,4.311911287097828
4012,4012.5,16.84911290007521
4013,4013.5,46.2981733827544
4014,4014.5,41.027886366812346
4015,4015.5,25.359491671566225
4016,4016.5,18.65832336247961
4017,4017.5,1.9593644207611942
4018,4018.5,0.30770389677572335
4019,4019.5,0.008921344057980772
4020,4020.5,0.0
4021,4021.5,0.0
4022,4022.5,0.693607352403688
4023,4023.5,3.0289459831814716
4024,4024.5,3.3834148035434004
4025,4025.5,83.43137954495396
4026,4026.5,38.36255677295133
4027,4027.5,45.23172127788734
4028,4028.5,56.45703394493545
4029,4029.5,16.115803637749927
4030,4030.5,0.05849301749442118
4031,4031.5,0.05415414445271928
4032,4032.5,20.914948214392783
4033,4033.5,0.0
4034,4034.5,0.3156253814634282
4035,4035.5,9.566769552270301
4036,4036.5,6.269265295737642
4037,4037.5,9.738601631326109
4038,4038.5,13.877839036766385
4039,4039.5,0.09964423969221191
4040,4040.5,0.5574849742193578
4041,4041.5,0.2898097902714057
4042,4042.5,1.0976942052762801
4043,4043.5,0.0
4044,4044.5,0.06579854617579167
4045,4045.5,0.30302760800533307
4046,4046.5,0.20001023660240713
4047,4047.5,1.8782407977322764
4048,4048.5,16.11657602076138
4049,4049.5,18.700852152685556
4050,4050.5,24.813926589416937
4051,4051.5,40.752325473426666
4052,4052.5,30.247997080470753
4053,4053.5,31.4711471766474
4054,4054.5,54.008363663603895
4055,4055.5,68.35781013341581
4056,4056.5,68.76719036498702
4057,4057.5,54.29102657563913
4058,4058.5,63.75900246175932
4059,4059.5,70.6700725999971
4060,4060.5,66.4266268811247
4061,4061.5,36.06950313421617
4062,4062.5,81.32311163459593
4063,4063.5,77.959827972122
4064,4064.5,71.94386293131097
4065,4065.5,71.42104890250809
4066,4066.5,71.69346159192222
4067,4067.5,69.19669370058938
4068,4068.5,64.95939966421125
4069,4069.5,66.22315774798582
4070,4070.5,70.15500473458596
4071,4071.5,74.71903912974838
4072,4072.5,73.38720500238286
4073,4073.5,73.93491210855002
4074,4074.5,81.54579291573451
4075,4075.5,82.46046633282727
4076,4076.5,28.00612308888361
4077,4077.5,55.964840748801336
4078,4078.5,66.67732455433644
4079,4079.5,77.77413890200413
4080,4080.5,83.40784986367339
4081,4081.5,80.93238258153384
4082,4082.5,82.95070506768683
4083,4083.5,83.20849100882533
4084,4084.5,82.14049638082777
4085,4085.5,83.09874431529491
4086,4086.5,83.36370893836867
4087,4087.5,75.03744029010348
4088,4088.5,26.871758773244174
4089,4089.5,14.255701397478997
4090,4090.5,7.636846975480031
4091,4091.5,29.80610132680008
4092,4092.5,55.68641456719921
4093,4093.5,42.1765980544433
4094,4094.5,57.95438590814978
4095,4095.5,61.748557710331184
4096,4096.5,69.16883953910124
4097,4097.5,82.21334389110584
4098,4098.5,80.53061424724996
4099,4099.5,80.4217795985067
4100,4100.5,83.42177564315125
4101,4101.5,42.567883939623165
4102,4102.5,79.54554091213916
4103,4103.5,23.9833146179572
4104,4104.5,1.4277128604539104
4105,4105.5,26.851220405347323
4106,4106.5,48.243537251699095
4107,4107.5,82.55708737775808
4108,4108.5,47.77640884575112
4109,4109.5,81.90624895449952
4110,4110.5,81.43341450358551
4111,4111.5,80.35820553632095
4112,4112.5,65.1595645676014
4113,4113.5,82.76603530087242
4114,4114.5,65.33139596066182
4115,4115.5,32.13230512424364
4116,4116.5,69.18085062237564
4117,4117.5,67.98390532609322
4118,4118.5,65.08556869205214
4119,4119.5,65.3928444195759
4120,4120.5,56.77722766217571
4121,4121.5,61.93006540673792
4122,4122.5,83.09321134393963
4123,4123.5,51.339383779852106
4124,4124.5,77.70935741708321
4125,4125.5,83.40418227570397
4126,4126.5,82.78614050830956
4127,4127.5,82.77969589763269
4128,4128.5,82.33704594696113
4129,4129.5,82.92649937960331
4130,4130.5,82.98683950473821
4131,4131.5,82.68869606771797
4132,4132.5,83.23125723890257
4133,4133.5,83.18196122129525
4134,4134.5,77.1080677816892
4135,4135.5,72.54834299930738
4136,4136.5,44.15856723355417
4137,4137.5,34.38644239049373
4138,4138.5,36.13288175541049
4139,4139.5,58.019595446284264
4140,4140.5,59.01511404744842
4141,4141.5,55.43036489136936
4142,4142.5,46.106539660155306
4143,4143.5,54.62251817755531
4144,4144.5,55.5600937104076
4145,4145.5,54.69158061636204
4146,4146.5,68.39876374452498
4147,4147.5,59.36458855457641
4148,4148.5,69.39333483859428
4149,4149.5,74.32480015675871
4150,4150.5,82.66519588236451
4151,4151.5,79.46321668485425
4152,4152.5,82.37038066892723
4153,4153.5,81.50466861080695
4154,4154.5,83.38383328168653
4155,4155.5,83.41513936891366
4156,4156.5,80.57263228475703
4157,4157.5,83.08029847900099
4158,4158.5,83.11471645253016
4159,4159.5,81.90669455623447
4160,4160.5,59.4672503753433
4161,4161.5,38.77146291686265
4162,4162.5,25.91069767787741
4163,4163.5,4.78563589532337
4164,4164.5,1.936042346474121
4165,4165.5,6.587510008128744
4166,4166.5,15.754411634505443
4167,4167.5,26.223530818890072
4168,4168.5,32.36576395713124
4169,4169.5,52.11670780313338
4170,4170.5,38.14652298329254
4171,4171.5,71.19721817180348
4172,4172.5,68.5634884946943
4173,4173.5,73.25638626589499
4174,4174.5,83.37946899764708
4175,4175.5,82.59455885351888
4176,4176.5,79.86812921981172
4177,4177.5,83.31948679133953
4178,4178.5,82.14609110901651
4179,4179.5,82.36541537894507
4180,4180.5,83.23200830541232
4181,4181.5,82.79546521567838
4182,4182.5,83.41386556405303
4183,4183.5,83.44459572629133
4184,4184.5,78.83160260541769
4185,4185.5,68.45343087706524
4186,4186.5,68.11813010079346
4187,4187.5,71.56923044341353
4188,4188.5,68.37120899168404
4189,4189.5,61.709936829271186
4190,4190.5,59.36458855457641
4191,4191.5,59.439688351578454
4192,4192.5,62.5073936789478
4193,4193.5,68.09208431985503
4194,4194.5,77.96366872884232
4195,4195.5,80.00144037887652
4196,4196.5,83.32759390060836
4197,4197.5,81.81252337261934
4198,4198.5,82.02318817395945
4199,4199.5,83.14732631075584
4200,4200.5,81.69058379202659
4201,4201.5,82.42522068363
4202,4202.5,83.26210472524667
4203,4203.5,83.15530508466786
4204,4204.5,82.64113711945646
4205,4205.5,83.09315101779903
4206,4206.5,83.25840553732657
4207,4207.5,74.41200139549281
4208,4208.5,27.42989322975257
4209,4209.5,24.56665202116885
4210,4210.5,22.908964679705715
4211,4211.5,32.18169741664513
4212,4212.5,37.67995151319605
4213,4213.5,48.9866924832276
4214,4214.5,45.6307369502624
4215,4215.5,48.19434695133167
4216,4216.5,56.81538927999519
4217,4217.5,43.285443346571476
4218,4218.5,41.43905796424603
4219,4219.5,53.24074252928974
4220,4220.5,51.40900895607941
4221,4221.5,42.814934644688364
4222,4222.5,62.514371091528375
4223,4223.5,50.14525364515999
4224,4224.5,46.18913356477931
4225,4225.5,50.54289911508762
4226,4226.5,44.65172109046899
4227,4227.5,18.24874480730138
4228,4228.5,46.00360811547718
4229,4229.5,29.920091827367603
4230,4230.5,15.503861339771268
4231,4231.5,6.527763976593214
4232,4232.5,7.551431573769784
4233,4233.5,1.4957958668288813
4234,4234.5,0.0
4235,4235.5,0.0
4236,4236.5,0.0
4237,4237.5,0.029545781583863846
4238,4238.5,0.3332418609418285
4239,4239.5,3.357697425529587
4240,4240.5,2.519719809736045
4241,4241.5,9.225875677301593
4242,4242.5,21.19617649956418
4243,4243.5,9.225875677301593
4244,4244.5,68.8108927745755
4245,4245.5,83.03251757777517
4246,4246.5,82.00163611754544
4247,4247.5,73.82484768164903
4248,4248.5,81.48271656171768
4249,4249.5,81.93149016120175
4250,4250.5,83.03563513254197
4251,4251.5,83.4003222376231
4252,4252.5,82.0690054763178
4253,4253.5,80.09958502669582
4254,4254.5,82.35637184677498
4255,4255.5,72.60359241646741
4256,4256.5,35.31555642397936
4257,4257.5,21.444126418925432
4258,4258.5,20.183791670990505
4259,4259.5,14.950070071608685
4260,4260.5,18.143399508443004
4261,4261.5,18.648089068692652
4262,4262.5,18.761369448148876
4263,4263.5,13.098911237461072
4264,4264.5,11.68406188602135
4265,4265.5,11.552601888155465
4266,4266.5,13.787421851875592
4267,4267.5,16.565156038653107
4268,4268.5,30.493098784273318
4269,4269.5,41.9320370133255
4270,4270.5,1.4697954498928614
4271,4271.5,9.959138724381063
4272,4272.5,81.50613481113879
4273,4273.5,82.60323633422203
4274,4274.5,68.29051343949898
4275,4275.5,53.985995052024556
4276,4276.5,15.210091230938472
4277,4277.5,49.16729904052964
4278,4278.5,39.11864925668826
4279,4279.5,13.99084812619851
4280,4280.5,4.111717930641936
4281,4281.5,7.647805728956652
4282,4282.5,10.107772594477764
4283,4283.5,4.9480607765286955
4284,4284.5,6.815582264488014
4285,4285.5,3.020198776576483
4286,4286.5,4.129377911898375
4287,4287.5,4.062780139423063
4288,4288.5,3.1610168003525723
4289,4289.5,3.0987822432464607
4290,4290.5,8.156770577598726
4291,4291.5,9.935118183108331
4292,4292.5,40.71870519512285
4293,4293.5,60.59713256393885
4294,4294.5,62.82288226770755
4295,4295.5,48.8196691338378
4296,4296.5,37.95723491973296
4297,4297.5,57.1652580125621
4298,4298.5,73.16230963480335
4299,4299.5,78.94555995179351
4300,4300.5,81.88861817385886
4301,4301.5,80.50459493106753
4302,4302.5,33.30462137297907
4303,4303.5,36.073615240663734
4304,4304.5,40.78544602948976
4305,4305.5,30.66019746755924
4306,4306.5,7.71783327866751
4307,4307.5,0.7291210517697747
4308,4308.5,1.192422553047471
4309,4309.5,0.9844644135860993
4310,4310.5,0.35879707480683215
4311,4311.5,0.0
4312,4312.5,0.0
4313,4313.5,2.061310940325859
4314,4314.5,40.325387404628835
4315,4315.5,22.19594187908313
4316,4316.5,18.01015571141252
4317,4317.5,51.720537102742455
4318,4318.5,50.93398618074255
4319,4319.5,1.3215118539545043
4320,4320.5,60.613739318073705
4321,4321.5,69.66830811997609
4322,4322.5,50.9912140578548
4323,4323.5,14.844840631194906
4324,4324.5,1.9374985029863938
4325,4325.5,0.4266615867556825
4326,4326.5,1.671001425935677
4327,4327.5,7.331194537694338
4328,4328.5,4.736606105929052
4329,4329.5,2.962722688831242
4330,4330.5,2.6071537491105294
4331,4331.5,0.3634055114131414
4332,4332.5,0.15482365080495225
4333,4333.5,1.6988836455986125
4334,4334.5,0.06789127630801214
4335,4335.5,0.36799948863129606
4336,4336.5,0.31609350945920067
4337,4337.5,5.176475196210314
4338,4338.5,8.77885708834874
4339,4339.5,35.72089811892572
4340,4340.5,0.0
4341,4341.5,6.91355492689683
4342,4342.5,0.6687103224597163
4343,4343.5,6.507591197372985
4344,4344.5,11.011764433715802
4345,4345.5,15.855859033592864
4346,4346.5,14.68773828741591
4347,4347.5,19.89436123893974
4348,4348.5,34.43825371909228
4349,4349.5,35.8306191130003
4350,4350.5,11.279301420945325
4351,4351.5,11.68122268856082
4352,4352.5,4.140779863651529
4353,4353.5,1.464212825292561
4354,4354.5,0.7798858482145529
4355,4355.5,0.5197902490373923
4356,4356.5,1.0086560539450409
4357,4357.5,3.9823747125451696
4358,4358.5,0.22855139876154185
4359,4359.5,2.7200203585828886
4360,4360.5,7.182404923537627
4361,4361.5,2.687986921583655
4362,4362.5,0.0
4363,4363.5,0.0
4364,4364.5,0.5649444026657598
4365,4365.5,0.283972535217025
4366,4366.5,0.0
4367,4367.5,7.315342385668092
4368,4368.5,27.993530755595177
4369,4369.5,21.952420755528625
4370,4370.5,12.966460823646505
4371,4371.5,25.108957606416716
4372,4372.5,5.5100181901185215
4373,4373.5,21.252500013362884
4374,4374.5,27.914771574958085
4375,4375.5,21.278896036120482
4376,4376.5,3.073687517666112
4377,4377.5,2.2600799126118005
4378,4378.5,1.4822002785517534
4379,4379.5,0.3160186095789457
4380,4380.5,0.22094516563208974
4381,4381.5,0.028211214044302286
4382,4382.5,1.786533855557175
4383,4383.5,0.35219564483013444
4384,4384.5,3.9582827793347146
4385,4385.5,24.866960886421314
4386,4386.5,1.5902103910326104
4387,4387.5,0.08331498892389001
4388,4388.5,0.0
4389,4389.5,5.131628842098457
4390,4390.5,2.4083975094297645
4391,4391.5,31.017970296821318
4392,4392.5,55.58568281634645
4393,4393.5,57.31597705726497
4394,4394.5,72.27933854628033
4395,4395.5,43.653518566152
4396,4396.5,44.43470296774558
4397,4397.5,47.27464280724598
4398,4398.5,13.702746481173483
4399,4399.5,30.303827505489735
4400,4400.5,42.58610244289539
4401,4401.5,0.0002457651056300536
4402,4402.5,18.82503424706587
4403,4403.5,26.20521267262953
4404,4404.5,24.832939363015896
4405,4405.5,82.25847347538193
4406,4406.5,50.248257526092814
4407,4407.5,34.299994697977766
4408,4408.5,39.25289517498308
4409,4409.5,40.3884748836908
4410,4410.5,36.43704810732544
4411,4411.5,44.021198463489526
4412,4412.5,47.462037791475666
4413,4413.5,35.61423120869455
4414,4414.5,65.1137347815034
4415,4415.5,81.71532609039072
4416,4416.5,81.0100074354559
4417,4417.5,72.21444065568905
4418,4418.5,77.73045515382728
4419,4419.5,74.60112606475573
4420,4420.5,73.18516895853654
4421,4421.5,82.09777000048656
4422,4422.5,83.42597432627973
4423,4423.5,78.82430413704526
4424,4424.5,44.768977643566046
4425,4425.5,46.853921811492086
4426,4426.5,35.4966478593921
4427,4427.5,39.888320689909946
4428,4428.5,47.44032077752637
4429,4429.5,49.088027814672344
4430,4430.5,47.42990231686085
4431,4431.5,34.72102794328466
4432,4432.5,25.484678771140658
4433,4433.5,25.394388902038926
4434,4434.5,23.929140885455123
4435,4435.5,34.1523038577849
4436,4436.5,64.29603984330657
4437,4437.5,62.07413568637897
4438,4438.5,72.24419804210078
4439,4439.5,79.99341456762119
4440,4440.5,80.99629012545329
4441,4441.5,81.06165556995371
4442,4442.5,79.49596521475979
4443,4443.5,75.83241724166896
4444,4444.5,78.69154197466658
4445,4445.5,80.55314797317223
4446,4446.5,80.19368444922631
4447,4447.5,63.29814982927285
4448,4448.5,44.532218105821336
4449,4449.5,51.64433323858566
4450,4450.5,56.30941757419559
4451,4451.5,56.55932637691972
4452,4452.5,60.68541571450901
4453,4453.5,64.30232950548287
4454,4454.5,62.70316386062426
4455,4455.5,62.39552314994772
4456,4456.5,68.75661150238963
4457,4457.5,63.36610360793543
4458,4458.5,65.28103920402732
4459,4459.5,68.48679967602274
4460,4460.5,57.80782997817291
4461,4461.5,19.477167293567117
4462,4462.5,35.915937373590836
4463,4463.5,55.26993096556693
4464,4464.5,26.004020180691644
4465,4465.5,22.86054153296289
4466,4466.5,67.32225029319542
4467,4467.5,80.70324959850525
4468,4468.5,82.84116428039594
4469,4469.5,81.82325931403828
4470,4470.5,83.4124826400295
4471,4471.5,82.15336599067383
4472,4472.5,70.16244057444442
4473,4473.5,62.90315064872649
4474,4474.5,61.88818984307104
4475,4475.5,66.13499962191165
4476,4476.5,59.39362073517148
4477,4477.5,51.06632909826691
4478,4478.5,53.78902733349235
4479,4479.5,51.59029254596572
4480,4480.5,62.59505798702055
4481,4481.5,61.49703177528227
4482,4482.5,72.1843340859049
4483,4483.5,63.39875123556024
4484,4484.5,72.98561174558225
4485,4485.5,68.94481894580372
4486,4486.5,82.43632508869405
4487,4487.5,77.5224199702855
4488,4488.5,79.1868958998288
4489,4489.5,77.7961109311796
4490,4490.5,75.86401154776586
4491,4491.5,6.789599007225825
4492,4492.5,0.3246510418947541
4493,4493.5,3.7700482633409726
4494,4494.5,19.045521881232798
4495,4495.5,28.799030166402336
4496,4496.5,15.498208228909274
4497,4497.5,31.097855289924055
4498,4498.5,27.987485942861284
4499,4499.5,17.94215078740568
4500,4500.5,14.263429908665534
4501,4501.5,12.977534238632
4502,4502.5,22.980701835325053
4503,4503.5,36.623013576314065
4504,4504.5,47.81267943218722
4505,4505.5,38.73502484928802
4506,4506.5,46.26289227908632
4507,4507.5,48.006407445054876
4508,4508.5,56.09882758641442
4509,4509.5,71.12781811797332
4510,4510.5,73.53609466990225
4511,4511.5,74.14385701747192
4512,4512.5,70.87273363755327
4513,4513.5,73.99553229420535
4514,4514.5,72.17461665416216
4515,4515.5,72.93286963299445
4516,4516.5,68.05001920998457
4517,4517.5,59.446574843801386
4518,4518.5,65.02587524877396
4519,4519.5,42.13809791653565
4520,4520.5,17.641723133032386
4521,4521.5,22.831552523212938
4522,4522.5,16.654819007422564
4523,4523.5,9.096977714329048
4524,4524.5,14.624458796655592
4525,4525.5,17.63013198860897
4526,4526.5,19.050962141000223
4527,4527.5,21.851026193489382
4528,4528.5,17.160457328332026
4529,4529.5,25.05952862145329
4530,4530.5,31.103143379668737
4531,4531.5,27.314610103261415
4532,4532.5,27.1060215436045
4533,4533.5,48.78733147917981
4534,4534.5,63.64331618147469
4535,4535.5,68.08365876759818
4536,4536.5,72.88789560367414
4537,4537.5,78.1359781085168
4538,4538.5,79.20663392654971
4539,4539.5,80.54039555291492
4540,4540.5,77.11848006382108
4541,4541.5,76.85665860021466
4542,4542.5,79.58615651114832
4543,4543.5,63.450714078494094
4544,4544.5,36.20555082136255
4545,4545.5,37.64296759208047
4546,4546.5,33.75486919326043
4547,4547.5,23.54597910391959
4548,4548.5,15.135757722307268
4549,4549.5,12.250426890680458
4550,4550.5,13.740293617436153
4551,4551.5,15.69945273866909
4552,4552.5,12.463180665664256
4553,4553.5,12.049877542337843
4554,4554.5,16.530531548157654
4555,4555.5,20.849157039315518
4556,4556.5,47.28671854227281
4557,4557.5,57.839822448454335
4558,4558.5,63.85421362915877
4559,4559.5,70.71037401081239
4560,4560.5,70.63179425912028
4561,4561.5,73.65167475832192
4562,4562.5,73.67362468027626
4563,4563.5,70.1632922721203
4564,4564.5,79.69832501027011
4565,4565.5,82.84932591164966
4566,4566.5,68.83669794357107
4567,4567.5,35.17143060147632
4568,4568.5,13.705576550332795
4569,4569.5,9.39238721165693
4570,4570.5,2.5657691409865397
4571,4571.5,0.13647140580590428
4572,4572.5,0.31456277206652744
4573,4573.5,2.332540490964128
4574,4574.5,5.895314427520349
4575,4575.5,3.7436255581406934
4576,4576.5,4.489643099498682
4577,4577.5,8.418666129589775
4578,4578.5,28.530068380457667
4579,4579.5,7.274773198580697
4580,4580.5,34.02883275068897
4581,4581.5,41.64210087780032
4582,4582.5,36.612945186750636
4583,4583.5,39.6769877284415
4584,4584.5,36.32957842535653
4585,4585.5,42.695474012998986
4586,4586.5,56.97175143824751
4587,4587.5,51.5405143721627
4588,4588.5,61.18171327183189
4589,4589.5,76.88717929009528
4590,4590.5,73.71761248047235
4591,4591.5,43.84293246192409
4592,4592.5,11.37377760605584
4593,4593.5,6.692741625317372
4594,4594.5,1.9320572843072972
4595,4595.5,2.5665600134553275
4596,4596.5,6.26498760963073
4597,4597.5,8.231240756159119
4598,4598.5,13.850153961332799
4599,4599.5,17.574690303681773
4600,4600.5,18.624639922386777
4601,4601.5,20.809644509029464
4602,4602.5,30.33786518321355
4603,4603.5,29.17163404415465
4604,4604.5,45.95464849397188
4605,4605.5,56.04108223031813
4606,4606.5,70.61825134917514
4607,4607.5,75.3880385676018
4608,4608.5,78.12685280454134
4609,4609.5,76.3307779999757
4610,4610.5,80.78284292391879
4611,4611.5,81.48503034825717
4612,4612.5,82.52909986215673
4613,4613.5,80.8269154968378
4614,4614.5,81.76370130583217
4615,4615.5,60.53467425576293
4616,4616.5,31.822780595675372
4617,4617.5,39.419772689954534
4618,4618.5,38.35049412470429
4619,4619.5,35.84484433584827
4620,4620.5,33.203083842542874
4621,4621.5,28.898571626815933
4622,4622.5,30.92321535746401
4623,4623.5,33.91781437847428
4624,4624.5,38.70840454002762
4625,4625.5,30.778304805115773
4626,4626.5,24.588992164469634
4627,4627.5,41.69093499169161
4628,4628.5,56.04518171647791
4629,4629.5,56.1475207405732
4630,4630.5,73.7750490817731
4631,4631.5,78.63712563647316
4632,4632.5,72.05720383362069
4633,4633.5,83.1802019600979
4634,4634.5,81.92117196387669
4635,4635.5,81.36125344168745
4636,4636.5,80.59288891653738
4637,4637.5,78.20956039213117
4638,4638.5,76.02545487091086
4639,4639.5,59.15923722613252
4640,4640.5,22.187442052796996
4641,4641.5,18.18573394714768
4642,4642.5,15.99911246519896
4643,4643.5,11.486337539846858
4644,4644.5,9.332596636371973
4645,4645.5,11.419011272844799
4646,4646.5,12.648353336033516
4647,4647.5,11.922082102083555
4648,4648.5,14.13109017961991
4649,4649.5,11.030653700043485
4650,4650.5,18.830729218990218
4651,4651.5,19.040189776980565
4652,4652.5,29.399591788515675
4653,4653.5,46.855835756114104
4654,4654.5,57.94780330007123
4655,4655.5,63.512227847933076
4656,4656.5,63.38613576957045
4657,4657.5,70.09227681347187
4658,4658.5,73.16506045642866
4659,4659.5,71.0399424321378
4660,4660.5,73.94998430964667
4661,4661.5,68.1483633745017
4662,4662.5,59.501225023243805
4663,4663.5,39.970717221816315
4664,4664.5,7.447896460054658
4665,4665.5,8.347714139847714
4666,4666.5,5.171811621524925
4667,4667.5,0.6327374023145015
4668,4668.5,0.0
4669,4669.5,0.0
4670,4670.5,73.66875437660917
4671,4671.5,74.83623542751803
4672,4672.5,73.9275556977315
4673,4673.5,34.89301945949294
4674,4674.5,60.7356382699307
4675,4675.5,51.93866165356884
4676,4676.5,48.31530837837718
4677,4677.5,64.59787853694431
4678,4678.5,66.15521295473992
4679,4679.5,49.351559120503175
4680,4680.5,25.4924398593097
4681,4681.5,49.70858967028638
4682,4682.5,6.446169095350198
4683,4683.5,1.9286495698445945
4684,4684.5,0.09241542803593372
4685,4685.5,10.349849472489973
4686,4686.5,7.955735470560433
4687,4687.5,6.483198656779861
4688,4688.5,7.773360441000429
4689,4689.5,7.895430565849555
4690,4690.5,13.730742334959832
4691,4691.5,11.19317829871506
4692,4692.5,14.82008903228105
4693,4693.5,18.132113416971933
4694,4694.5,12.052629829769463
4695,4695.5,9.947911482683393
4696,4696.5,9.918845472984065
4697,4697.5,53.675262410164095
4698,4698.5,19.567193341745845
4699,4699.5,11.000694268409429
4700,4700.5,34.27963332449969
4701,4701.5,7.334243924084089
4702,4702.5,9.06463277005456
4703,4703.5,7.981157873051043
4704,4704.5,13.119932661034094
4705,4705.5,29.720012030550198
4706,4706.5,22.911845889011268
4707,4707.5,24.09807404364091
4708,4708.5,6.234926044132789
4709,4709.5,0.09209186026893561
4710,4710.5,0.033102278916520525
4711,4711.5,0.0
4712,4712.5,0.0
4713,4713.5,0.22487200442692054
4714,4714.5,0.18346391660934186
4715,4715.5,4.857021887630766
4716,4716.5,12.663474731465605
4717,4717.5,6.919248588238659
4718,4718.5,0.97609082719588
4719,4719.5,0.0
4720,4720.5,5.640646792753597
4721,4721.5,0.3048540348521214
4722,4722.5,3.5407308993780506
4723,4723.5,2.1442588824887228
4724,4724.5,0.0
4725,4725.5,14.116165286139559
4726,4726.5,50.38863786242199
4727,4727.5,30.252881293038033
4728,4728.5,9.604360578621545
4729,4729.5,2.0638888915388236
4730,4730.5,17.276554244753882
4731,4731.5,14.733422950578468
4732,4732.5,18.837747819606573
4733,4733.5,4.80580379066827
4734,4734.5,15.323275403238277
4735,4735.5,9.21412502174823
4736,4736.5,16.734652299988
4737,4737.5,7.051635766313088
4738,4738.5,1.8752763053838366
4739,4739.5,3.318262121034955
4740,4740.5,21.74004554836915
4741,4741.5,24.412607850339782
4742,4742.5,8.395233562590377
4743,4743.5,18.96974299499203
4744,4744.5,13.563920299504622
4745,4745.5,17.424097200000755
4746,4746.5,3.2102168262645363
4747,4747.5,11.913785225707594
4748,4748.5,20.61352171689387
4749,4749.5,17.37488987108172
4750,4750.5,34.708984728857615
4751,4751.5,40.62091045217441
4752,4752.5,36.385170984793334
4753,4753.5,34.00289917308241
4754,4754.5,27.838037416983436
4755,4755.5,18.38279445400026
4756,4756.5,17.233368573275772
4757,4757.5,16.51268539608418
4758,4758.5,6.218349288098748
4759,4759.5,13.961841588555096
4760,4760.5,7.508968022966779
4761,4761.5,14.724149699976712
4762,4762.5,14.657734462153654
4763,4763.5,19.7806845585102
4764,4764.5,23.854202279363637
4765,4765.5,18.15509460012833
4766,4766.5,26.077247227237145
4767,4767.5,29.925313699133483
4768,4768.5,30.106821977799676
4769,4769.5,32.103464974350544
4770,4770.5,47.08147954376003
4771,4771.5,52.38949754012183
4772,4772.5,49.22427549540248
4773,4773.5,59.68198255071709
4774,4774.5,58.044646801305795
4775,4775.5,60.78501650822939
4776,4776.5,69.6384376608496
4777,4777.5,71.68993681345395
4778,4778.5,69.62786262332317
4779,4779.5,73.6980974751623
4780,4780.5,73.47614967105451
4781,4781.5,68.52008872861951
4782,4782.5,73.3978012907501
4783,4783.5,59.405775077417054
4784,4784.5,37.52720329614021
4785,4785.5,40.61976435605542
4786,4786.5,40.583949414989995
4787,4787.5,30.114920321113278
4788,4788.5,27.30128667314282
4789,4789.5,24.60821650538448
4790,4790.5,23.408819216928418
4791,4791.5,23.206589824341055
4792,4792.5,36.88636727942437
4793,4793.5,25.820558669322327
4794,4794.5,35.13209731937059
4795,4795.5,34.07462944262733
4796,4796.5,47.31243992523258
4797,4797.5,58.49951385207329
4798,4798.5,67.58586417604747
4799,4799.5,64.9680012588954
4800,4800.5,64.43778773334537
4801,4801.5,64.0965160149885
4802,4802.5,65.0489471819521
4803,4803.5,57.97308958448608
4804,4804.5,58.40016152780686
4805,4805.5,59.67088015136562
4806,4806.5,61.295026152313646
4807,4807.5,44.29173767161542
4808,4808.5,28.07060232250784
4809,4809.5,23.541781869528066
4810,4810.5,17.54208546688155
4811,4811.5,17.81322882105132
4812,4812.5,14.81990605014287
4813,4813.5,13.623271672451885
4814,4814.5,20.925759408251952
4815,4815.5,28.853169306174816
4816,4816.5,36.02193896192504
4817,4817.5,33.95441983117189
4818,4818.5,39.07936942490961
4819,4819.5,41.14447516791235
4820,4820.5,47.88562062885508
4821,4821.5,65.88681834733627
4822,4822.5,68.44562823517468
4823,4823.5,62.797770854945874
4824,4824.5,65.23633731813302
4825,4825.5,69.17560457076443
4826,4826.5,71.55050518505223
4827,4827.5,61.69232053919421
4828,4828.5,68.68575999401034
4829,4829.5,58.019326587065756
4830,4830.5,55.75957530396664
4831,4831.5,45.87491100990163
4832,4832.5,30.255332399130904
4833,4833.5,26.04771091310129
4834,4834.5,31.98768792742258
4835,4835.5,25.74783205872519
4836,4836.5,22.40011129660647
4837,4837.5,20.25406931346517
4838,4838.5,20.856009748291658
4839,4839.5,23.964203719722775
4840,4840.5,21.034793852316014
4841,4841.5,32.41297922308185
4842,4842.5,33.22241684645631
4843,4843.5,33.07626759525601
4844,4844.5,54.182089273082774
4845,4845.5,71.41499768154647
4846,4846.5,73.59227516358555
4847,4847.5,73.6215216244332
4848,4848.5,71.99483132284024
4849,4849.5,72.71987077333688
4850,4850.5,81.54184267004881
4851,4851.5,79.85772119835443
4852,4852.5,74.93673514323149
4853,4853.5,74.72450442645724
4854,4854.5,71.76532501667522
4855,4855.5,52.71974496209641
4856,4856.5,22.053329122453746
4857,4857.5,16.495433891937378
4858,4858.5,21.513619435783323
4859,4859.5,19.321687340353698
4860,4860.5,13.160067704929276
4861,4861.5,14.438973474053476
4862,4862.5,18.845527653677316
4863,4863.5,22.231387232161484
4864,4864.5,14.502585510768096
4865,4865.5,24.775714795640415
4866,4866.5,21.609681673220752
4867,4867.5,26.52085761024163
4868,4868.5,48.08107464039422
4869,4869.5,64.86522653811609
4870,4870.5,70.58502037577531
4871,4871.5,73.67716373581904
4872,4872.5,75.40610529395434
4873,4873.5,66.17550841807292
4874,4874.5,72.46274815382078
4875,4875.5,71.34663785905464
4876,4876.5,78.65120244291066
4877,4877.5,80.67737386476347
4878,4878.5,78.2596369534844
4879,4879.5,52.52524145884485
4880,4880.5,5.729554998644969
4881,4881.5,3.149665760910394
4882,4882.5,4.591651073440225
4883,4883.5,4.323916458492927
4884,4884.5,4.296802189624436
4885,4885.5,5.511824608905356
4886,4886.5,5.738877492177735
4887,4887.5,12.708032034061308
4888,4888.5,12.147551174189903
4889,4889.5,10.832836784037681
4890,4890.5,22.73995457833532
4891,4891.5,31.92064782144322
4892,4892.5,47.26499955996521
4893,4893.5,45.329045800801644
4894,4894.5,54.03447247401207
4895,4895.5,70.26885399772961
4896,4896.5,69.05194311019419
4897,4897.5,65.13533707696166
4898,4898.5,65.33278485368277
4899,4899.5,57.567042028070524
4900,4900.5,64.96081100536978
4901,4901.5,67.03605066100044
4902,4902.5,15.674092091848875
4903,4903.5,0.40856645279204223
4904,4904.5,0.18151231719632493
4905,4905.5,0.32882937060572354
4906,4906.5,4.069991610316926
4907,4907.5,7.189262577103476
4908,4908.5,6.411715458281047
4909,4909.5,13.414298150733819
4910,4910.5,34.25750478732235
4911,4911.5,43.97816397471536
4912,4912.5,25.56128717855884
4913,4913.5,39.63038924329296
4914,4914.5,77.41237289560381
4915,4915.5,79.25347183135736
4916,4916.5,68.42641635491411
4917,4917.5,23.854202279363637
4918,4918.5,1.4042516311330777
4919,4919.5,13.60154287346024
4920,4920.5,0.0
4921,4921.5,18.84449316255442
4922,4922.5,39.54013709832569
4923,4923.5,14.03510795472593
4924,4924.5,26.240981367200074
4925,4925.5,15.670491525229666
4926,4926.5,20.075670218185945
4927,4927.5,24.48741967170701
4928,4928.5,9.422047353568848
4929,4929.5,14.879411289753413
4930,4930.5,25.68295810845691
4931,4931.5,35.34570524895859
4932,4932.5,42.06624962583394
4933,4933.5,51.916557557526666
4934,4934.5,55.884530820823585
4935,4935.5,56.163495155985096
4936,4936.5,66.68147449536605
4937,4937.5,66.23949714440408
4938,4938.5,62.4405818377423
4939,4939.5,57.760139781250956
4940,4940.5,61.211550682210955
4941,4941.5,64.42214381600375
4942,4942.5,19.15812634156693
4943,4943.5,1.2605479860222428
4944,4944.5,7.199411546009748
4945,4945.5,38.65316721993594
4946,4946.5,52.647202881121565
4947,4947.5,48.7563225315185
4948,4948.5,29.883391022621662
4949,4949.5,51.16482086089009
4950,4950.5,53.26444882483129
4951,4951.5,24.551527083332225
4952,4952.5,24.058886990714583
4953,4953.5,31.655640250660404
4954,4954.5,22.678262713436578
4955,4955.5,23.990195395618652
4956,4956.5,21.14931116302942
4957,4957.5,22.14822601480688
4958,4958.5,19.247454080080953
4959,4959.5,24.336322913207717
4960,4960.5,24.74363187894123
4961,4961.5,26.19168312121694
4962,4962.5,32.642743938138274
4963,4963.5,19.709746869569287
4964,4964.5,27.092362654793078
4965,4965.5,37.75726413264204
4966,4966.5,42.709473613841155
4967,4967.5,58.41176965674496
4968,4968.5,58.20713994489013
4969,4969.5,51.18738803947529
4970,4970.5,59.414831654767596
4971,4971.5,49.84126595876262
4972,4972.5,46.79372142333451
4973,4973.5,18.447026039328605
4974,4974.5,22.156001638950215
4975,4975.5,19.719176357333627
4976,4976.5,9.082463908065964
4977,4977.5,8.339014820603786
4978,4978.5,18.07357836903007
4979,4979.5,19.77862321675202
4980,4980.5,25.046367140916765
4981,4981.5,31.482448572156265
4982,4982.5,34.44911208551076
4983,4983.5,34.09581220263959
4984,4984.5,44.551029408781744
4985,4985.5,51.276402514081425
4986,4986.5,55.829990006280454
4987,4987.5,57.860701223586936
4988,4988.5,67.52286709017605
4989,4989.5,70.66993577227008
4990,4990.5,58.713302294558794
4991,4991.5,71.20133910781252
4992,4992.5,72.93383664526331
4993,4993.5,70.01842934213865
4994,4994.5,81.42516526725483
4995,4995.5,78.66531420625306
4996,4996.5,73.31114939418015
4997,4997.5,65.1770860717206
4998,4998.5,41.71306073886912
4999,4999.5,41.76782775830158
5000,5000.5,28.08457164245445
5001,5001.5,41.23775835685381
5002,5002.5,42.19521077892983
5003,5003.5,49.93966136748104
5004,5004.5,48.84653247474064
5005,5005.5,46.320986318808515
5006,5006.5,48.68415289057384
5007,5007.5,54.33053261081924
5008,5008.5,55.10636851678132
5009,5009.5,66.44978729019087
5010,5010.5,59.07765186277496
5011,5011.5,21.811535609246395
5012,5012.5,54.17070390203044
5013,5013.5,64.7784864712719
5014,5014.5,73.24904006675605
5015,5015.5,76.58197447775574
5016,5016.5,80.43660305215667
5017,5017.5,80.58599209725357
5018,5018.5,80.15655662553925
5019,5019.5,79.6490399463586
5020,5020.5,77.91278126740619
5021,5021.5,80.26039751961154
5022,5022.5,81.68577759329109
5023,5023.5,70.13356033321557
5024,5024.5,46.44218627102978
5025,5025.5,35.620500111570756
5026,5026.5,21.934453086309425
5027,5027.5,19.47138101458578
5028,5028.5,21.876877626583727
5029,5029.5,22.778785467162148
5030,5030.5,24.932856359506683
5031,5031.5,27.479426940588564
5032,5032.5,30.56749316259088
5033,5033.5,34.24310891454526
5034,5034.5,37.93950064280314
5035,5035.5,31.6421305174704
5036,5036.5,54.981081913350465
5037,5037.5,48.9220939015251
5038,5038.5,61.75846474232882
5039,5039.5,72.81386976678412
5040,5040.5,71.12883422702019
5041,5041.5,58.716040204965324
5042,5042.5,80.64279232007023
5043,5043.5,60.85816939445801
5044,5044.5,69.78786093515214
5045,5045.5,60.399046814221
5046,5046.5,65.28464556954584
5047,5047.5,60.142255820178256
5048,5048.5,33.2953418909303
5049,5049.5,16.111334532680484
5050,5050.5,15.118413523081458
5051,5051.5,10.21110131429554
5052,5052.5,6.066418108384175
5053,5053.5,2.5372839665424074
5054,5054.5,1.7418626336330882
5055,5055.5,0.2696439668170027
5056,5056.5,0.0
5057,5057.5,0.2844559460346636
5058,5058.5,0.0
5059,5059.5,1.4149793058626785
5060,5060.5,14.84998353206573
5061,5061.5,22.00635810055165
5062,5062.5,70.12235663546159
5063,5063.5,58.06903435947945
5064,5064.5,68.6942175969234
5065,5065.5,53.532622558833665
5066,5066.5,53.87595434939327
5067,5067.5,47.87519254396683
5068,5068.5,62.37918806772228
5069,5069.5,42.44086637690147
5070,5070.5,19.81638648464927
5071,5071.5,24.26867200381528
5072,5072.5,8.244316721157926
5073,5073.5,2.528185529866122
5074,5074.5,2.478962677237015
5075,5075.5,1.5929358165337217
5076,5076.5,0.7375286313888241
5077,5077.5,1.6790391630626667
5078,5078.5,3.0138137497368924
5079,5079.5,3.1472280086763096
5080,5080.5,4.360794105963221
5081,5081.5,4.1124503180486585
5082,5082.5,2.5104728247539487
5083,5083.5,67.21800237089134
5084,5084.5,40.36969197195573
5085,5085.5,16.046599636241556
5086,5086.5,43.0325531531096
5087,5087.5,70.38427204657421
5088,5088.5,61.462514796980585
5089,5089.5,25.965681388012715
5090,5090.5,32.29882458419564
5091,5091.5,33.79825375987656
5092,5092.5,20.677626573192452
5093,5093.5,27.516268653815132
5094,5094.5,24.967055607665873
5095,5095.5,25.458916443882135
5096,5096.5,13.360324336810507
5097,5097.5,17.599328132405777
5098,5098.5,16.371052357034024
5099,5099.5,9.444525624197395
5100,5100.5,6.249946898900006
5101,5101.5,5.675140529344446
5102,5102.5,7.844545167144375
5103,5103.5,16.81361848727645
5104,5104.5,23.900775428580378
5105,5105.5,37.15878985161625
5106,5106.5,79.63065033655747
5107,5107.5,71.0973060648485
5108,5108.5,41.69394200881118
5109,5109.5,67.92298314333486
5110,5110.5,76.32212831164331
5111,5111.5,1.005422905385281
5112,5112.5,64.92317244137013
5113,5113.5,82.3018676664129
5114,5114.5,82.66272235150961
5115,5115.5,77.19479920882989
5116,5116.5,78.20804101879355
5117,5117.5,72.71825281361194
5118,5118.5,78.0585506728992
5119,5119.5,74.35759213301615
5120,5120.5,53.91898546555694
5121,5121.5,44.7102201319815
5122,5122.5,49.09342891486827
5123,5123.5,56.348516306026006
5124,5124.5,45.047560741988946
5125,5125.5,35.71597993016364
5126,5126.5,33.76909065109711
5127,5127.5,29.882973819232785
5128,5128.5,19.585917408556487
5129,5129.5,33.88096047525071
5130,5130.5,48.41900036415794
5131,5131.5,48.3859775425822
5132,5132.5,67.51249286940815
5133,5133.5,58.674095705434006
5134,5134.5,83.43501234431884
5135,5135.5,39.666481362700374
5136,5136.5,51.700991825501234
5137,5137.5,81.82897485590352
5138,5138.5,81.06222603476373
5139,5139.5,59.155374971286825
5140,5140.5,35.988504973813534
5141,5141.5,72.2244429085077
5142,5142.5,83.43221206365577
5143,5143.5,69.11318592653294
5144,5144.5,16.77743753782241
5145,5145.5,0.8695414370585944
5146,5146.5,7.028623816571866
5147,5147.5,13.017758903354022
5148,5148.5,15.534896842039823
5149,5149.5,14.165757521952319
5150,5150.5,13.41003285752135
5151,5151.5,14.314281416733662
5152,5152.5,31.888932373765464
5153,5153.5,33.63486060826407
5154,5154.5,39.882445262581875
5155,5155.5,60.7575979467871
5156,5156.5,68.30193594796327
5157,5157.5,77.01610290660767
5158,5158.5,77.57080033484651
5159,5159.5,4.995384988800767
5160,5160.5,32.021148284066996
5161,5161.5,26.424898457325884
5162,5162.5,0.40088703358947003
5163,5163.5,2.6689826947243036
5164,5164.5,8.600794264319937
5165,5165.5,11.425049974856538
5166,5166.5,19.60958549005993
5167,5167.5,37.0089464056204
5168,5168.5,19.09031148829608
5169,5169.5,8.344559112552055
5170,5170.5,11.793691241062263
5171,5171.5,4.579052088987077
5172,5172.5,2.3764758457281405
5173,5173.5,7.012393218797974
5174,5174.5,9.245617615167589
5175,5175.5,13.774682642341292
5176,5176.5,17.10077150853647
5177,5177.5,21.698345772156397
5178,5178.5,27.848860913574505
5179,5179.5,33.043658582672535
5180,5180.5,52.54436866520059
5181,5181.5,72.77223572532566
5182,5182.5,72.80081064957517
5183,5183.5,74.21856064707673
5184,5184.5,70.26400121157683
5185,5185.5,74.72097318373524
5186,5186.5,78.77884431182615
5187,5187.5,78.5755259616862
5188,5188.5,82.20214291144384
5189,5189.5,82.42631919141438
5190,5190.5,83.39949764293821
5191,5191.5,77.99298379839618
5192,5192.5,38.00652168526792
5193,5193.5,35.03385186930208
5194,5194.5,31.161091926763046
5195,5195.5,25.511306768251252
5196,5196.5,18.75973898302005
5197,5197.5,15.143511673108023
5198,5198.5,15.705005273406117
5199,5199.5,16.649836996864295
5200,5200.5,16.569497309128366
5201,5201.5,21.519154098288848
5202,5202.5,28.69471968358792
5203,5203.5,38.626762460046976
5204,5204.5,56.838098194963266
5205,5205.5,77.52651254165943
5206,5206.5,82.2752726006198
5207,5207.5,82.40929932793159
5208,5208.5,82.06251940106901
5209,5209.5,82.91102655620026
5210,5210.5,82.44987234127734
5211,5211.5,35.045149545468945
5212,5212.5,57.31511978015007
5213,5213.5,64.31408628044055
5214,5214.5,70.93020295666327
5215,5215.5,45.40443005469454
5216,5216.5,12.737484556119906
5217,5217.5,2.018984429261845
5218,5218.5,0.3452168137089703
5219,5219.5,1.8303339954759426
5220,5220.5,2.5633422574181104
5221,5221.5,4.787379130360649
5222,5222.5,3.6509798299650305
5223,5223.5,7.5758763964989395
5224,5224.5,22.893667072761605
5225,5225.5,0.6858269316828121
5226,5226.5,3.1750612622847356
5227,5227.5,30.47918224280997
5228,5228.5,58.645619401421534
5229,5229.5,54.82823955425847
5230,5230.5,32.11455497014957
5231,5231.5,28.325048166596403
5232,5232.5,43.20585110406974
5233,5233.5,2.2604117225668405
5234,5234.5,0.0
5235,5235.5,0.0
5236,5236.5,3.347210667364658
5237,5237.5,7.025108711090486
5238,5238.5,5.485147525652841
5239,5239.5,0.4388719833198671
5240,5240.5,1.600572226896931
5241,5241.5,1.2255104365947664
5242,5242.5,0.3483704842847672
5243,5243.5,0.0
5244,5244.5,0.0
5245,5245.5,0.0
5246,5246.5,80.56251014960782
5247,5247.5,27.476259251769598
5248,5248.5,39.54089849921003
5249,5249.5,22.726348312741887
5250,5250.5,21.824503080779422
5251,5251.5,6.5180490994477855
5252,5252.5,22.981055043617168
5253,5253.5,68.29397180253926
5254,5254.5,7.758906505227148
5255,5255.5,11.836829369765116
5256,5256.5,76.14470325109689
5257,5257.5,50.94126307698533
5258,5258.5,30.509694455183073
5259,5259.5,0.6728342542648108
5260,5260.5,31.2639490496097
5261,5261.5,17.33135065578668
5262,5262.5,8.40063984979432
5263,5263.5,12.937895913092598
5264,5264.5,5.564868242158747
5265,5265.5,3.6785496629095067
5266,5266.5,4.591157477127208
5267,5267.5,3.6578456588673065
5268,5268.5,1.6572117999419544
5269,5269.5,0.8301839634311526
5270,5270.5,4.9993328549135505
5271,5271.5,1.0057271310090028
5272,5272.5,33.08772539528215
5273,5273.5,5.8539831503364175
5274,5274.5,72.40315813606533
5275,5275.5,45.0100932815907
5276,5276.5,59.95894746870202
5277,5277.5,40.9065934050742
5278,5278.5,31.868868758362872
5279,5279.5,44.97848223653997
5280,5280.5,28.978913030554818
5281,5281.5,28.563074680093916
5282,5282.5,19.58861266006613
5283,5283.5,17.157416165556146
5284,5284.5,23.089951772128735
5285,5285.5,17.34016679322939
5286,5286.5,7.130992388742288
5287,5287.5,6.996627120486307
5288,5288.5,4.326053999918019
5289,5289.5,2.386680459228573
5290,5290.5,3.2399528265893363
5291,5291.5,3.323459746217551
5292,5292.5,1.607493661290067
5293,5293.5,0.38840664842572054
5294,5294.5,0.33587215460437664
5295,5295.5,0.1781711589047787
5296,5296.5,0.19702722818786159
5297,5297.5,0.3643628420367455
5298,5298.5,0.3487431880072454
5299,5299.5,8.961617586191032
5300,5300.5,27.936654240645343
5301,5301.5,40.41238911272217
5302,5302.5,22.625112853491842
5303,5303.5,67.84162510400499
5304,5304.5,46.9464755348275
5305,5305.5,28.66356512570013
5306,5306.5,19.990587373336798
5307,5307.5,11.80195795100011
5308,5308.5,11.904328097906491
5309,5309.5,2.283754750879713
5310,5310.5,4.141042713835144
5311,5311.5,0.40569162269844605
5312,5312.5,0.0
5313,5313.5,0.11880438114167702
5314,5314.5,0.0
5315,5315.5,0.0
5316,5316.5,0.0
5317,5317.5,0.1706895263236252
5318,5318.5,1.3018209417081859
5319,5319.5,3.0588063397934335
5320,5320.5,1.2269955181210324
5321,5321.5,5.144968578309121
5322,5322.5,1.7412987106248055
5323,5323.5,21.046720098458476
5324,5324.5,57.23770711774116
5325,5325.5,72.31925095070294
5326,5326.5,55.64839502523049
5327,5327.5,32.45676956866447
5328,5328.5,41.02929894590032
5329,5329.5,67.937554386893
5330,5330.5,0.8333054999054156
5331,5331.5,0.0
5332,5332.5,14.043288910705092
5333,5333.5,25.14337175205349
5334,5334.5,47.285262074256224
5335,5335.5,61.04592168802837
5336,5336.5,52.66912633484359
5337,5337.5,31.994430453632425
5338,5338.5,47.79816199181877
5339,5339.5,39.588114883049556
5340,5340.5,41.13492385520287
5341,5341.5,31.194209126764267
5342,5342.5,30.322123843241574
5343,5343.5,32.36080849460242
5344,5344.5,32.30221851295078
5345,5345.5,46.26386379250755
5346,5346.5,58.05655051294471
5347,5347.5,47.799785567821935
5348,5348.5,59.45835326056407
5349,5349.5,72.2320887959494
5350,5350.5,65.76242796722758
5351,5351.5,66.37441740013769
5352,5352.5,71.38660960684162
5353,5353.5,75.1417983027449
5354,5354.5,82.04797120896744
5355,5355.5,76.81218335836044
5356,5356.5,77.8524960402745
5357,5357.5,77.93108141586178
5358,5358.5,77.66439078941723
5359,5359.5,58.39844790361969
5360,5360.5,38.21565852864922
5361,5361.5,24.05809598715249
5362,5362.5,25.953015750834567
5363,5363.5,23.99154566230224
5364,5364.5,17.35960418618809
5365,5365.5,17.31216945082005
5366,5366.5,14.49897217444805
5367,5367.5,19.997164436101144
5368,5368.5,25.067050971209245
5369,5369.5,25.006964945114817
5370,5370.5,47.68617377965445
5371,5371.5,23.966956759408614
5372,5372.5,50.46303020777328
5373,5373.5,3.3396158866406145
5374,5374.5,5.588241715787088
5375,5375.5,27.942927041206794
5376,5376.5,52.38115778445085
5377,5377.5,38.34999485963737
5378,5378.5,36.84043649027662
5379,5379.5,26.396729564392878
5380,5380.5,0.0
5381,5381.5,0.0
5382,5382.5,0.0
5383,5383.5,0.0
5384,5384.5,0.0
5385,5385.5,0.0
5386,5386.5,0.0
5387,5387.5,0.0
5388,5388.5,0.0
5389,5389.5,0.0
5390,5390.5,0.0
5391,5391.5,6.754197794171567
5392,5392.5,17.076792958662022
5393,5393.5,12.90221272176562
5394,5394.5,4.524180650299932
5395,5395.5,25.416844512395166
5396,5396.5,28.550272675090692
5397,5397.5,33.42598869043249
5398,5398.5,26.582213365921046
5399,5399.5,28.06850040691489
5400,5400.5,21.490777449166252
5401,5401.5,26.94258987234819
5402,5402.5,27.800877241508427
5403,5403.5,29.386014664526968
5404,5404.5,33.896653414115505
5405,5405.5,29.036910869054505
5406,5406.5,23.917255516740454
5407,5407.5,12.270809020096005
5408,5408.5,0.14333537025684037
5409,5409.5,1.6447605312046756
5410,5410.5,4.616548370940021
5411,5411.5,0.4205234875228833
5412,5412.5,0.23910618166071268
5413,5413.5,5.158371934039429
5414,5414.5,8.739928554190332
5415,5415.5,12.618741092478892
5416,5416.5,23.468833129235264
5417,5417.5,19.491068268869977
5418,5418.5,75.22722060924899
5419,5419.5,58.4828374359799
5420,5420.5,59.716626923921176
5421,5421.5,18.112366505572126
5422,5422.5,15.116741389412951
5423,5423.5,17.131671459934957
5424,5424.5,38.75307215722264
5425,5425.5,25.359491671566225
5426,5426.5,30.18388861705782
5427,5427.5,63.05697646095813
5428,5428.5,21.108273638812975
5429,5429.5,22.467610014476733
5430,5430.5,14.131669339353111
5431,5431.5,1.0491079043660627
5432,5432.5,9.931162880282768
5433,5433.5,5.210199969085782
5434,5434.5,0.0
5435,5435.5,1.5201172604456772
5436,5436.5,4.324183500862312
5437,5437.5,0.08300410603703486
5438,5438.5,0.2880443802743527
5439,5439.5,1.2463309251157233
5440,5440.5,0.005932474814573338
5441,5441.5,0.40973618312142557
5442,5442.5,2.742815851400064
5443,5443.5,9.20962417017877
5444,5444.5,5.344411779286596
5445,5445.5,35.38933295227878
5446,5446.5,70.8996436507191
5447,5447.5,76.0737768337766
5448,5448.5,23.949440886600005
5449,5449.5,13.978653595060507
5450,5450.5,21.966588778951692
5451,5451.5,48.21199900343037
5452,5452.5,42.08843834057655
5453,5453.5,44.972625757224804
5454,5454.5,44.366213735187394
5455,5455.5,32.97510622012468
5456,5456.5,18.161228086542188
5457,5457.5,0.026851089277183503
5458,5458.5,0.0
5459,5459.5,0.07068684100568372
5460,5460.5,0.3771502332266343
5461,5461.5,0.0
5462,5462.5,0.0
5463,5463.5,0.0
5464,5464.5,69.72122340445698
5465,5465.5,19.666223309578797
5466,5466.5,15.456608421362082
5467,5467.5,11.401885722684293
5468,5468.5,49.73169205272695
5469,5469.5,70.12141835966581
5470,5470.5,58.91326314816806
5471,5471.5,36.76864721285849
5472,5472.5,53.50709124902496
5473,5473.5,45.45843916543143
5474,5474.5,63.28702999633542
5475,5475.5,58.108293339552546
5476,5476.5,72.9188132210547
5477,5477.5,66.46741646694014
5478,5478.5,36.427908521779116
5479,5479.5,49.855224372080414
5480,5480.5,45.237810746037134
5481,5481.5,33.004769417203754
5482,5482.5,29.238793553423754
5483,5483.5,26.362401269504137
5484,5484.5,20.62792544828106
5485,5485.5,18.524676573238967
5486,5486.5,17.00591431858793
5487,5487.5,22.556319057093173
5488,5488.5,16.64680752481237
5489,5489.5,18.184896130383493
5490,5490.5,40.87762737964856
5491,5491.5,48.88468583808895
5492,5492.5,61.13770236489572
5493,5493.5,33.15193662980472
5494,5494.5,65.59938743933989
5495,5495.5,58.77429741433821
5496,5496.5,13.916560858392153
5497,5497.5,38.54049608365581
5498,5498.5,56.996064416694054
5499,5499.5,65.27552880805099
5500,5500.5,74.37798796840559
5501,5501.5,72.48912790781807
5502,5502.5,73.6980974751623
5503,5503.5,59.07311706589506
5504,5504.5,20.94106324302846
5505,5505.5,19.51010768950224
5506,5506.5,20.010907363404087
5507,5507.5,15.541250881753845
5508,5508.5,10.609326472977138
5509,5509.5,7.51856556078317
5510,5510.5,14.084180241388223
5511,5511.5,23.52960222221248
5512,5512.5,33.87398226261659
5513,5513.5,33.15259515419886
5514,5514.5,41.06159564686166
5515,5515.5,58.72009813676427
5516,5516.5,71.35113017014109
5517,5517.5,65.8802197867785
5518,5518.5,0.034607940788124715
5519,5519.5,73.88085697763991
5520,5520.5,59.15867391631682
5521,5521.5,33.21341407621297
5522,5522.5,45.910421561789356
5523,5523.5,22.706610705345454
5524,5524.5,33.23544975725995
5525,5525.5,42.46266361450203
5526,5526.5,36.372908296048514
5527,5527.5,35.23518191216818
5528,5528.5,2.4818092230183666
5529,5529.5,2.875349956916982
5530,5530.5,11.221168131527193
5531,5531.5,26.126590237076062
5532,5532.5,38.10116275091804
5533,5533.5,9.189725058572394
5534,5534.5,80.96725871827758
5535,5535.5,68.52724356843416
5536,5536.5,78.96933848368087
5537,5537.5,82.11655104677853
5538,5538.5,83.15314843142342
5539,5539.5,75.83716271575648
5540,5540.5,10.494646270080139
5541,5541.5,82.73753720754527
5542,5542.5,82.46129956206599
5543,5543.5,65.84578158950703
5544,5544.5,45.71598180881614
5545,5545.5,5.760264578220722
5546,5546.5,24.17353706442734
5547,5547.5,58.70880298520052
5548,5548.5,48.15735679319736
5549,5549.5,29.949654084108516
5550,5550.5,17.32787683601377
5551,5551.5,21.86547895021587
5552,5552.5,33.00588258881845
5553,5553.5,13.661726321132821
5554,5554.5,20.492005003435835
5555,5555.5,15.59349337092894
5556,5556.5,14.153561402650764
5557,5557.5,17.053124723078042
5558,5558.5,21.29286214021126
5559,5559.5,29.732282195280764
5560,5560.5,37.938049020623524
5561,5561.5,36.17890287309451
5562,5562.5,45.181637260473195
5563,5563.5,64.64790954203045
5564,5564.5,75.20822666738002
5565,5565.5,79.11935836651955
5566,5566.5,81.96375336224558
5567,5567.5,81.8865635299143
5568,5568.5,82.56029854426788
5569,5569.5,83.39333111465177
5570,5570.5,83.37005479543811
5571,5571.5,83.41115350037761
5572,5572.5,82.0603060337782
5573,5573.5,81.12637896688766
5574,5574.5,78.0486230395929
5575,5575.5,73.79809116841656
5576,5576.5,44.01205292846175
5577,5577.5,29.412441738445057
5578,5578.5,27.518063536114944
5579,5579.5,36.20013277822845
5580,5580.5,28.709772263769054
5581,5581.5,20.514296061170384
5582,5582.5,19.90970344808865
5583,5583.5,12.267631192508386
5584,5584.5,14.252518388814932
5585,5585.5,18.265850193888394
5586,5586.5,25.669105651869504
5587,5587.5,45.90859813383095
5588,5588.5,57.059787398433016
5589,5589.5,72.37413270571133
5590,5590.5,77.91161564941397
5591,5591.5,80.54681442522806
5592,5592.5,83.17240190613371
5593,5593.5,82.34680074978702
5594,5594.5,79.48884623805678
5595,5595.5,77.49242491584485
5596,5596.5,75.17570212176345
5597,5597.5,74.4739811384662
5598,5598.5,59.88405616842112
5599,5599.5,53.63942385811356
5600,5600.5,45.80768978048984
5601,5601.5,10.70993350419836
5602,5602.5,16.325045363832423
5603,5603.5,16.736030211639992
5604,5604.5,8.215481306774405
5605,5605.5,6.546496556922272
5606,5606.5,1.5816543311678202
5607,5607.5,2.731060694297181
5608,5608.5,8.56190468369622
5609,5609.5,8.11355321838218
5610,5610.5,12.92925920631349
5611,5611.5,22.608349309187375
5612,5612.5,32.86954683507319
5613,5613.5,37.075462790147796
5614,5614.5,28.701777485721173
5615,5615.5,42.148508077191984
5616,5616.5,65.79429195704701
5617,5617.5,72.63193822670834
5618,5618.5,70.1620074150678
5619,5619.5,73.27594459327683
5620,5620.5,62.420664683027994
5621,5621.5,66.98821239559045
5622,5622.5,53.01132713989436
5623,5623.5,54.140467064702655
5624,5624.5,39.040053269097776
5625,5625.5,18.68856428222122
5626,5626.5,6.025314208598639
5627,5627.5,7.847714997858645
5628,5628.5,9.510851586263804
5629,5629.5,14.263429908665534
5630,5630.5,2.7398438496317725
5631,5631.5,19.466923449915797
5632,5632.5,44.24607846281037
5633,5633.5,18.10110578699434
5634,5634.5,25.444748769642477
5635,5635.5,45.31372362340048
5636,5636.5,48.287657114270786
5637,5637.5,63.33351929767589
5638,5638.5,55.35481863678546
5639,5639.5,53.78917615290357
5640,5640.5,71.57157821014133
5641,5641.5,76.37856303598583
5642,5642.5,69.72920665642047
5643,5643.5,67.5672433731732
5644,5644.5,71.04532224389968
5645,5645.5,70.55771156853359
5646,5646.5,71.06460786876747
5647,5647.5,62.31540132700889
5648,5648.5,33.41252808784482
5649,5649.5,14.684172452210394
5650,5650.5,18.25063540570064
5651,5651.5,18.583909568474844
5652,5652.5,18.285161393062815
5653,5653.5,22.46292620508326
5654,5654.5,18.28744096929771
5655,5655.5,32.270402186660014
5656,5656.5,38.10192140168125
5657,5657.5,29.148235424704808
5658,5658.5,32.312313449628924
5659,5659.5,32.76462181847361
5660,5660.5,18.453706213749676
5661,5661.5,51.37040161472158
5662,5662.5,50.58889537818268
5663,5663.5,79.66032214549405
5664,5664.5,82.28031405663955
5665,5665.5,79.54066174773645
5666,5666.5,81.93927636129527
5667,5667.5,81.62917540142142
5668,5668.5,80.32374705421077
5669,5669.5,77.87548227281988
5670,5670.5,68.73814173479113
5671,5671.5,44.020088983322324
5672,5672.5,29.92476809127303
5673,5673.5,14.437842099442824
5674,5674.5,18.69595892995071
5675,5675.5,14.87239881766863
5676,5676.5,12.375851482206293
5677,5677.5,13.070254556807244
5678,5678.5,11.97531033498199
5679,5679.5,21.39937236886746
5680,5680.5,17.88500313891695
5681,5681.5,21.52946601251163
5682,5682.5,23.878118062206063
5683,5683.5,26.724194586334225
5684,5684.5,40.236803440058054
5685,5685.5,64.57004841855402
5686,5686.5,69.97200611830783
5687,5687.5,77.84328946361954
5688,5688.5,78.90326405755762
5689,5689.5,83.35684715302361
5690,5690.5,83.44141477714346
5691,5691.5,83.43913987682862
5692,5692.5,82.27373489092616
5693,5693.5,81.00222968043573
5694,5694.5,81.11996639224499
5695,5695.5,75.9032159057139
5696,5696.5,36.83727913545021
5697,5697.5,28.2041926591942
5698,5698.5,20.223588902312365
5699,5699.5,17.225678408016343
5700,5700.5,11.481056202443527
5701,5701.5,10.982572626622247
5702,5702.5,9.772090747688583
5703,5703.5,9.49072534039412
5704,5704.5,20.882796190260844
5705,5705.5,15.324033382266716
5706,5706.5,24.126989249620134
5707,5707.5,38.67197505155677
5708,5708.5,69.54388331832601
5709,5709.5,68.4543762313546
5710,5710.5,74.8148868535183
5711,5711.5,79.38404468644158
5712,5712.5,81.19168566020164
5713,5713.5,80.0154053421901
5714,5714.5,78.79205310470817
5715,5715.5,76.88486295602631
5716,5716.5,78.26147771531909
5717,5717.5,78.23290676434243
5718,5718.5,76.16611546865013
5719,5719.5,68.99284440117991
5720,5720.5,34.32659002170363
5721,5721.5,25.984211126410884
5722,5722.5,19.12078683044718
5723,5723.5,10.214893003904603
5724,5724.5,7.879433217628766
5725,5725.5,2.6257494703407724
5726,5726.5,7.430928410597908
5727,5727.5,4.823710833603592
5728,5728.5,8.259576684315126
5729,5729.5,10.878590320998166
5730,5730.5,17.146047372027336
5731,5731.5,14.01638203384425
5732,5732.5,41.962445895675884
5733,5733.5,45.22475310456436
5734,5734.5,49.09083071777334
5735,5735.5,66.6515490584116
5736,5736.5,72.88368526255168
5737,5737.5,75.79244084864179
5738,5738.5,77.47891239196923
5739,5739.5,78.85018837047461
5740,5740.5,74.72469403266545
5741,5741.5,74.00106489751118
5742,5742.5,79.54204414383155
5743,5743.5,77.65603634846326
5744,5744.5,48.83599381155949
5745,5745.5,26.970009645629005
5746,5746.5,26.645790148348016
5747,5747.5,22.424894371434323
5748,5748.5,16.34755679848215
5749,5749.5,20.752247513773128
5750,5750.5,20.62685727520016
5751,5751.5,20.789030710129015
5752,5752.5,15.821290796169956
5753,5753.5,21.56784083049188
5754,5754.5,27.101271642095256
5755,5755.5,25.602756177825967
5756,5756.5,53.37845518818362
5757,5757.5,68.5929678186082
5758,5758.5,71.91143802334497
5759,5759.5,73.99713781001309
5760,5760.5,78.03259655305138
5761,5761.5,81.61751646909923
5762,5762.5,80.9307405214821
5763,5763.5,81.94806631478907
5764,5764.5,82.43430064747584
5765,5765.5,82.67362841110675
5766,5766.5,81.10685370492428
5767,5767.5,76.25884012233318
5768,5768.5,51.91948484021589
5769,5769.5,23.603067645577887
5770,5770.5,24.112584368617892
5771,5771.5,23.85600533793574
5772,5772.5,21.269169888503864
5773,5773.5,21.04353840172755
5774,5774.5,17.600404648724368
5775,5775.5,15.330906088776405
5776,5776.5,13.722503963155486
5777,5777.5,17.448505545743775
5778,5778.5,25.194751441454166
5779,5779.5,38.29053972603784
5780,5780.5,62.32480030334015
5781,5781.5,66.27946372732829
5782,5782.5,74.78176173561133
5783,5783.5,76.61497628316776
5784,5784.5,79.00857116765192
5785,5785.5,81.99204171398442
5786,5786.5,82.03508004647522
5787,5787.5,76.77587437686846
5788,5788.5,73.53101218240171
5789,5789.5,79.83788423162684
5790,5790.5,81.35472503624186
5791,5791.5,80.84628989734587
5792,5792.5,43.37769539709787
5793,5793.5,5.609246139082903
5794,5794.5,3.270278596059709
5795,5795.5,1.3183918873508476
5796,5796.5,0.5262600860500474
5797,5797.5,0.4633360479331758
5798,5798.5,0.9044032731484387
5799,5799.5,1.765971516038962
5800,5800.5,0.4144933879303153
5801,5801.5,12.596652605266591
5802,5802.5,7.573756454263513
5803,5803.5,40.02467193433375
5804,5804.5,50.91981396764382
5805,5805.5,75.07337644972847
5806,5806.5,77.15891301189362
5807,5807.5,78.59848719586748
5808,5808.5,79.56707055046813
5809,5809.5,78.12002937556312
5810,5810.5,79.09452209932178
5811,5811.5,78.74173446221434
5812,5812.5,81.87204030234317
5813,5813.5,80.86728785261226
5814,5814.5,82.01528056911408
5815,5815.5,79.51280979391701
5816,5816.5,55.858502885338595
5817,5817.5,15.906464010609415
5818,5818.5,14.80935300788079
5819,5819.5,9.977621522028448
5820,5820.5,7.561971673957006
5821,5821.5,11.354550767954755
5822,5822.5,12.323379478983984
5823,5823.5,10.003810881851678
5824,5824.5,11.120097223059744
5825,5825.5,16.569497309128366
5826,5826.5,14.731608356918102
5827,5827.5,55.975140295435274
5828,5828.5,61.25324831851722
5829,5829.5,65.65521690697429
5830,5830.5,72.70846445859699
5831,5831.5,73.99153081552603
5832,5832.5,74.72290629724145
5833,5833.5,72.01352022960855
5834,5834.5,65.73413804625885
5835,5835.5,52.67463281993245
5836,5836.5,45.89500213233107
5837,5837.5,38.04965716676192
5838,5838.5,45.958048946714115
5839,5839.5,43.92967918622417
5840,5840.5,33.41326024322516
5841,5841.5,3.248124137073773
5842,5842.5,8.632991487687915
5843,5843.5,5.14378905698128
5844,5844.5,8.605965461693726
5845,5845.5,7.640844649502575
5846,5846.5,8.838944689044402
5847,5847.5,9.344522842505167
5848,5848.5,8.239888351407743
5849,5849.5,43.50912124371462
5850,5850.5,33.26801953761577
5851,5851.5,41.31291780587636
5852,5852.5,59.59826137697962
5853,5853.5,22.761313407614807
5854,5854.5,25.762194950163178
5855,5855.5,41.87311779290808
5856,5856.5,32.71321030063893
5857,5857.5,32.582768573581255
5858,5858.5,9.98179604053922
5859,5859.5,13.737452983225985
5860,5860.5,0.18494289882315548
5861,5861.5,0.0
5862,5862.5,14.03403018155206
5863,5863.5,23.799872441283405
5864,5864.5,10.800148232930779
5865,5865.5,0.17455001581773777
5866,5866.5,2.135951334596285
5867,5867.5,2.5344270365556687
5868,5868.5,1.0260374402700536
5869,5869.5,2.6144970349395478
5870,5870.5,9.619265755802397
5871,5871.5,0.1318213061495133
5872,5872.5,18.600937856098273
5873,5873.5,3.283166467311679
5874,5874.5,21.14141066346167
5875,5875.5,11.10935194215717
5876,5876.5,0.6551665945634102
5877,5877.5,5.351445017578422
5878,5878.5,19.584716608317223
5879,5879.5,43.07093639589513
5880,5880.5,51.918688347876525
5881,5881.5,59.17952948478214
5882,5882.5,62.65167461576982
5883,5883.5,67.25411703103615
5884,5884.5,64.58201607028195
5885,5885.5,69.14206520706357
5886,5886.5,58.665433031043314
5887,5887.5,56.010090371564154
5888,5888.5,36.7320985630439
5889,5889.5,11.332576057960845
5890,5890.5,13.510390904809991
5891,5891.5,15.488979771089918
5892,5892.5,10.12417178698285
5893,5893.5,11.272054452253716
5894,5894.5,10.580375519230111
5895,5895.5,10.022153238693843
5896,5896.5,12.205768506088187
5897,5897.5,12.65157047607445
5898,5898.5,12.71771294259211
5899,5899.5,13.732151307742507
5900,5900.5,24.22213199514053
5901,5901.5,29.730745450290648
5902,5902.5,66.87263855809341
5903,5903.5,70.06679462849395
5904,5904.5,75.1703239946751
5905,5905.5,71.29897178709517
5906,5906.5,71.82424754675506
5907,5907.5,71.81473572796511
5908,5908.5,77.33551958962556
5909,5909.5,75.62998748697002
5910,5910.5,70.21733626814614
5911,5911.5,69.60362611135761
5912,5912.5,47.27613758600342
5913,5913.5,15.436389781487637
5914,5914.5,15.712087978662966
5915,5915.5,8.406367387935132
5916,5916.5,3.8461725409362373
5917,5917.5,2.0266794401914536
5918,5918.5,4.068676287837323
5919,5919.5,2.3521037585618507
5920,5920.5,6.398293022661792
5921,5921.5,11.902732334568123
5922,5922.5,11.373896860443011
5923,5923.5,21.080195498917632
5924,5924.5,45.55388815722725
5925,5925.5,74.92814920422113
5926,5926.5,74.79534783104232
5927,5927.5,77.29477376729619
5928,5928.5,72.367467953746
5929,5929.5,77.50365430837665
5930,5930.5,71.75602343673717
5931,5931.5,60.45945521221509
5932,5932.5,55.970818044792914
5933,5933.5,43.67893713032176
5934,5934.5,36.756858079861686
5935,5935.5,26.16807274232785
5936,5936.5,25.71625391417842
5937,5937.5,1.7112044315569779
5938,5938.5,3.485616627929199
5939,5939.5,2.986161193619676
5940,5940.5,1.006760378233166
5941,5941.5,1.870106384007336
5942,5942.5,2.8725013708120763
5943,5943.5,2.810120307899596
5944,5944.5,7.216852663201612
5945,5945.5,8.362637893656093
5946,5946.5,7.764835148088203
5947,5947.5,16.48490325790477
5948,5948.5,48.494676441590926
5949,5949.5,62.6804493675685
5950,5950.5,76.97562780600637
5951,5951.5,75.28022185995385
5952,5952.5,75.46025911420723
5953,5953.5,61.18260866632555
5954,5954.5,69.57811644566753
5955,5955.5,69.919847589908
5956,5956.5,61.15130333495047
5957,5957.5,70.07243725379571
5958,5958.5,65.91660190802686
5959,5959.5,64.88050672423678
5960,5960.5,49.999219239420796
5961,5961.5,12.46721134740627
5962,5962.5,12.171181506977321
5963,5963.5,12.25183854522464
5964,5964.5,8.462129430079822
5965,5965.5,7.244704838898867
5966,5966.5,12.946786552919976
5967,5967.5,16.26524443630333
5968,5968.5,15.594472203863353
5969,5969.5,11.159599290883335
5970,5970.5,10.232910417753429
5971,5971.5,21.610452016737625
5972,5972.5,32.54163835537192
5973,5973.5,47.109152013481115
5974,5974.5,65.22004959692713
5975,5975.5,67.28408649761317
5976,5976.5,73.03849534554028
5977,5977.5,75.56780682649165
5978,5978.5,77.57834818493318
5979,5979.5,79.02381251776075
5980,5980.5,78.25266602464806
5981,5981.5,75.00768187599412
5982,5982.5,76.6215540720193
5983,5983.5,74.96767670985108
5984,5984.5,40.78184881126384
5985,5985.5,7.368737676470706
5986,5986.5,5.309248330025261
5987,5987.5,3.203146388164698
5988,5988.5,5.958634439742468
5989,5989.5,4.845803776842912
5990,5990.5,7.075694569207855
5991,5991.5,8.172025360493125
5992,5992.5,15.391242073678912
5993,5993.5,15.126503104192414
5994,5994.5,15.192686268595311
5995,5995.5,8.838944689044402
5996,5996.5,30.979937649460496
5997,5997.5,59.18284235791299
5998,5998.5,67.95392461248821
5999,5999.5,68.70082375573757
6000,6000.5,63.27851109711035
6001,6001.5,60.789014404267995
6002,6002.5,77.87390157604071
6003,6003.5,80.12873445219249
6004,6004.5,79.8939653264595
6005,6005.5,76.06260973498988
6006,6006.5,72.45455364409985
6007,6007.5,58.78487513178446
6008,6008.5,39.287857449152554
6009,6009.5,10.048371684853267
6010,6010.5,14.231143168658537
6011,6011.5,10.468369400298968
6012,6012.5,7.478044339345937
6013,6013.5,9.291861201331937
6014,6014.5,8.55018415242077
6015,6015.5,23.452365150218796
6016,6016.5,31.432829053082866
6017,6017.5,26.659815790290555
6018,6018.5,41.041217911331415
6019,6019.5,45.42601653173582
6020,6020.5,61.54335204323299
6021,6021.5,79.36889065857574
6022,6022.5,82.70414373540792
6023,6023.5,80.98288972966677
6024,6024.5,79.76693084496286
6025,6025.5,77.79978438309415
6026,6026.5,80.9895589188946
6027,6027.5,78.95766032231369
6028,6028.5,79.46397205762186
6029,6029.5,78.2885687926641
6030,6030.5,73.89611894209504
6031,6031.5,69.47910569174913
6032,6032.5,50.99074864521306
6033,6033.5,25.614811563575675
6034,6034.5,25.838409085064235
6035,6035.5,27.653212642941355
6036,6036.5,26.127314306714585
6037,6037.5,25.794129918567407
6038,6038.5,22.465526337643087
6039,6039.5,35.58271251726654
6040,6040.5,35.335529367708695
6041,6041.5,32.84579470901022
6042,6042.5,49.062737380186135
6043,6043.5,61.07107618267058
6044,6044.5,71.39506662221748
6045,6045.5,72.60111759990632
6046,6046.5,75.39417852127667
6047,6047.5,74.75471044207517
6048,6048.5,79.21851189309297
6049,6049.5,80.12950549357898
6050,6050.5,79.42416982760757
6051,6051.5,76.39843101263031
6052,6052.5,79.65845609865406
6053,6053.5,76.12382180036086
6054,6054.5,69.00943656626201
6055,6055.5,70.84066156818213
6056,6056.5,28.92059132561559
6057,6057.5,19.68722675065894
6058,6058.5,19.09528231645131
6059,6059.5,18.198086987837932
6060,6060.5,21.063783982550987
6061,6061.5,25.31981064493029
6062,6062.5,34.67797413978734
6063,6063.5,41.812304936280846
6064,6064.5,49.92866631103527
6065,6065.5,76.52902935546359
6066,6066.5,55.21034150860097
6067,6067.5,36.69532548119973
6068,6068.5,52.05876622875781
6069,6069.5,50.78380767792709
6070,6070.5,57.50976297607034
6071,6071.5,55.48387188741919
6072,6072.5,57.090461012472154
6073,6073.5,50.15048181474802
6074,6074.5,47.362151543576275
6075,6075.5,57.82769248109476
6076,6076.5,39.87620685037226
6077,6077.5,32.84371693510916
6078,6078.5,22.885304825763345
6079,6079.5,28.937152478245604
6080,6080.5,26.742128141304594
6081,6081.5,21.383437500169112
6082,6082.5,27.800877241508427
6083,6083.5,26.593946270223203
6084,6084.5,38.645002755358725
6085,6085.5,42.51152219824732
6086,6086.5,43.80055631485645
6087,6087.5,62.35120642932029
6088,6088.5,65.99046314537055
6089,6089.5,83.37202498016943
6090,6090.5,53.40358361895365
6091,6091.5,43.55670669604371
6092,6092.5,41.19236364874949
6093,6093.5,39.400335982253075
6094,6094.5,27.419577143592303
6095,6095.5,10.035527123172605
6096,6096.5,14.061831740531863
6097,6097.5,8.194435726324675
6098,6098.5,10.566754048211074
6099,6099.5,9.830739639572357
6100,6100.5,21.072104128704257
6101,6101.5,9.366487709806941
6102,6102.5,11.454031646553837
6103,6103.5,26.113860261843673
6104,6104.5,24.78246479601365
6105,6105.5,7.847825252094965
6106,6106.5,10.90815204423202
6107,6107.5,13.992469471541119
6108,6108.5,12.61374346781728
6109,6109.5,23.738517992686827
6110,6110.5,35.63161558108739
6111,6111.5,31.360684820803158
6112,6112.5,30.910066841830847
6113,6113.5,2.6071537491105294
6114,6114.5,4.850052086556151
6115,6115.5,0.7699127465076088
6116,6116.5,0.0
6117,6117.5,5.511850928175446
6118,6118.5,18.342747238784302
6119,6119.5,69.99359626552801
6120,6120.5,72.35490399690016
6121,6121.5,75.76519911877025
6122,6122.5,69.55451617085211
6123,6123.5,49.01035386226505
6124,6124.5,54.52048520573862
6125,6125.5,63.89326966475974
6126,6126.5,46.9355767341236
6127,6127.5,58.78348919195111
6128,6128.5,49.002919233076504
6129,6129.5,15.858212736827582
6130,6130.5,19.566480290773754
6131,6131.5,20.21842436532188
6132,6132.5,21.226739076092066
6133,6133.5,24.51265076137194
6134,6134.5,27.565645490046446
6135,6135.5,31.590979504473193
6136,6136.5,19.645159561101792
6137,6137.5,23.53108295175365
6138,6138.5,28.072014381226015
6139,6139.5,49.1086097312545
6140,6140.5,52.20709521181721
6141,6141.5,66.78806846458386
6142,6142.5,65.88083671879502
6143,6143.5,56.235507438741536
6144,6144.5,57.95609202777409
6145,6145.5,63.604926880300084
6146,6146.5,65.54700440761187
6147,6147.5,49.71268662945345
6148,6148.5,34.86108342396307
6149,6149.5,25.5205155425502
6150,6150.5,33.92648110811159
6151,6151.5,25.313443604135607
6152,6152.5,33.424123070091625
6153,6153.5,20.54074223540119
6154,6154.5,17.338102550944956
6155,6155.5,8.970846890424665
6156,6156.5,25.427906476898745
6157,6157.5,40.153244300446694
6158,6158.5,23.638039689941007
6159,6159.5,18.67739375838578
6160,6160.5,17.991676275694353
6161,6161.5,14.07026185283848
6162,6162.5,31.51374998487461
6163,6163.5,59.693300201649755
6164,6164.5,66.27700704281301
6165,6165.5,83.40725904972722
6166,6166.5,21.961243020160243
6167,6167.5,78.27020486058854
6168,6168.5,73.17769350637745
6169,6169.5,68.00377400716827
6170,6170.5,64.77577518547209
6171,6171.5,78.762601029627
6172,6172.5,60.33424090866417
6173,6173.5,55.85949153277132
6174,6174.5,43.01201135908643
6175,6175.5,32.17960711283334
6176,6176.5,11.936586392715663
6177,6177.5,0.4002987242538208
6178,6178.5,3.457700942017964
6179,6179.5,9.856280984193404
6180,6180.5,12.298835829039888
6181,6181.5,13.850603031205365
6182,6182.5,14.150983007438866
6183,6183.5,23.259636027937525
6184,6184.5,23.097137214697966
6185,6185.5,27.915832234127002
6186,6186.5,46.78971672401652
6187,6187.5,30.504005020521713
6188,6188.5,12.805624525826076
6189,6189.5,12.181487434567599
6190,6190.5,7.847610101464014
6191,6191.5,8.68109923014601
6192,6192.5,0.061259934792425495
6193,6193.5,10.996300915765747
6194,6194.5,12.002491861141511
6195,6195.5,2.2294387837944134
6196,6196.5,0.28617303559797475
6197,6197.5,0.23438515440368188
6198,6198.5,0.35706110748082803
6199,6199.5,6.462613987225605
6200,6200.5,0.9893354704759866
6201,6201.5,0.30642792941768066
6202,6202.5,0.0
6203,6203.5,0.8135766869308733
6204,6204.5,1.5047598850955395
6205,6205.5,0.0
6206,6206.5,0.0027540065141498835
6207,6207.5,0.3154937410468293
6208,6208.5,0.15278815856469005
6209,6209.5,20.93452997795094
6210,6210.5,0.0
6211,6211.5,19.592639945218227
6212,6212.5,39.02448373032001
6213,6213.5,44.53661500743576
6214,6214.5,28.463401718987118
6215,6215.5,29.036910869054505
6216,6216.5,34.46606880346117
6217,6217.5,34.78070104641764
6218,6218.5,47.242077034377076
6219,6219.5,52.268973753052286
6220,6220.5,48.07502442046928
6221,6221.5,60.062956275335544
6222,6222.5,52.54746189119759
6223,6223.5,55.9669225300214
6224,6224.5,40.86830770931229
6225,6225.5,29.819035773010757
6226,6226.5,47.20909144642191
6227,6227.5,38.406943975409234
6228,6228.5,37.57930554702968
6229,6229.5,47.481910004763414
6230,6230.5,50.49808225759914
6231,6231.5,49.15816823371181
6232,6232.5,52.51708930175822
6233,6233.5,60.57194872705621
6234,6234.5,41.140472251841594
6235,6235.5,67.50731801226438
6236,6236.5,55.159832015042646
6237,6237.5,81.69743715168595
6238,6238.5,82.23555260091896
6239,6239.5,80.69456486141131
6240,6240.5,78.25898761950994
6241,6241.5,81.92004035937634
6242,6242.5,83.26383721043781
6243,6243.5,80.07075605192622
6244,6244.5,78.4133092540963
6245,6245.5,78.80602172059527
6246,6246.5,78.72010867229011
6247,6247.5,80.66535659244667
6248,6248.5,65.38501266734761
6249,6249.5,54.89502765640687
6250,6250.5,61.133254865588206
6251,6251.5,53.81172323484314
6252,6252.5,55.124772229500564
6253,6253.5,48.00379020873608
6254,6254.5,51.13001675314887
6255,6255.5,54.17649745474354
6256,6256.5,49.21455780172805
6257,6257.5,51.54958495188601
6258,6258.5,50.57665233336697
6259,6259.5,67.97562010258018
6260,6260.5,75.31824912011344
6261,6261.5,79.54463905056778
6262,6262.5,81.75743914827532
6263,6263.5,80.95048301426259
6264,6264.5,79.32838868629469
6265,6265.5,79.75836216031583
6266,6266.5,77.79579100994535
6267,6267.5,79.24193631266904
6268,6268.5,75.33486743782682
6269,6269.5,75.88629233712656
6270,6270.5,72.23527188703756
6271,6271.5,76.57386004443833
6272,6272.5,24.332514135882587
6273,6273.5,29.679347685578254
6274,6274.5,14.414138804255895
6275,6275.5,0.452307014494244
6276,6276.5,47.08258270925024
6277,6277.5,0.09310236156283934
6278,6278.5,4.652458261161499
6279,6279.5,14.43496220038369
6280,6280.5,1.8968103032757764
6281,6281.5,4.890914541879916
6282,6282.5,6.953297024025726
6283,6283.5,36.73736514901522
6284,6284.5,43.60905297403649
6285,6285.5,2.4036532725462867
6286,6286.5,23.90989637644263
6287,6287.5,0.0
6288,6288.5,0.36925520332186756
6289,6289.5,4.178538033463515
6290,6290.5,5.555064132078437
6291,6291.5,4.817026979518484
6292,6292.5,27.754640726661645
6293,6293.5,39.159052592825866
6294,6294.5,26.520715876736148
6295,6295.5,29.270781212004977
6296,6296.5,30.598331679403167
6297,6297.5,29.95559539478777
6298,6298.5,32.52653615496665
6299,6299.5,24.986325724443148
6300,6300.5,18.698548303067366
6301,6301.5,19.455340864694673
6302,6302.5,15.98786151644738
6303,6303.5,10.847269993689755
6304,6304.5,11.022198288026006
6305,6305.5,7.785714600396339
6306,6306.5,11.477342688679224
6307,6307.5,9.960371791352188
6308,6308.5,22.33981212749892
6309,6309.5,28.646278433663472
6310,6310.5,39.72421636994679
6311,6311.5,30.561806711659436
6312,6312.5,22.377755079070035
6313,6313.5,9.453117032696527
6314,6314.5,8.067888401773768
6315,6315.5,9.343764184819415
6316,6316.5,6.668188957939829
6317,6317.5,6.296882510867239
6318,6318.5,8.523290812762907
6319,6319.5,16.573652870284945
6320,6320.5,21.424946583691785
6321,6321.5,6.145083315740662
6322,6322.5,8.26639626456072
6323,6323.5,10.190600646554733
6324,6324.5,8.932427893186865
6325,6325.5,10.891061255710902
6326,6326.5,13.649770604169692
6327,6327.5,14.786760806649745
6328,6328.5,19.97087181553396
6329,6329.5,22.406672625286827
6330,6330.5,22.406672625286827
6331,6331.5,31.72958657938481
6332,6332.5,57.433270950380304
6333,6333.5,76.62590048559099
6334,6334.5,77.713660045647
6335,6335.5,81.70182315286843
6336,6336.5,81.79444080331196
6337,6337.5,81.57419079970538
6338,6338.5,82.81202944359845
6339,6339.5,82.17352133997174
6340,6340.5,80.92115328461418
6341,6341.5,80.52793970550867
6342,6342.5,81.75611887659248
6343,6343.5,80.60658392131481
6344,6344.5,69.6042929829516
6345,6345.5,34.40627035714759
6346,6346.5,44.25077116208681
6347,6347.5,39.5699200645973
6348,6348.5,46.452016930105266
6349,6349.5,48.980915884007366
6350,6350.5,51.36558348179983
6351,6351.5,58.95683763556514
6352,6352.5,68.01978176212104
6353,6353.5,72.89352648769733
6354,6354.5,65.80646228922589
6355,6355.5,82.11006886668392
6356,6356.5,81.30960019779053
6357,6357.5,82.07219288817312
6358,6358.5,83.44395289295453
6359,6359.5,83.35329673382894
6360,6360.5,83.38636255560981
6361,6361.5,80.25251405365492
6362,6362.5,62.20947496559345
6363,6363.5,34.570827730029336
6364,6364.5,35.7230921130043
6365,6365.5,68.7335853230733
6366,6366.5,78.33231086995164
6367,6367.5,80.53455031837603
6368,6368.5,70.49435555634744
6369,6369.5,33.51375045576367
6370,6370.5,47.44292100339595
6371,6371.5,50.240702237681404
6372,6372.5,47.702228792670425
6373,6373.5,41.066769362785394
6374,6374.5,20.52209467802454
6375,6375.5,21.370651652750723
6376,6376.5,18.259666108827442
6377,6377.5,3.0355980593308223
6378,6378.5,2.473743538620303
6379,6379.5,1.8557028960553108
6380,6380.5,0.07538383902181589
6381,6381.5,0.09100323340919059
6382,6382.5,15.355841093189111
6383,6383.5,29.356401203533377
6384,6384.5,65.60473831320684
6385,6385.5,75.5159598894156
6386,6386.5,72.67719809041813
6387,6387.5,63.744191212637325
6388,6388.5,55.755404717906174
6389,6389.5,36.332947291371056
6390,6390.5,24.21068497664132
6391,6391.5,12.324416108617926
6392,6392.5,5.508058447473751
6393,6393.5,0.2354933267113668
6394,6394.5,0.0
6395,6395.5,0.0
6396,6396.5,0.0
6397,6397.5,0.0015192643455698939
6398,6398.5,0.2557623614807736
6399,6399.5,0.21975350663988186
6400,6400.5,1.0801897974424142
6401,6401.5,0.5160502550663326
6402,6402.5,2.8572285825445056
6403,6403.5,10.79338811010004
6404,6404.5,20.11779168495658
6405,6405.5,26.335052268537662
6406,6406.5,32.31281562887871
6407,6407.5,47.15815000606124
6408,6408.5,72.94027526318128
6409,6409.5,80.76174180532583
6410,6410.5,83.39781426156364
6411,6411.5,83.43733017226081
6412,6412.5,83.39972436983112
6413,6413.5,83.290685547254
6414,6414.5,83.16899086851583
6415,6415.5,83.38542739137326
6416,6416.5,77.7252145430016
6417,6417.5,47.83559025198966
6418,6418.5,44.69538271439007
6419,6419.5,59.05252337357529
6420,6420.5,57.58529352035371
6421,6421.5,49.129275713600265
6422,6422.5,54.68603899394894
6423,6423.5,57.55919339617951
6424,6424.5,61.120857335711406
6425,6425.5,58.43977941299477
6426,6426.5,54.364943850151306
6427,6427.5,71.98510841041028
6428,6428.5,83.3838064230671
6429,6429.5,83.44364165310397
6430,6430.5,83.37720883916266
6431,6431.5,83.43763094421435
6432,6432.5,83.3730327298426
6433,6433.5,82.78927804732506
6434,6434.5,81.78019518115096
6435,6435.5,82.25479040392025
6436,6436.5,82.51958508077378
6437,6437.5,83.36368536376185
6438,6438.5,82.86386216122665
6439,6439.5,77.61055101537761
6440,6440.5,62.01201716467136
6441,6441.5,22.124201497355614
6442,6442.5,24.52455511740798
6443,6443.5,32.32386823407546
6444,6444.5,35.25541949912541
6445,6445.5,59.87033294183922
6446,6446.5,64.72146934411278
6447,6447.5,72.75843785121285
6448,6448.5,73.99881617255998
6449,6449.5,72.40447719293535
6450,6450.5,66.83773550334459
6451,6451.5,30.912430715536484
6452,6452.5,30.747008311054735
6453,6453.5,56.08375028428416
6454,6454.5,78.58569881103097
6455,6455.5,82.9914575517228
6456,6456.5,83.05597466501563
6457,6457.5,83.42027024448807
6458,6458.5,82.13149855587511
6459,6459.5,74.6801975722948
6460,6460.5,75.45817931068335
6461,6461.5,83.05114513704976
6462,6462.5,83.43630666686649
6463,6463.5,82.97687406320561
6464,6464.5,78.06473652928776
6465,6465.5,56.476594570040675
6466,6466.5,45.95022598228885
6467,6467.5,45.19784891227333
6468,6468.5,52.15308612256424
6469,6469.5,63.583600911576625
6470,6470.5,67.38425652168692
6471,6471.5,82.43103089504845
6472,6472.5,79.17424914989928
6473,6473.5,66.85599785800899
6474,6474.5,71.33873180170652
6475,6475.5,78.74704621643087
6476,6476.5,83.43357081774705
6477,6477.5,34.15932810810142
6478,6478.5,33.795597943945644
6479,6479.5,32.65681607537758
6480,6480.5,64.47252393724216
6481,6481.5,60.24150555740901
6482,6482.5,54.62445707765125
6483,6483.5,83.42238678774355
6484,6484.5,78.92721553253043
6485,6485.5,71.22178748502765
6486,6486.5,78.82689303537458
6487,6487.5,65.48567920657361
6488,6488.5,53.63785837369698
6489,6489.5,36.03943995359108
6490,6490.5,30.4628989578316
6491,6491.5,28.519902134938395
6492,6492.5,21.340555672172727
6493,6493.5,12.55356284254323
6494,6494.5,5.673290913083266
6495,6495.5,1.6091178688095462
6496,6496.5,0.2346310169140348
6497,6497.5,0.19518159797948048
6498,6498.5,0.26224554432999597
6499,6499.5,0.03383901181552779
6500,6500.5,0.20354942789909322
6501,6501.5,2.638831325757681
6502,6502.5,4.709937693011588
6503,6503.5,5.266090071843981
6504,6504.5,11.06162524684359
6505,6505.5,13.480667354387817
6506,6506.5,14.08542868230772
6507,6507.5,18.559742552607016
6508,6508.5,16.503634011336153
6509,6509.5,19.914694669196216
6510,6510.5,23.865170907461696
6511,6511.5,33.42692797585137
6512,6512.5,47.35437572656857
6513,6513.5,33.9486711003486
6514,6514.5,7.162899338468282
6515,6515.5,17.75836604948308
6516,6516.5,21.576330919457952
6517,6517.5,20.182999304888455
6518,6518.5,23.05146712880046
6519,6519.5,26.44921657755493
6520,6520.5,23.354135167327698
6521,6521.5,23.759917052910968
6522,6522.5,31.54608423291086
6523,6523.5,49.20762234815223
6524,6524.5,67.59105964643015
6525,6525.5,82.60866593221965
6526,6526.5,82.05609581113767
6527,6527.5,76.85753245526476
6528,6528.5,73.19973293658533
6529,6529.5,53.927803069467025
6530,6530.5,38.454477189483335
6531,6531.5,19.909948419259436
6532,6532.5,9.541749494491516
6533,6533.5,13.26591112621473
6534,6534.5,12.281648083913653
6535,6535.5,13.359716487817828
6536,6536.5,14.443215641370909
6537,6537.5,3.2657390958805017
6538,6538.5,1.045605581145005
6539,6539.5,0.0
6540,6540.5,0.0
6541,6541.5,0.0
6542,6542.5,0.0
6543,6543.5,0.0
6544,6544.5,0.8655168916048253
6545,6545.5,1.2853530802946687
6546,6546.5,12.7021618031097
6547,6547.5,15.82854272128228
6548,6548.5,32.397293836167
6549,6549.5,34.14859378632611
6550,6550.5,25.109695762508142
6551,6551.5,35.90105121119556
6552,6552.5,32.225051890484785
6553,6553.5,29.120456393364076
6554,6554.5,20.7913023262431
6555,6555.5,13.024308456115131
6556,6556.5,3.472222181912558
6557,6557.5,0.04148308388682575
6558,6558.5,0.14578188629203886
6559,6559.5,0.02471781712262
6560,6560.5,0.5247457782518563
6561,6561.5,2.8661221129836076
6562,6562.5,0.1595224805230917
6563,6563.5,1.7456618300838205
6564,6564.5,3.0571332646895115
6565,6565.5,2.3709701805112884
6566,6566.5,0.376012097883956
6567,6567.5,1.1239183397428625
6568,6568.5,3.2712574281966083
6569,6569.5,5.741762357301155
6570,6570.5,5.1103854938107505
6571,6571.5,0.3479744280963415
6572,6572.5,0.0
6573,6573.5,0.0
6574,6574.5,7.912841025790184
6575,6575.5,32.93442234073519
6576,6576.5,63.75840504674137
6577,6577.5,59.76527715098559
6578,6578.5,72.24670205549147
6579,6579.5,61.65948762396836
6580,6580.5,33.619411119371414
6581,6581.5,24.628288870592034
6582,6582.5,27.166089506758276
6583,6583.5,14.056552536358092
6584,6584.5,5.201112844432051
6585,6585.5,2.4055958984654557
6586,6586.5,0.25928247795026227
6587,6587.5,0.0
6588,6588.5,2.0994200355275514
6589,6589.5,6.524194015004903
6590,6590.5,11.254570598567424
6591,6591.5,6.949605548308602
6592,6592.5,10.429478808699681
6593,6593.5,13.133567854527847
6594,6594.5,25.45101301178403
6595,6595.5,73.93897611090604
6596,6596.5,67.77486765426426
6597,6597.5,53.10805038052179
6598,6598.5,47.281522492510064
6599,6599.5,71.46286121309117
6600,6600.5,59.48834363299634
6601,6601.5,48.33966981383468
6602,6602.5,43.6627057448528
6603,6603.5,49.27058414112533
6604,6604.5,49.79095845125462
6605,6605.5,52.3528531012861
6606,6606.5,66.39577118953922
6607,6607.5,61.48058967061442
6608,6608.5,17.888709480600767
6609,6609.5,41.981470632572965
6610,6610.5,13.859830641054304
6611,6611.5,16.780431470224972
6612,6612.5,34.66743377419258
6613,6613.5,45.22011676827227
6614,6614.5,66.87040634056255
6615,6615.5,68.22396612001434
6616,6616.5,66.66736753293318
6617,6617.5,61.279695444541616
6618,6618.5,71.2694772373514
6619,6619.5,57.12488722636016
6620,6620.5,45.5621517436729
6621,6621.5,73.35332332534176
6622,6622.5,76.81915342761492
6623,6623.5,79.25085464559236
6624,6624.5,81.99331602520306
6625,6625.5,82.66439625405647
6626,6626.5,77.3799989762142
6627,6627.5,83.44203456772621
6628,6628.5,83.42817487333242
6629,6629.5,77.46843292161397
6630,6630.5,75.15059006524916
6631,6631.5,75.32371281687153
6632,6632.5,71.39855685602593
6633,6633.5,48.97757345950167
6634,6634.5,16.7224436194242
6635,6635.5,27.26970471524685
6636,6636.5,45.87767533815225
6637,6637.5,46.117179396998026
6638,6638.5,57.86143809165921
6639,6639.5,65.04127357312007
6640,6640.5,60.02059458300576
6641,6641.5,70.00725124294163
6642,6642.5,49.74223097296415
6643,6643.5,66.46613977453974
6644,6644.5,72.9935772928674
6645,6645.5,70.68745335538324
6646,6646.5,83.37901402605858
6647,6647.5,83.41573634818658
6648,6648.5,70.44795415683163
6649,6649.5,67.42793099547461
6650,6650.5,82.75411967167105
6651,6651.5,68.19168695641861
6652,6652.5,72.66690777685378
6653,6653.5,67.48510410985375
6654,6654.5,58.018983283572034
6655,6655.5,58.45587639480346
6656,6656.5,47.43107248427803
6657,6657.5,32.38728710282123
6658,6658.5,17.493460622291867
6659,6659.5,14.542910768232662
6660,6660.5,7.393811196211037
6661,6661.5,3.0300552706059958
6662,6662.5,3.2396230844855203
6663,6663.5,6.071365437193559
6664,6664.5,7.430169897456396
6665,6665.5,5.947516159682742
6666,6666.5,4.425978855515189
6667,6667.5,0.3344418890342423
6668,6668.5,0.5882641760542646
6669,6669.5,1.7575367144523093
6670,6670.5,4.316762255118923
6671,6671.5,6.141968463541691
6672,6672.5,11.275287844693759
6673,6673.5,7.561573829553113
6674,6674.5,6.821271892090866
6675,6675.5,4.342741113537624
6676,6676.5,18.645488296765084
6677,6677.5,24.94833244779356
6678,6678.5,11.219570783133554
6679,6679.5,5.839797948519326
6680,6680.5,0.28794150608765795
6681,6681.5,0.0
6682,6682.5,0.0
6683,6683.5,0.18664656545720204
6684,6684.5,2.9827811637006936
6685,6685.5,8.171415341094912
6686,6686.5,7.693266968924136
6687,6687.5,6.260944343626995
6688,6688.5,9.926966832162712
6689,6689.5,5.756743505604375
6690,6690.5,5.8575831923673425
6691,6691.5,0.6509463345526839
6692,6692.5,0.23267041329771984
6693,6693.5,0.3114244630859337
6694,6694.5,0.1066639899658499
6695,6695.5,2.4698656599226254
6696,6696.5,1.5052532648135906
6697,6697.5,0.2373443584546989
6698,6698.5,0.1943537808804281
6699,6699.5,0.06468852549648804
6700,6700.5,0.018052013872485506
6701,6701.5,0.0
6702,6702.5,0.0
6703,6703.5,0.0
6704,6704.5,0.34658566417963893
6705,6705.5,2.5767942270226443
6706,6706.5,0.5532443537452723
6707,6707.5,6.1545867581868725
6708,6708.5,11.201243491509839
6709,6709.5,12.555935828475377
6710,6710.5,15.383907256615695
6711,6711.5,19.076709037022518
6712,6712.5,21.171125186422675
6713,6713.5,37.19325879613406
6714,6714.5,38.91453405578096
6715,6715.5,57.617818316917194
6716,6716.5,50.82880502861328
6717,6717.5,76.5451381451104
6718,6718.5,82.83513379615363
6719,6719.5,83.36471027132421
6720,6720.5,83.01229197408382
6721,6721.5,82.36071672023667
6722,6722.5,83.43642190874216
6723,6723.5,83.3836627373464
6724,6724.5,83.40280121219195
6725,6725.5,83.43267101638357
6726,6726.5,83.39944931639563
6727,6727.5,83.19842447201948
6728,6728.5,82.34841806220427
6729,6729.5,77.50474577689916
6730,6730.5,43.132939150539364
6731,6731.5,45.710175657279116
6732,6732.5,57.30476771034381
6733,6733.5,64.00270526521702
6734,6734.5,66.83452064600063
6735,6735.5,69.20401538156214
6736,6736.5,68.11813010079346
6737,6737.5,67.71091988431179
6738,6738.5,78.11410105457666
6739,6739.5,81.22401062020332
6740,6740.5,83.32878318102159
6741,6741.5,82.77528227348002
6742,6742.5,82.87948489050868
6743,6743.5,83.03510522113473
6744,6744.5,81.78070836122137
6745,6745.5,81.87632008271287
6746,6746.5,81.98548369231479
6747,6747.5,82.23977837412646
6748,6748.5,83.39960513094383
6749,6749.5,83.41928845212378
6750,6750.5,82.61245076936167
6751,6751.5,83.36747820267715
6752,6752.5,81.71431549099714
6753,6753.5,71.30736572518103
6754,6754.5,40.90556000871046
6755,6755.5,37.73742658317741
6756,6756.5,25.34891123885958
6757,6757.5,33.960536864742664
6758,6758.5,52.187095333167626
6759,6759.5,45.00677086250913
6760,6760.5,45.414994964327306
6761,6761.5,51.65431122707864
6762,6762.5,64.32735145837808
6763,6763.5,73.01680080318131
6764,6764.5,82.61773391308763
6765,6765.5,83.3931718731009
6766,6766.5,83.38435422349914
6767,6767.5,83.20414907084287
6768,6768.5,83.15036808389982
6769,6769.5,77.10468139367427
6770,6770.5,81.76689605508204
6771,6771.5,69.53623013038134
6772,6772.5,78.27393649071757
6773,6773.5,81.32198685468384
6774,6774.5,82.1998933680337
6775,6775.5,72.51127763249352
6776,6776.5,72.26464020363579
6777,6777.5,78.71916399155603
6778,6778.5,47.431009934742036
6779,6779.5,80.05701521854459
6780,6780.5,81.04881942780793
6781,6781.5,75.90546713705783
6782,6782.5,77.586073175526
6783,6783.5,79.14901884527364
6784,6784.5,79.54463905056778
6785,6785.5,81.35836643892272
6786,6786.5,75.03844180705335
6787,6787.5,81.32252174956568
6788,6788.5,73.94123812263985
6789,6789.5,74.39575862218132
6790,6790.5,67.09899652289239
6791,6791.5,76.53012776970384
6792,6792.5,37.79673479530446
6793,6793.5,64.30341270523171
6794,6794.5,74.20148755489292
6795,6795.5,35.902108636680126
6796,6796.5,58.39791003163944
6797,6797.5,78.04130408127924
6798,6798.5,81.40373654352045
6799,6799.5,77.66917005171547
6800,6800.5,80.20531026569687
6801,6801.5,67.16541809902449
6802,6802.5,40.19407048696047
6803,6803.5,33.76323455446964
6804,6804.5,31.758091187999373
6805,6805.5,38.106370334948245
6806,6806.5,40.05492787251932
6807,6807.5,48.541055009462625
6808,6808.5,49.47618122622733
6809,6809.5,53.58978945043841
6810,6810.5,47.16923255413973
6811,6811.5,77.66449790211031
6812,6812.5,78.64367087207958
6813,6813.5,78.14471747524354
6814,6814.5,83.39604618594717
6815,6815.5,83.40394931657838
6816,6816.5,74.56381312382435
6817,6817.5,50.6458285812894
6818,6818.5,39.75382542434042
6819,6819.5,36.60440847228536
6820,6820.5,15.61661876608318
6821,6821.5,81.99918125113112
6822,6822.5,81.91046172484012
6823,6823.5,78.36034822638584
6824,6824.5,69.53915050305208
6825,6825.5,23.571974137014493
6826,6826.5,24.059541929574504
6827,6827.5,16.940449553404537
6828,6828.5,13.702752297274417
6829,6829.5,8.998337418795442
6830,6830.5,4.546721154033308
6831,6831.5,3.2144455830287986
6832,6832.5,3.946494646558807
6833,6833.5,6.813432342197293
6834,6834.5,9.059235581576198
6835,6835.5,36.99469133341455
6836,6836.5,47.41988354394312
6837,6837.5,70.43079424200296
6838,6838.5,75.38334806667089
6839,6839.5,77.67822170621066
6840,6840.5,75.2474846134612
6841,6841.5,78.89977111400843
6842,6842.5,71.32035221483252
6843,6843.5,57.622011821646666
6844,6844.5,65.73940919263265
6845,6845.5,73.53916618782169
6846,6846.5,70.87742571233544
6847,6847.5,77.94691979227987
6848,6848.5,67.23554045676354
6849,6849.5,45.44121622185976
6850,6850.5,9.812945236135922
6851,6851.5,36.828643593771275
6852,6852.5,14.112914280973477
6853,6853.5,25.899496815658956
6854,6854.5,19.648340539565588
6855,6855.5,18.970965829547506
6856,6856.5,21.837766839945402
6857,6857.5,35.88065690252372
6858,6858.5,59.31315280841325
6859,6859.5,73.40126701692928
6860,6860.5,65.26656158965812
6861,6861.5,30.49794748267085
6862,6862.5,45.61814563851036
6863,6863.5,68.84709938061468
6864,6864.5,65.88627055860533
6865,6865.5,77.36506605229718
6866,6866.5,82.23911548804332
6867,6867.5,81.49967418542556
6868,6868.5,78.46838459286279
6869,6869.5,79.80685103378651
6870,6870.5,77.99598533505953
6871,6871.5,75.53235158405086
6872,6872.5,72.60977243969214
6873,6873.5,73.88181744416842
6874,6874.5,43.23424115521301
6875,6875.5,70.86387153930464
6876,6876.5,68.10389940994166
6877,6877.5,60.41962972285096
6878,6878.5,60.332616044490344
6879,6879.5,65.9123485281281
6880,6880.5,72.15384996637822
6881,6881.5,49.52688193450908
6882,6882.5,45.87491100990163
6883,6883.5,56.24609775468156
6884,6884.5,70.02470093798279
6885,6885.5,81.07602974902638
6886,6886.5,76.9036808788526
6887,6887.5,47.52019980102683
6888,6888.5,45.63121588364625
6889,6889.5,71.69837241607793
6890,6890.5,83.41184972838096
6891,6891.5,83.41689348327482
6892,6892.5,83.44314204533046
6893,6893.5,83.41369541848739
6894,6894.5,79.20391762269576
6895,6895.5,75.31962681089996
6896,6896.5,83.10385773000951
6897,6897.5,77.07645492425553
6898,6898.5,62.48526636076439
6899,6899.5,54.32401524561524
6900,6900.5,47.693145319098214
6901,6901.5,44.95604216274591
6902,6902.5,36.78146994853225
6903,6903.5,30.114326151374723
6904,6904.5,30.82616297135807
6905,6905.5,26.76860488862388
6906,6906.5,28.370017282173958
6907,6907.5,33.48053635679795
6908,6908.5,47.7636310029812
6909,6909.5,50.30991274354662
6910,6910.5,44.22578865700679
6911,6911.5,53.61732360245239
6912,6912.5,55.47358737100112
6913,6913.5,48.76019594483773
6914,6914.5,49.60562144980948
6915,6915.5,55.28515274466183
6916,6916.5,46.65781346241738
6917,6917.5,27.202445506239588
6918,6918.5,20.872879360234677
6919,6919.5,7.506518643151584
6920,6920.5,0.8754858537174598
6921,6921.5,0.3004157431286226
6922,6922.5,0.0
6923,6923.5,0.0
6924,6924.5,0.0
6925,6925.5,0.8425296488541555
6926,6926.5,7.081489619071311
6927,6927.5,6.8958280117767305
6928,6928.5,11.729000903346416
6929,6929.5,15.3479341968685
6930,6930.5,7.663949710148332
6931,6931.5,31.330921634808988
6932,6932.5,48.31836860333448
6933,6933.5,37.654415165742876
6934,6934.5,40.078668978447304
6935,6935.5,59.2693939243615
6936,6936.5,71.55265622403995
6937,6937.5,74.66822204584372
6938,6938.5,72.79763324938537
6939,6939.5,62.0997311317419
6940,6940.5,49.63578651921963
6941,6941.5,36.26275346046968
6942,6942.5,37.941687884797936
6943,6943.5,25.25249224262276
6944,6944.5,12.414176026763936
6945,6945.5,4.0900948501172465
6946,6946.5,0.03050261852463815
6947,6947.5,0.0
6948,6948.5,0.0
6949,6949.5,0.1393760435610444
6950,6950.5,1.5582202149995823
6951,6951.5,4.225561741048236
6952,6952.5,4.054105760124774
6953,6953.5,23.87849857332026
6954,6954.5,15.890046372956359
6955,6955.5,29.855474654207857
6956,6956.5,8.737979770701616
6957,6957.5,11.720901932107223
6958,6958.5,38.72848717923492
6959,6959.5,77.03119512028445
6960,6960.5,81.69759576641304
6961,6961.5,82.76317307916577
6962,6962.5,81.58887325717924
6963,6963.5,79.54380364632726
6964,6964.5,67.35383940128041
6965,6965.5,44.939328197229585
6966,6966.5,48.98001636118791
6967,6967.5,55.951967865646374
6968,6968.5,63.297613827335965
6969,6969.5,59.19933208587823
6970,6970.5,49.148735633440914
6971,6971.5,55.54891725784843
6972,6972.5,55.21250460594576
6973,6973.5,66.09025936000245
6974,6974.5,65.29034638856491
6975,6975.5,63.36499000946624
6976,6976.5,29.980607527890612
6977,6977.5,25.079616073009532
6978,6978.5,6.806182970560065
6979,6979.5,7.717930775129064
6980,6980.5,11.927876227371975
6981,6981.5,12.677316076882077
6982,6982.5,8.016433290367601
6983,6983.5,8.930120078061888
6984,6984.5,2.1971195256718223
6985,6985.5,0.0676111595911654
6986,6986.5,0.10770258275805014
6987,6987.5,1.8873020006006311
6988,6988.5,4.493084367253713
6989,6989.5,11.88769244135588
6990,6990.5,21.094874217575967
6991,6991.5,26.112555567644236
6992,6992.5,38.947197478986716
6993,6993.5,42.67522040076792
6994,6994.5,16.33579091594291
6995,6995.5,14.513486681701817
6996,6996.5,12.73459658929858
6997,6997.5,13.938445924623892
6998,6998.5,14.358079205955796
6999,6999.5,15.872274279354981
7000,7000.5,19.57512431145367
7001,7001.5,16.047217762698054
7002,7002.5,8.770022482627754
7003,7003.5,12.90902861871514
7004,7004.5,18.811123576956064
7005,7005.5,20.82815256211264
7006,7006.5,63.088849499760634
7007,7007.5,77.76187787758333
7008,7008.5,81.9828642156848
7009,7009.5,66.59224316334121
7010,7010.5,36.82647750272196
7011,7011.5,20.632515023141497
7012,7012.5,30.10405936442095
7013,7013.5,30.28738455920703
7014,7014.5,26.19753742413119
7015,7015.5,22.47400395026478
7016,7016.5,26.264815514247967
7017,7017.5,31.391810152493832
7018,7018.5,9.113421436316461
7019,7019.5,2.904500614267928
7020,7020.5,1.8002305407196617
7021,7021.5,1.1036815206678563
7022,7022.5,0.8970402154304425
7023,7023.5,0.24403450650891761
7024,7024.5,0.2871737145058072
7025,7025.5,5.1506585381331
7026,7026.5,15.714224518062746
7027,7027.5,79.67568837078971
7028,7028.5,83.11975568018724
7029,7029.5,83.31937964029184
7030,7030.5,83.42835304298497
7031,7031.5,83.41830127738707
7032,7032.5,82.29644064439027
7033,7033.5,82.73405090342371
7034,7034.5,83.02155086148917
7035,7035.5,83.33039607065356
7036,7036.5,83.19818170255023
7037,7037.5,81.81713852562028
7038,7038.5,79.18405446064543
7039,7039.5,73.2471496853224
7040,7040.5,65.51661628721685
7041,7041.5,40.27890754240628
7042,7042.5,29.21500466438901
7043,7043.5,18.02262132849676
7044,7044.5,13.434749746293203
7045,7045.5,6.851830696442539
7046,7046.5,2.846137727408223
7047,7047.5,0.8362243211480364
7048,7048.5,0.26440227662101595
7049,7049.5,0.06605408057037135
7050,7050.5,0.0
7051,7051.5,0.0
7052,7052.5,0.0
7053,7053.5,0.0
7054,7054.5,1.2946454553930793
7055,7055.5,6.500365289535503
7056,7056.5,14.005957006597306
7057,7057.5,24.675956635861315
7058,7058.5,40.4243173160971
7059,7059.5,50.450968595433515
7060,7060.5,57.36340365498811
7061,7061.5,62.64610360511027
7062,7062.5,67.2742285448333
7063,7063.5,59.91957225165625
7064,7064.5,66.02944571926464
7065,7065.5,57.233666073402084
7066,7066.5,28.637577913019737
7067,7067.5,27.56704956647771
7068,7068.5,22.59653095075979
7069,7069.5,12.16351464320298
7070,7070.5,4.925825853807453
7071,7071.5,2.1577849404170233
7072,7072.5,0.3156253814634282
7073,7073.5,0.15020402579580408
7074,7074.5,0.22109890592530204
7075,7075.5,0.020230157144735434
7076,7076.5,0.0
7077,7077.5,0.0
7078,7078.5,0.0
7079,7079.5,1.74408798652207
7080,7080.5,4.277276921003705
7081,7081.5,3.7723255625404124
7082,7082.5,14.982796709817851
7083,7083.5,17.74464114432554
7084,7084.5,33.14939983686836
7085,7085.5,45.37875629762888
7086,7086.5,57.256429550015156
7087,7087.5,63.34026032266515
7088,7088.5,69.09323238726576
7089,7089.5,53.085258001337465
7090,7090.5,25.388552641573824
7091,7091.5,18.45859443260517
7092,7092.5,24.237224238795335
7093,7093.5,28.946493638144492
7094,7094.5,27.894253617239166
7095,7095.5,22.771738895813787
7096,7096.5,17.869795491425414
7097,7097.5,14.029403927381265
7098,7098.5,14.964228929836565
7099,7099.5,18.391010296607988
7100,7100.5,20.372220807830132
7101,7101.5,10.925273954635736
7102,7102.5,0.2872850686462655
7103,7103.5,25.88311609219173
7104,7104.5,45.47742934598916
7105,7105.5,66.28053451009204
7106,7106.5,68.23705960915974
7107,7107.5,80.37449733736698
7108,7108.5,83.32315541699428
7109,7109.5,81.21045814325105
7110,7110.5,78.53452236262792
7111,7111.5,82.04128692722311
7112,7112.5,81.72865209738109
7113,7113.5,40.8863236119472
7114,7114.5,19.73099191768429
7115,7115.5,17.550769719933875
7116,7116.5,17.79267637437822
7117,7117.5,21.82656917835852
7118,7118.5,20.94215048460802
7119,7119.5,21.149215305042297
7120,7120.5,26.358483798102807
7121,7121.5,34.31069867513876
7122,7122.5,49.85754975857352
7123,7123.5,70.60242796977818
7124,7124.5,77.86404346529795
7125,7125.5,79.26976839687956
7126,7126.5,81.77513442551746
7127,7127.5,81.97527158966483
7128,7128.5,82.38352277351538
7129,7129.5,82.27130814281777
7130,7130.5,81.25837194418268
7131,7131.5,78.50388933486201
7132,7132.5,74.52077835010975
7133,7133.5,66.3289426671151
7134,7134.5,57.82425732624655
7135,7135.5,40.4200674552539
7136,7136.5,36.03023808581649
7137,7137.5,42.3191575573546
7138,7138.5,44.60307808461863
7139,7139.5,20.56458854446581
7140,7140.5,15.280331000631708
7141,7141.5,17.964354047256354
7142,7142.5,43.559840908922205
7143,7143.5,35.58469431361008
7144,7144.5,6.141851843589332
7145,7145.5,65.62324191256415
7146,7146.5,62.79091075644774
7147,7147.5,68.65804877287695
7148,7148.5,68.95373540028066
7149,7149.5,77.50382963704462
7150,7150.5,80.40793216079037
7151,7151.5,78.66949906690954
7152,7152.5,73.82555974378567
7153,7153.5,68.78632527547029
7154,7154.5,64.42275425369924
7155,7155.5,67.96665437388248
7156,7156.5,75.61553388418608
7157,7157.5,70.93786374205284
7158,7158.5,59.313078907441195
7159,7159.5,43.95645819257604
7160,7160.5,48.91172559926129
7161,7161.5,32.06044445170659
7162,7162.5,49.92455102865826
7163,7163.5,52.08022103130198
7164,7164.5,54.86169074662374
7165,7165.5,58.68449839731913
7166,7166.5,53.66342038927215
7167,7167.5,46.67385964475158
7168,7168.5,46.728527267035254
7169,7169.5,43.70635264656908
7170,7170.5,48.12743060333785
7171,7171.5,44.87558403286881
7172,7172.5,34.09289481672055
7173,7173.5,26.494036728642403
7174,7174.5,12.192330362937554
7175,7175.5,2.9646222526995922
7176,7176.5,0.16336668667414309
7177,7177.5,0.0
7178,7178.5,0.0
7179,7179.5,0.0
7180,7180.5,0.11202153907545591
7181,7181.5,4.303784014437745
7182,7182.5,8.630495371271481
7183,7183.5,14.91779554324448
7184,7184.5,16.59114859717797
7185,7185.5,18.20558058266712
7186,7186.5,23.448782941734965
7187,7187.5,9.726556460145785
7188,7188.5,20.99395775247682
7189,7189.5,29.269837982522244
7190,7190.5,32.635301880373135
7191,7191.5,36.215480252888156
7192,7192.5,42.99851997208334
7193,7193.5,41.570588487629976
7194,7194.5,56.6267243584014
7195,7195.5,75.07521492014847
7196,7196.5,77.31112866966946
7197,7197.5,83.08518953596001
7198,7198.5,80.50882275096845
7199,7199.5,81.74835497943319
7200,7200.5,81.34991166438186
7201,7201.5,83.24116074516614
7202,7202.5,82.59579378392523
7203,7203.5,83.29937145295075
7204,7204.5,83.40883798671925
7205,7205.5,82.87213559407873
7206,7206.5,79.35332806136185
7207,7207.5,81.92467738123544
7208,7208.5,75.24355394359281
7209,7209.5,49.55032140778173
7210,7210.5,47.331687750052666
7211,7211.5,22.49457614924779
7212,7212.5,18.886725308799832
7213,7213.5,0.0
7214,7214.5,2.6871070842328244
7215,7215.5,24.91532944054451
7216,7216.5,16.31163044400849
7217,7217.5,37.00839362211474
7218,7218.5,34.423710549681644
7219,7219.5,74.61030042024555
7220,7220.5,73.33167363668636
7221,7221.5,81.04917661627553
7222,7222.5,83.30820963394042
7223,7223.5,74.29532505458016
7224,7224.5,82.55987763267325
7225,7225.5,77.65464407072797
7226,7226.5,75.54319531967653
7227,7227.5,57.84638218485158
7228,7228.5,31.576817086059318
7229,7229.5,28.661301488062385
7230,7230.5,20.80090540764163
7231,7231.5,16.063195725606978
7232,7232.5,48.74397007024645
7233,7233.5,52.75559390400007
7234,7234.5,33.581235417324216
7235,7235.5,25.651002188957115
7236,7236.5,31.35479050800001
7237,7237.5,34.72869369696098
7238,7238.5,40.47094403185711
7239,7239.5,82.08328678446136
7240,7240.5,41.57161781887836
7241,7241.5,0.07251597551569412
7242,7242.5,13.513367922999015
7243,7243.5,52.454936032279555
7244,7244.5,25.82931071502345
7245,7245.5,81.58961411911596
7246,7246.5,81.78834673712723
7247,7247.5,73.09861207528931
7248,7248.5,78.20164765784118
7249,7249.5,44.45347462207529
7250,7250.5,49.17420129221742
7251,7251.5,64.55453737881199
7252,7252.5,37.07572719002977
7253,7253.5,63.34675826168778
7254,7254.5,74.6988846827329
7255,7255.5,71.28738832802624
7256,7256.5,65.80455273187859
7257,7257.5,60.72423509855633
7258,7258.5,43.415376165750054
7259,7259.5,42.24402938794696
7260,7260.5,48.328476886654016
7261,7261.5,53.246489168647955
7262,7262.5,53.16477407827562
7263,7263.5,78.0048823241838
7264,7264.5,60.165102022558386
7265,7265.5,56.746511913886
7266,7266.5,47.289106273599444
7267,7267.5,73.02695681742951
7268,7268.5,80.3506402808329
7269,7269.5,76.97230863661628
7270,7270.5,75.61749455053621
7271,7271.5,78.38028521763755
7272,7272.5,82.55563582862075
7273,7273.5,83.39153200084108
7274,7274.5,83.3461842717693
7275,7275.5,83.3776490478065
7276,7276.5,83.15507115513529
7277,7277.5,79.87806004256687
7278,7278.5,81.7748944660542
7279,7279.5,79.24164867843334
7280,7280.5,75.87766073631319
7281,7281.5,36.735597629737875
7282,7282.5,21.443731688516042
7283,7283.5,19.279898439720967
7284,7284.5,20.163037483554383
7285,7285.5,21.247863072932386
7286,7286.5,24.068716718604943
7287,7287.5,22.220945956815157
7288,7288.5,13.650985894397156
7289,7289.5,11.774087691538897
7290,7290.5,16.357048008194543
7291,7291.5,2.161272428010815
7292,7292.5,13.837950513267076
7293,7293.5,45.80584208957158
7294,7294.5,37.60237017559455
7295,7295.5,27.37168467091385
7296,7296.5,29.518381855519063
7297,7297.5,60.460590853828045
7298,7298.5,83.4086924428418
7299,7299.5,63.04333547849472
7300,7300.5,63.46537820772995
7301,7301.5,78.33408205946618
7302,7302.5,74.05267737601095
7303,7303.5,51.98039986180015
7304,7304.5,59.40720891975392
7305,7305.5,35.75306849189976
7306,7306.5,15.716789145080282
7307,7307.5,14.846304115820066
7308,7308.5,13.112282381861483
7309,7309.5,12.206042562288562
7310,7310.5,6.44669521006256
7311,7311.5,10.245298716241601
7312,7312.5,8.498829334595213
7313,7313.5,7.889860234066309
7314,7314.5,9.638494141458608
7315,7315.5,20.828094095010034
7316,7316.5,27.06310864415964
7317,7317.5,36.83154306536163
7318,7318.5,54.881564675993644
7319,7319.5,50.87757467541499
7320,7320.5,51.123511691951364
7321,7321.5,36.02028997291533
7322,7322.5,22.79765948328973
7323,7323.5,2.6611247369788806
7324,7324.5,0.39786654384056774
7325,7325.5,0.0
7326,7326.5,0.0
7327,7327.5,0.13066599004960472
7328,7328.5,2.6611247369788806
7329,7329.5,11.264120484695205
7330,7330.5,12.959049780816676
7331,7331.5,13.74926856049625
7332,7332.5,26.366992913987453
7333,7333.5,38.28587786129825
7334,7334.5,42.08850293165914
7335,7335.5,50.237880944161724
7336,7336.5,47.50900071281224
7337,7337.5,55.12761842763524
7338,7338.5,70.5493643458044
7339,7339.5,80.41335744745098
7340,7340.5,83.3840172280485
7341,7341.5,83.09454464244033
7342,7342.5,82.4980657918551
7343,7343.5,82.44754026044623
7344,7344.5,82.36525643208944
7345,7345.5,82.32529168530938
7346,7346.5,82.46907482472714
7347,7347.5,82.53332856415186
7348,7348.5,82.66015903959432
7349,7349.5,83.38335866683897
7350,7350.5,82.8833128482205
7351,7351.5,83.42049474664425
7352,7352.5,82.86173410949961
7353,7353.5,78.6461049258925
7354,7354.5,63.659374849334114
7355,7355.5,48.30328956691795
7356,7356.5,60.970245071615416
7357,7357.5,77.4226916230693
7358,7358.5,67.58549892695592
7359,7359.5,78.51415194473502
7360,7360.5,67.11851169086897
7361,7361.5,69.24219695236503
7362,7362.5,72.94969299314701
7363,7363.5,77.63382167211923
7364,7364.5,83.44069163798927
7365,7365.5,78.49947761774928
7366,7366.5,81.50317559648454
7367,7367.5,83.4425352789096
7368,7368.5,83.38834205562196
7369,7369.5,81.81155636592324
7370,7370.5,79.85355998041649
7371,7371.5,73.33833646469495
7372,7372.5,64.09176325137857
7373,7373.5,46.18926046602155
7374,7374.5,33.29025517500885
7375,7375.5,16.652307094711926
7376,7376.5,11.16200057216651
7377,7377.5,50.96213826585578
7378,7378.5,26.254013279641363
7379,7379.5,19.880887929824034
7380,7380.5,17.90368183133727
7381,7381.5,15.110115582444472
7382,7382.5,12.299079524417438
7383,7383.5,11.124887565752015
7384,7384.5,13.645020313931845
7385,7385.5,20.84565311842565
7386,7386.5,34.67325003528792
7387,7387.5,59.62575984138294
7388,7388.5,68.06263298651638
7389,7389.5,55.90966624884457
7390,7390.5,54.48641798737524
7391,7391.5,49.308997847149044
7392,7392.5,55.302818433851314
7393,7393.5,65.26872439519718
7394,7394.5,33.95139601089453
7395,7395.5,13.965346511213772
7396,7396.5,46.51282117006968
7397,7397.5,45.72050845394089
7398,7398.5,74.19642974374806
7399,7399.5,52.6926305186923
7400,7400.5,68.9870718064492
7401,7401.5,44.3185834515517
7402,7402.5,32.28295047785472
7403,7403.5,35.660318390495334
7404,7404.5,41.59592763648748
7405,7405.5,46.50564058091739
7406,7406.5,41.14210370315914
7407,7407.5,42.86426454782347
7408,7408.5,42.96881316747004
7409,7409.5,22.583887989063392
7410,7410.5,63.36548138977369
7411,7411.5,76.33188427208366
7412,7412.5,64.824000548443
7413,7413.5,72.33496915670705
7414,7414.5,70.8610444892902
7415,7415.5,57.593289937502995
7416,7416.5,63.48409611259092
7417,7417.5,62.99518459434854
7418,7418.5,60.19671630287428
7419,7419.5,61.56707793778588
7420,7420.5,70.93968483510059
7421,7421.5,64.96835314606724
7422,7422.5,24.551376028604473
7423,7423.5,17.812135394289573
7424,7424.5,21.157468873436525
7425,7425.5,11.347809152420915
7426,7426.5,1.691388149018584
7427,7427.5,1.0647727330217394
7428,7428.5,1.8820945245438443
7429,7429.5,4.950364736128714
7430,7430.5,6.607304017481921
7431,7431.5,4.847774451699354
7432,7432.5,3.606396211290609
7433,7433.5,3.066940291491463
7434,7434.5,2.9195970645813634
7435,7435.5,1.5697900511434877
7436,7436.5,1.5697900511434877
7437,7437.5,4.7619072215069576
7438,7438.5,8.630495371271481
7439,7439.5,7.959611173035136
7440,7440.5,4.794069241114802
7441,7441.5,6.1673045365084915
7442,7442.5,7.794843652435485
7443,7443.5,6.472470091236842
7444,7444.5,2.7423931102767733
7445,7445.5,0.0
7446,7446.5,0.0
7447,7447.5,0.0
7448,7448.5,1.083035433093064
7449,7449.5,1.512524801961085
7450,7450.5,1.2520907144751114
7451,7451.5,0.9805032789415153
7452,7452.5,5.540427754145786
7453,7453.5,10.7128849391996
7454,7454.5,17.102304945741068
7455,7455.5,24.669537074907936
7456,7456.5,36.33278355760939
7457,7457.5,32.35658568991608
7458,7458.5,63.62683917291263
7459,7459.5,73.650176404263
7460,7460.5,81.36692176079941
7461,7461.5,83.40397860636192
7462,7462.5,83.0397687609329
7463,7463.5,82.88023778637685
7464,7464.5,82.92785621075885
7465,7465.5,82.23574583303935
7466,7466.5,82.75186414459986
7467,7467.5,82.43327238419664
7468,7468.5,82.17344415518227
7469,7469.5,82.03308495062578
7470,7470.5,81.81282943476373
7471,7471.5,82.24365035715302
7472,7472.5,81.92771302635069
7473,7473.5,83.43322221504918
7474,7474.5,77.24073128350663
7475,7475.5,63.28703798800764
7476,7476.5,67.5741166588687
7477,7477.5,74.70637735852065
7478,7478.5,75.57928241135295
7479,7479.5,72.6751271716031
7480,7480.5,76.57466777719974
7481,7481.5,73.12120030024973
7482,7482.5,80.69953791363645
7483,7483.5,83.10619777476366
7484,7484.5,82.62676925431141
7485,7485.5,82.22362680381863
7486,7486.5,82.12823632587924
7487,7487.5,82.45353055713494
7488,7488.5,83.36428126770461
7489,7489.5,83.41569689356844
7490,7490.5,77.19643375794588
7491,7491.5,23.055486517269898
7492,7492.5,13.63223982933637
7493,7493.5,37.33696531678015
7494,7494.5,52.3802793246681
7495,7495.5,61.68981723605719
7496,7496.5,71.33791769580735
7497,7497.5,53.76016824091892
7498,7498.5,23.735336992959546
7499,7499.5,19.906545802376243
7500,7500.5,20.48183387826924
7501,7501.5,22.217783194432577
7502,7502.5,21.140247369163706
7503,7503.5,18.623341715931627
7504,7504.5,15.762099686915416
7505,7505.5,16.861271955092924
7506,7506.5,24.7725568458514
7507,7507.5,26.586132695141195
7508,7508.5,17.290919945862388
7509,7509.5,22.410311387112788
7510,7510.5,11.589098006238114
7511,7511.5,7.043688463921668
7512,7512.5,5.618923579642311
7513,7513.5,4.362575627984611
7514,7514.5,1.9170999685129364
7515,7515.5,2.2984590066707806
7516,7516.5,1.4671313502379388
7517,7517.5,3.278738508269477
7518,7518.5,3.62679213505838
7519,7519.5,5.054422291475415
7520,7520.5,4.391593917737583
7521,7521.5,4.085673690913472
7522,7522.5,3.164018423210435
7523,7523.5,0.7680758799342294
7524,7524.5,2.270262903767226
7525,7525.5,2.0824454988742764
7526,7526.5,2.6416204805878305
7527,7527.5,2.4589350483375396
7528,7528.5,3.670677772613835
7529,7529.5,6.859228212745753
7530,7530.5,19.46443140884662
7531,7531.5,43.521174188806015
7532,7532.5,51.83917393573983
7533,7533.5,51.146735734366345
7534,7534.5,64.67356561147534
7535,7535.5,73.73054659268587
7536,7536.5,77.55450965977197
7537,7537.5,80.68438872790644
7538,7538.5,78.42611887384973
7539,7539.5,74.9309783416956
7540,7540.5,57.29810821403611
7541,7541.5,65.02465495653078
7542,7542.5,67.64455112546817
7543,7543.5,50.277103851996074
7544,7544.5,44.0648608050396
7545,7545.5,47.44900252353371
7546,7546.5,56.143271418666885
7547,7547.5,13.76672752302741
7548,7548.5,8.178162418160756
7549,7549.5,2.698319284753134
7550,7550.5,0.0
7551,7551.5,0.0
7552,7552.5,5.789401359702747
7553,7553.5,17.434693690770796
7554,7554.5,69.83079623407691
7555,7555.5,72.19125468022168
7556,7556.5,81.7087114683358
7557,7557.5,80.50036166833769
7558,7558.5,69.24317404815818
7559,7559.5,71.26591755807713
7560,7560.5,66.31499816033599
7561,7561.5,62.95463818006081
7562,7562.5,61.295638950757166
7563,7563.5,68.45410956793039
7564,7564.5,65.84692354243565
7565,7565.5,60.431643022752844
7566,7566.5,63.28152759061401
7567,7567.5,57.96420090894441
7568,7568.5,46.26221510165774
7569,7569.5,24.77953784312685
7570,7570.5,9.450004726855184
7571,7571.5,10.35179675919866
7572,7572.5,4.622299208764033
7573,7573.5,2.8255989629989013
7574,7574.5,2.1125472929168856
7575,7575.5,1.2336975232345602
7576,7576.5,0.31262323779111223
7577,7577.5,0.22407756799502085
7578,7578.5,0.2200526688635945
7579,7579.5,0.17626824972865965
7580,7580.5,0.9147783072179577
7581,7581.5,3.2051959319437335
7582,7582.5,11.495482294644228
7583,7583.5,21.549043286982208
7584,7584.5,32.56913664337947
7585,7585.5,51.41544573510646
7586,7586.5,64.81411379269619
7587,7587.5,65.09852410900372
7588,7588.5,63.67444498193854
7589,7589.5,64.98040042032339
7590,7590.5,68.09730796262102
7591,7591.5,72.90847558112797
7592,7592.5,74.96546069922962
7593,7593.5,65.73800621860023
7594,7594.5,44.03619173873523
7595,7595.5,26.3765932222878
7596,7596.5,36.50888622703357
7597,7597.5,48.934743825926
7598,7598.5,55.85810574418936
7599,7599.5,59.71280229168412
7600,7600.5,59.27974200088782
7601,7601.5,55.52819015221958
7602,7602.5,65.62400175235493
7603,7603.5,80.68887346491627
7604,7604.5,83.42810307730205
7605,7605.5,83.41807111126832
7606,7606.5,83.37885523029999
7607,7607.5,83.37263877827382
7608,7608.5,83.39772217075024
7609,7609.5,83.4393007426866
7610,7610.5,83.24638722966408
7611,7611.5,82.78928080177167
7612,7612.5,82.10555837078442
7613,7613.5,80.11091560946869
7614,7614.5,77.42876606049886
7615,7615.5,77.64334658885547
7616,7616.5,77.60354617023829
7617,7617.5,71.97667782247599
7618,7618.5,42.627411561112524
7619,7619.5,30.796815419514864
7620,7620.5,20.541240062066624
7621,7621.5,12.199904143340339
7622,7622.5,8.704245586877333
7623,7623.5,10.364129450230335
7624,7624.5,19.94908794669874
7625,7625.5,15.79825813217452
7626,7626.5,25.652992635827346
7627,7627.5,23.770310069895622
7628,7628.5,15.225029087064279
7629,7629.5,11.187085196560814
7630,7630.5,3.348013696885886
7631,7631.5,1.295787688324645
7632,7632.5,0.08035189423201647
7633,7633.5,0.0
7634,7634.5,0.0
7635,7635.5,0.20732273995153608
7636,7636.5,2.5240394644140975
7637,7637.5,23.167856648221907
7638,7638.5,48.744852282076174
7639,7639.5,75.66903296007827
7640,7640.5,78.9445850671658
7641,7641.5,78.94422009278212
7642,7642.5,72.21780879333768
7643,7643.5,39.032667785711105
7644,7644.5,54.065280402896754
7645,7645.5,59.541796174217716
7646,7646.5,69.67279783777253
7647,7647.5,63.713453110982286
7648,7648.5,67.65262405328873
7649,7649.5,69.43837767157783
7650,7650.5,69.56522576981278
7651,7651.5,70.38703526649057
7652,7652.5,83.43549809670299
7653,7653.5,70.55671299175333
7654,7654.5,66.22711928371875
7655,7655.5,83.42180289732451
7656,7656.5,83.23631247679117
7657,7657.5,81.5255629950476
7658,7658.5,80.38649894543241
7659,7659.5,81.94424140981873
7660,7660.5,83.27090450736787
7661,7661.5,83.18612491698934
7662,7662.5,39.695472406065406
7663,7663.5,57.768884884323874
7664,7664.5,73.93669480048132
7665,7665.5,82.2638779901526
7666,7666.5,79.45037414902023
7667,7667.5,82.68552019699446
7668,7668.5,82.37467018471256
7669,7669.5,81.46429984583443
7670,7670.5,82.1486140589472
7671,7671.5,82.30538075967897
7672,7672.5,83.37619252734326
7673,7673.5,82.05551312503628
7674,7674.5,82.46420881566578
7675,7675.5,40.5308193808553
7676,7676.5,82.31326661136747
7677,7677.5,81.72664838684584
7678,7678.5,80.93065317269847
7679,7679.5,80.76010800993825
7680,7680.5,81.25248182674348
7681,7681.5,80.62581902894085
7682,7682.5,81.40188238271604
7683,7683.5,82.51451026448278
7684,7684.5,81.60517798145945
7685,7685.5,82.28358957155253
7686,7686.5,83.4003636796235
7687,7687.5,83.0038056918639
7688,7688.5,82.87295889350912
7689,7689.5,73.29190379696935
7690,7690.5,63.83000946530216
7691,7691.5,37.066771354649134
7692,7692.5,30.647782459185063
7693,7693.5,15.191687229291269
7694,7694.5,5.776306914902148
7695,7695.5,1.9086799295530643
7696,7696.5,0.24295437860685973
7697,7697.5,0.13678712474426002
7698,7698.5,0.11712653953804984
7699,7699.5,10.502751457105363
7700,7700.5,32.41121945717865
7701,7701.5,30.216226938183116
7702,7702.5,77.54001134668525
7703,7703.5,79.62780198220578
7704,7704.5,82.36071684185424
7705,7705.5,78.47274370471472
7706,7706.5,72.62886780467689
7707,7707.5,79.19685490942354
7708,7708.5,78.29853996881403
7709,7709.5,74.7625426879983
7710,7710.5,71.88930099277579
7711,7711.5,66.23220083080335
7712,7712.5,57.568820428979464
7713,7713.5,36.10404376077409
7714,7714.5,6.863955148296179
7715,7715.5,2.0784647418648916
7716,7716.5,2.4340338278410774
7717,7717.5,2.647778040444746
7718,7718.5,4.158893817054568
7719,7719.5,6.888113712550886
7720,7720.5,5.805700292471596
7721,7721.5,14.02029843761069
7722,7722.5,28.847220777659974
7723,7723.5,46.776362599672396
7724,7724.5,59.07534391038995
7725,7725.5,69.67607120026787
7726,7726.5,74.32489796408419
7727,7727.5,77.75540128070477
7728,7728.5,81.64094550853024
7729,7729.5,82.20226500059324
7730,7730.5,82.55308968313261
7731,7731.5,83.44329101472398
7732,7732.5,83.44329101472398
7733,7733.5,83.38371594072062
7734,7734.5,83.37322100979517
7735,7735.5,83.3930757708777
7736,7736.5,83.35620282605677
7737,7737.5,78.05601753748164
7738,7738.5,49.07427822629014
7739,7739.5,40.72663612591226
7740,7740.5,43.63222809956874
7741,7741.5,56.429790778553816
7742,7742.5,58.811660533667826
7743,7743.5,64.98933243497582
7744,7744.5,66.63195932142675
7745,7745.5,67.5520534650806
7746,7746.5,82.27423635379088
7747,7747.5,82.41356967087992
7748,7748.5,80.37090608907327
7749,7749.5,82.71823593836605
7750,7750.5,81.27784863524184
7751,7751.5,81.02887457520143
7752,7752.5,80.4769730338624
7753,7753.5,76.736453067161
7754,7754.5,65.88639046778476
7755,7755.5,78.79414597544684
7756,7756.5,81.20109147435785
7757,7757.5,81.90649972393103
7758,7758.5,73.571027170859
7759,7759.5,55.62757481164822
7760,7760.5,46.83788315475974
7761,7761.5,31.97245765472481
7762,7762.5,13.884370868279325
7763,7763.5,13.179741499217974
7764,7764.5,11.322554627841734
7765,7765.5,9.687636852071355
7766,7766.5,6.912826150975172
7767,7767.5,3.678907193511799
7768,7768.5,5.1403658481512045
7769,7769.5,13.211710091193764
7770,7770.5,37.995483494150065
7771,7771.5,37.326309788879875
7772,7772.5,50.3304377519305
7773,7773.5,60.52522520015826
7774,7774.5,75.6387943845635
7775,7775.5,74.45761226180504
7776,7776.5,73.42702056131942
7777,7777.5,76.96577510653994
7778,7778.5,77.60264823779016
7779,7779.5,76.51079210380216
7780,7780.5,80.07039628204834
7781,7781.5,81.41322638694628
7782,7782.5,82.45189946553643
7783,7783.5,74.8117193938139
7784,7784.5,78.70699886050592
7785,7785.5,53.32250345080512
7786,7786.5,33.77671783813404
7787,7787.5,26.023501006720767
7788,7788.5,24.36003263863081
7789,7789.5,32.30152882774472
7790,7790.5,50.45384981824412
7791,7791.5,54.06834918249729
7792,7792.5,51.60567144015243
7793,7793.5,59.10656209317512
7794,7794.5,62.448473580356925
7795,7795.5,67.46818671665757
7796,7796.5,69.75940181838462
7797,7797.5,67.0583658944677
7798,7798.5,74.85552323659519
7799,7799.5,73.75721379035237
7800,7800.5,77.94885902241113
7801,7801.5,71.86191236642195
7802,7802.5,76.01783458555923
7803,7803.5,78.7064612552245
7804,7804.5,75.06408881503624
7805,7805.5,75.22692736131619
7806,7806.5,68.60305406167939
7807,7807.5,72.43108433215714
7808,7808.5,68.71618769113736
7809,7809.5,60.47920020127098
7810,7810.5,72.01615006737167
7811,7811.5,59.76706802931164
7812,7812.5,46.18699218603627
7813,7813.5,47.77044657538995
7814,7814.5,38.43295602913859
7815,7815.5,41.09497571046147
7816,7816.5,25.448157475390232
7817,7817.5,32.91051007907542
7818,7818.5,36.8352482948125
7819,7819.5,40.517565501218634
7820,7820.5,58.81839113923049
7821,7821.5,63.34684842550925
7822,7822.5,43.58689412920657
7823,7823.5,33.978531783765945
7824,7824.5,46.94903150936511
7825,7825.5,27.741826367524762
7826,7826.5,29.53723801300682
7827,7827.5,25.757419279466312
7828,7828.5,46.03258596195533
7829,7829.5,57.22011010454779
7830,7830.5,70.66380771704996
7831,7831.5,77.60736522851472
7832,7832.5,61.36507081750796
7833,7833.5,63.71440329479755
7834,7834.5,62.443502428107614
7835,7835.5,50.79129517324271
7836,7836.5,32.14525485379736
7837,7837.5,34.102072264121624
7838,7838.5,30.27236640046241
7839,7839.5,27.174849051594332
7840,7840.5,41.37174301043989
7841,7841.5,53.59336608529711
7842,7842.5,48.43534974252909
7843,7843.5,41.80539030078757
7844,7844.5,32.608583661965774
7845,7845.5,41.15491419578258
7846,7846.5,28.7318353332927
7847,7847.5,39.96238673206819
7848,7848.5,21.68513136546101
7849,7849.5,7.100105992268655
7850,7850.5,9.32632860041565
7851,7851.5,10.712046929767988
7852,7852.5,7.100105992268655
7853,7853.5,12.236333457869808
7854,7854.5,10.49744670193817
7855,7855.5,9.945317466334066
7856,7856.5,5.547645025866679
7857,7857.5,5.02799398059223
7858,7858.5,4.3004825172080015
7859,7859.5,4.1965523081531115
7860,7860.5,2.688132538215171
7861,7861.5,5.279087409276006
7862,7862.5,14.459140407137921
7863,7863.5,13.892345642853678
7864,7864.5,18.935019885711835
7865,7865.5,34.980426741382566
7866,7866.5,48.37887942576506
7867,7867.5,56.795027874366944
7868,7868.5,64.71978909022957
7869,7869.5,70.81383294630871
7870,7870.5,66.74208221227669
7871,7871.5,73.31614692121646
7872,7872.5,82.73022779783989
7873,7873.5,82.16143211164011
7874,7874.5,82.67196251819601
7875,7875.5,83.20426032549751
7876,7876.5,83.37587180802602
7877,7877.5,83.15674426275223
7878,7878.5,83.43267157596044
7879,7879.5,77.565464532944
7880,7880.5,63.13881171974976
7881,7881.5,56.153581698544585
7882,7882.5,61.37477232227235
7883,7883.5,57.62688435725919
7884,7884.5,51.24311814294132
7885,7885.5,49.72005699796521
7886,7886.5,48.61545659044401
7887,7887.5,64.28040383701588
7888,7888.5,72.79530986104116
7889,7889.5,75.46693890759995
7890,7890.5,79.29782373457246
7891,7891.5,82.08802628191992
7892,7892.5,82.61360259530105
7893,7893.5,81.78414578475105
7894,7894.5,82.55625063904354
7895,7895.5,82.17345870099032
7896,7896.5,80.9665627770738
7897,7897.5,82.07987055147593
7898,7898.5,83.43942320088223
7899,7899.5,81.99781664237312
7900,7900.5,76.63843377561264
7901,7901.5,71.54208432391351
7902,7902.5,66.07499808095311
7903,7903.5,60.32895484648791
7904,7904.5,62.75573877718096
7905,7905.5,36.56322416934938
7906,7906.5,18.270153756460005
7907,7907.5,26.28869765664597
7908,7908.5,23.677827478557035
7909,7909.5,26.730176395635954
7910,7910.5,24.582044581865592
7911,7911.5,8.287912471739105
7912,7912.5,9.077461630578824
7913,7913.5,2.6129433969236127
7914,7914.5,3.8732881692407495
7915,7915.5,5.296877019919176
7916,7916.5,10.769440159886788
7917,7917.5,9.59591414010012
7918,7918.5,11.010472237532918
7919,7919.5,13.514298123591322
7920,7920.5,5.668098586578559
7921,7921.5,4.128401994236101
7922,7922.5,2.462155242327636
7923,7923.5,5.705150222281633
7924,7924.5,11.241992466816306
7925,7925.5,13.747901047925065
7926,7926.5,23.6086792434486
7927,7927.5,15.669958658007115
7928,7928.5,18.295912440865607
7929,7929.5,19.505880650893882
7930,7930.5,33.18653778186593
7931,7931.5,42.723241853169164
7932,7932.5,52.24704084137199
7933,7933.5,64.08309368527271
7934,7934.5,73.79869802305622
7935,7935.5,74.72096139103368
7936,7936.5,73.28632839944233
7937,7937.5,78.87748074795367
7938,7938.5,81.58849536812852
7939,7939.5,82.39125164960602
7940,7940.5,82.09736135247478
7941,7941.5,82.58951295286558
7942,7942.5,82.8707414809436
7943,7943.5,82.6949728127677
7944,7944.5,82.85316427887516
7945,7945.5,82.82766193671972
7946,7946.5,82.52874905005694
7947,7947.5,82.38634196548995
7948,7948.5,81.05666719478343
7949,7949.5,77.54356593198514
7950,7950.5,72.0911516688433
7951,7951.5,57.394249225370984
7952,7952.5,44.4740578283326
7953,7953.5,40.79238441911594
7954,7954.5,22.922978897542084
7955,7955.5,21.087948126030874
7956,7956.5,11.932536929184327
7957,7957.5,4.736065934980035
7958,7958.5,2.6119199586017086
7959,7959.5,0.08821426935954838
7960,7960.5,0.02731167036431872
7961,7961.5,0.26379416103291203
7962,7962.5,1.092441450506007
7963,7963.5,1.947237222867943
7964,7964.5,3.300996310584469
7965,7965.5,4.428375329875275
7966,7966.5,4.519988925614073
7967,7967.5,4.68431429747393
7968,7968.5,8.976235105414975
7969,7969.5,16.668390454576784
7970,7970.5,29.5798485143331
7971,7971.5,35.81279424400429
7972,7972.5,42.29928730073465
7973,7973.5,42.086620550854335
7974,7974.5,41.23593326934847
7975,7975.5,42.937307832360204
7976,7976.5,61.9558726008471
7977,7977.5,68.14162380280929
7978,7978.5,74.86008297096724
7979,7979.5,81.33308432157499
7980,7980.5,83.14441647183499
7981,7981.5,83.03925555812619
7982,7982.5,83.43999677675596
7983,7983.5,83.3971026876029
7984,7984.5,82.95169069502612
7985,7985.5,82.88855690258562
7986,7986.5,82.90218169480731
7987,7987.5,83.26347128681637
7988,7988.5,83.40874465386045
7989,7989.5,83.43754315438849
7990,7990.5,82.18131817223751
7991,7991.5,82.88943280769416
7992,7992.5,83.38131054282718
7993,7993.5,83.02320816266878
7994,7994.5,83.43138325185706
7995,7995.5,83.40138915045519
7996,7996.5,82.07012246008493
7997,7997.5,78.97120639057079
7998,7998.5,72.67972420281396
7999,7999.5,59.117609591664916
8000,8000.5,47.59346913949833
8001,8001.5,39.02452332313815
8002,8002.5,32.498181372704146
8003,8003.5,18.377144145481036
8004,8004.5,12.020931557537095
8005,8005.5,13.640022911276889
8006,8006.5,14.314642968317566
8007,8007.5,23.0978780412572
8008,8008.5,24.956580752275183
8009,8009.5,12.58672708193868
8010,8010.5,14.690352206540076
8011,8011.5,15.162256519262055
8012,8012.5,19.847881614539663
8013,8013.5,12.209653870725436
8014,8014.5,5.0906826329026
8015,8015.5,3.270416134590156
8016,8016.5,1.8601654993454735
8017,8017.5,6.943104913017862
8018,8018.5,11.82305912419976
8019,8019.5,14.251979014290097
8020,8020.5,17.303470431671318
8021,8021.5,22.62377478385501
8022,8022.5,36.89425536741716
8023,8023.5,45.341861584981125
8024,8024.5,51.89570268780768
8025,8025.5,50.550275103529586
8026,8026.5,59.27337295746365
8027,8027.5,49.36058819215582
8028,8028.5,51.60434612472392
8029,8029.5,33.64700073523381
8030,8030.5,24.880162813071095
8031,8031.5,14.167485650514482
8032,8032.5,25.55021997927383
8033,8033.5,16.681437788289557
8034,8034.5,1.9538672521339062
8035,8035.5,2.0910434484806677
8036,8036.5,3.2223255527544623
8037,8037.5,8.26917793953181
8038,8038.5,8.857781589613289
8039,8039.5,26.614756482710032
8040,8040.5,50.33549645405873
8041,8041.5,41.25005291899553
8042,8042.5,56.36283772326801
8043,8043.5,71.13180711873203
8044,8044.5,73.31185377068644
8045,8045.5,80.92104986990405
8046,8046.5,82.12385561091583
8047,8047.5,76.43114162907851
8048,8048.5,63.21507579062962
8049,8049.5,56.460058279907756
8050,8050.5,37.13553634497108
8051,8051.5,18.23808709531369
8052,8052.5,12.75846308568064
8053,8053.5,3.2923386738672713
8054,8054.5,0.5875870164623744
8055,8055.5,0.32199689775003615
8056,8056.5,0.6378668026937977
8057,8057.5,6.017022187076897
8058,8058.5,0.27834343197803796
8059,8059.5,5.2117222170544615
8060,8060.5,26.24211901814996
8061,8061.5,82.4949577327077
8062,8062.5,81.68353663437219
8063,8063.5,83.4438954986443
8064,8064.5,83.39693034802038
8065,8065.5,83.23123526654345
8066,8066.5,82.93391170237825
8067,8067.5,83.38597970849833
8068,8068.5,83.38768830496682
8069,8069.5,82.41104756551296
8070,8070.5,82.77395290809298
8071,8071.5,83.1618191043443
8072,8072.5,83.42978139087873
8073,8073.5,67.8232914340523
8074,8074.5,68.83792138794858
8075,8075.5,46.05221460688624
8076,8076.5,38.69501751141054
8077,8077.5,56.77105150711307
8078,8078.5,74.22997823928375
8079,8079.5,73.82925675535313
8080,8080.5,65.58775632028605
8081,8081.5,78.49158687454677
8082,8082.5,74.27573353571707
8083,8083.5,83.42285794236301
8084,8084.5,83.31688659784722
8085,8085.5,81.36128048531245
8086,8086.5,81.40571935079804
8087,8087.5,81.66934989389925
8088,8088.5,81.85083810989698
8089,8089.5,82.30013664338239
8090,8090.5,82.62042257340435
8091,8091.5,72.40134934717628
8092,8092.5,82.48819005182877
8093,8093.5,82.8859403873449
8094,8094.5,83.4249053943724
8095,8095.5,82.58592022951984
8096,8096.5,83.36168239474934
8097,8097.5,79.65350353464291
8098,8098.5,78.06173105612736
8099,8099.5,48.12374750790061
8100,8100.5,55.63374229672215
8101,8101.5,44.62613031726186
8102,8102.5,57.81742622360367
8103,8103.5,75.24360301700789
8104,8104.5,61.01925921836085
8105,8105.5,66.11149864332315
8106,8106.5,51.541385820515124
8107,8107.5,65.74265499912096
8108,8108.5,71.90506550042488
8109,8109.5,74.322040032635
8110,8110.5,70.62254702326236
8111,8111.5,66.19487721845606
8112,8112.5,64.64202330093282
8113,8113.5,54.64010539341454
8114,8114.5,62.496276253489185
8115,8115.5,49.845704992536966
8116,8116.5,41.88134886049416
8117,8117.5,45.060625546026984
8118,8118.5,36.6409005888871
8119,8119.5,37.76718548392061
8120,8120.5,33.45079005889635
8121,8121.5,33.31099173161543
8122,8122.5,31.70865029685263
8123,8123.5,24.15225013164216
8124,8124.5,23.538516466624642
8125,8125.5,20.162611433360645
8126,8126.5,14.61601192228542
8127,8127.5,13.650309470228134
8128,8128.5,8.443385051726525
8129,8129.5,7.261610194260935
8130,8130.5,11.324309229840127
8131,8131.5,8.041060644813161
8132,8132.5,10.22008622250178
8133,8133.5,7.430382421690813
8134,8134.5,5.974668999444331
8135,8135.5,2.7519568252205873
8136,8136.5,3.583141399437245
8137,8137.5,6.871111124236761
8138,8138.5,8.340949355004572
8139,8139.5,20.039612777365825
8140,8140.5,23.81351252738799
8141,8141.5,8.922205534814825
8142,8142.5,8.044326135257238
8143,8143.5,15.810538591826788
8144,8144.5,12.625063353563863
8145,8145.5,12.506034754253124
8146,8146.5,4.70016240043153
8147,8147.5,2.1222116696761275
8148,8148.5,1.3746697462178608
8149,8149.5,0.5701201627523518
8150,8150.5,0.17606594892795135
8151,8151.5,0.19552601422351334
8152,8152.5,0.35022552490989844
8153,8153.5,2.3383798931278523
8154,8154.5,11.816159337987578
8155,8155.5,15.418604622191513
8156,8156.5,24.097732408694213
8157,8157.5,20.98091078206252
8158,8158.5,24.166885259428316
8159,8159.5,29.020168915462907
8160,8160.5,31.352856926342895
8161,8161.5,24.80600331212481
8162,8162.5,33.984007270323
8163,8163.5,35.435516495753916
8164,8164.5,27.988572320892207
8165,8165.5,28.30149193683189
8166,8166.5,23.771913573862374
8167,8167.5,33.63213533839623
8168,8168.5,46.72190210422651
8169,8169.5,27.663161805539282
8170,8170.5,7.6945662915472575
8171,8171.5,7.333631773317668
8172,8172.5,8.237076479736723
8173,8173.5,7.759052060224936
8174,8174.5,12.667472937530476
8175,8175.5,16.806603126815723
8176,8176.5,18.741781831512753
8177,8177.5,22.408978735570418
8178,8178.5,44.0862241429099
8179,8179.5,49.2166623044465
8180,8180.5,66.66421183194635
8181,8181.5,76.09996049337265
8182,8182.5,81.25773151897228
8183,8183.5,82.01894746144401
8184,8184.5,82.15762636355457
8185,8185.5,75.5093437572679
8186,8186.5,83.18570119239706
8187,8187.5,83.379252755031
8188,8188.5,83.40928517498045
8189,8189.5,83.38230152137741
8190,8190.5,83.08817839303465
8191,8191.5,83.39861571688371
8192,8192.5,81.57871133554798
8193,8193.5,82.87383546769777
8194,8194.5,75.6216049318411
8195,8195.5,63.377011838119515
8196,8196.5,75.53364570778147
8197,8197.5,81.62225899203453
8198,8198.5,83.43375669804274
8199,8199.5,81.94656352769263
8200,8200.5,68.5787682813055
8201,8201.5,52.65470643129129
8202,8202.5,59.745457887147246
8203,8203.5,55.375686598365405
8204,8204.5,48.679519677174866
8205,8205.5,10.812226101721937
8206,8206.5,1.0134474329852796
8207,8207.5,30.714591436277438
8208,8208.5,40.96880066350375
8209,8209.5,45.45204801554026
8210,8210.5,33.93769527913801
8211,8211.5,24.69922824067332
8212,8212.5,13.95715009772223
8213,8213.5,13.223168752274983
8214,8214.5,11.150911600606818
8215,8215.5,9.424031738803999
8216,8216.5,8.701851481985608
8217,8217.5,6.4643023093073895
8218,8218.5,4.717882028874512
8219,8219.5,1.3468201391848769
8220,8220.5,0.09293003724200845
8221,8221.5,0.0
8222,8222.5,0.0
8223,8223.5,0.04914692626628489
8224,8224.5,1.917608042096029
8225,8225.5,0.0
8226,8226.5,1.517649204180887
8227,8227.5,0.0
8228,8228.5,3.1760316088071137
8229,8229.5,3.0421750881288556
8230,8230.5,3.2793195568123696
8231,8231.5,8.394592766888422
8232,8232.5,13.977564454462085
8233,8233.5,22.996521482331328
8234,8234.5,43.37671816894544
8235,8235.5,47.2278345935039
8236,8236.5,52.90641689875863
8237,8237.5,61.19018847707202
8238,8238.5,57.3970471990974
8239,8239.5,56.37543884450205
8240,8240.5,48.32546790995054
8241,8241.5,30.042837757834555
8242,8242.5,44.109807637945394
8243,8243.5,62.309792822835924
8244,8244.5,36.27186200906122
8245,8245.5,45.495132238192724
8246,8246.5,59.39820119308963
8247,8247.5,65.02480845708365
8248,8248.5,82.59770131854545
8249,8249.5,83.31939651326532
8250,8250.5,82.89059747608266
8251,8251.5,81.60411753720435
8252,8252.5,82.48414218474323
8253,8253.5,83.24881194122464
8254,8254.5,82.46750231898682
8255,8255.5,80.06477013382357
8256,8256.5,36.541232150109394
8257,8257.5,67.94305625798094
8258,8258.5,78.62495256725545
8259,8259.5,82.97227424308373
8260,8260.5,83.05702234580185
8261,8261.5,83.3642094458772
8262,8262.5,83.41924223509568
8263,8263.5,82.50630542064718
8264,8264.5,80.52391938696418
8265,8265.5,69.42322622923233
8266,8266.5,32.341426176465184
8267,8267.5,18.745784900760555
8268,8268.5,12.308001965512604
8269,8269.5,8.185818689985595
8270,8270.5,3.3723008861311836
8271,8271.5,0.6801388999189321
8272,8272.5,0.0
8273,8273.5,0.0
8274,8274.5,0.0
8275,8275.5,0.0
8276,8276.5,0.41764015465332777
8277,8277.5,16.874055949989366
8278,8278.5,12.457966817740905
8279,8279.5,27.283470521453744
8280,8280.5,39.74254617409723
8281,8281.5,48.99459873204723
8282,8282.5,58.37410489879971
8283,8283.5,62.44067297898152
8284,8284.5,71.64237444651121
8285,8285.5,72.84288727368141
8286,8286.5,78.0686172154532
8287,8287.5,78.56408724787565
8288,8288.5,80.14124862898264
8289,8289.5,79.07878476862712
8290,8290.5,71.04497521084487
8291,8291.5,37.99883183063079
8292,8292.5,28.147243260236326
8293,8293.5,30.5956982624715
8294,8294.5,37.51786050886374
8295,8295.5,42.02255781584099
8296,8296.5,51.48818540998325
8297,8297.5,73.81438281559751
8298,8298.5,82.60071294679152
8299,8299.5,83.08901258117551
8300,8300.5,80.61556934224878
8301,8301.5,73.06678661570245
8302,8302.5,73.16037579383998
8303,8303.5,76.4703928137264
8304,8304.5,82.50043440424824
8305,8305.5,83.44369662628444
8306,8306.5,80.33164719684616
8307,8307.5,83.30820413726507
8308,8308.5,83.14902359261878
8309,8309.5,83.2355867162938
8310,8310.5,83.03418774720403
8311,8311.5,83.39832762560148
8312,8312.5,81.84746835881717
8313,8313.5,78.59873586076857
8314,8314.5,72.1790889738623
8315,8315.5,66.39135598371654
8316,8316.5,50.078236140696184
8317,8317.5,44.37655817288741
8318,8318.5,46.60063553079067
8319,8319.5,42.22365496912649
8320,8320.5,27.185765888024847
8321,8321.5,36.486371483154365
8322,8322.5,81.17857018435954
8323,8323.5,83.18237380136287
8324,8324.5,80.96219866299604
8325,8325.5,83.1603905233537
8326,8326.5,83.37134479959118
8327,8327.5,83.01220637428285
8328,8328.5,83.38846783797496
8329,8329.5,83.43803798890158
8330,8330.5,83.27445230764306
8331,8331.5,83.18879845277479
8332,8332.5,82.92657754077575
8333,8333.5,82.98812729620929
8334,8334.5,83.39443392311904
8335,8335.5,83.42103637930124
8336,8336.5,82.24436875526112
8337,8337.5,72.91424714652923
8338,8338.5,68.11667164648873
8339,8339.5,47.509702957407086
8340,8340.5,28.787302398755028
8341,8341.5,31.974938384914385
8342,8342.5,35.28409854356243
8343,8343.5,30.54725454463472
8344,8344.5,33.33459171799953
8345,8345.5,22.677980116529824
8346,8346.5,16.097295360656915
8347,8347.5,14.268025669469388
8348,8348.5,2.5313188299391105
8349,8349.5,0.9459909356410041
8350,8350.5,5.221198058598985
8351,8351.5,8.780853807921766
8352,8352.5,12.33428837054554
8353,8353.5,27.497565359519076
8354,8354.5,57.24990478090704
8355,8355.5,79.55129008107903
8356,8356.5,68.10275720549078
8357,8357.5,58.35720685055925
8358,8358.5,37.9885624329261
8359,8359.5,32.52753373293734
8360,8360.5,28.999876235494664
8361,8361.5,35.048017606055616
8362,8362.5,32.52953152489808
8363,8363.5,16.521036639064068
8364,8364.5,4.299379840082142
8365,8365.5,0.6776482694567101
8366,8366.5,0.3723624027513087
8367,8367.5,0.399512431287772
8368,8368.5,1.120836464215418
8369,8369.5,2.4756972290705392
8370,8370.5,4.319535032132815
8371,8371.5,5.308144276504341
8372,8372.5,9.212779636074306
8373,8373.5,11.103044863851913
8374,8374.5,12.164963845417045
8375,8375.5,12.232440049702635
8376,8376.5,18.027700854897944
8377,8377.5,25.19663822788225
8378,8378.5,30.353535251786944
8379,8379.5,30.787963972460222
8380,8380.5,31.8005669683639
8381,8381.5,30.577949214543533
8382,8382.5,31.49817194394689
8383,8383.5,33.2734560247587
8384,8384.5,25.19265326500956
8385,8385.5,20.89968109598655
8386,8386.5,18.21835016744666
8387,8387.5,12.453237531370055
8388,8388.5,9.887874360280593
8389,8389.5,1.9222215462275183
8390,8390.5,0.2833225327320516
8391,8391.5,0.28611063410139626
8392,8392.5,0.7055895955760403
8393,8393.5,0.35508611090547576
8394,8394.5,0.07752843100267608
8395,8395.5,0.33184069354376783
8396,8396.5,1.4817438774757241
8397,8397.5,0.38326874495820945
8398,8398.5,0.09328049287465068
8399,8399.5,0.0
8400,8400.5,0.0
8401,8401.5,0.0
8402,8402.5,0.0
8403,8403.5,0.0
8404,8404.5,0.0
8405,8405.5,0.21766098703979686
8406,8406.5,0.35264835227537494
8407,8407.5,0.8956067884341731
8408,8408.5,7.026065951393223
8409,8409.5,15.450342588533555
8410,8410.5,16.709583319335625
8411,8411.5,5.365864391790677
8412,8412.5,0.3528699355729838
8413,8413.5,0.17119900918938596
8414,8414.5,0.24173473283571312
8415,8415.5,0.2768233849513696
8416,8416.5,0.13791465707483463
8417,8417.5,0.36100949333765603
8418,8418.5,4.732553357947761
8419,8419.5,13.10498897682469
8420,8420.5,24.406229849986392
8421,8421.5,38.93396350629908
8422,8422.5,55.91259997096044
8423,8423.5,52.162973862371146
8424,8424.5,55.34175646140634
8425,8425.5,65.66469110400588
8426,8426.5,73.67168373936427
8427,8427.5,77.77277928122602
8428,8428.5,82.05471934080153
8429,8429.5,81.92311217011782
8430,8430.5,82.29957281768907
8431,8431.5,83.39185187943161
8432,8432.5,83.26410499055748
8433,8433.5,83.37502932558228
8434,8434.5,73.32590856546067
8435,8435.5,61.62287799528953
8436,8436.5,63.57661462418811
8437,8437.5,68.43792413073275
8438,8438.5,62.487350781716046
8439,8439.5,64.8074313138402
8440,8440.5,64.88188083770137
8441,8441.5,77.56460937629996
8442,8442.5,83.39647104974961
8443,8443.5,83.32499626225825
8444,8444.5,82.97171846834227
8445,8445.5,83.22642492104427
8446,8446.5,83.36428126770461
8447,8447.5,83.24972086516173
8448,8448.5,83.41557368972508
8449,8449.5,83.43417668754917
8450,8450.5,83.22869932015325
8451,8451.5,83.41538168526613
8452,8452.5,83.40748910662437
8453,8453.5,83.38980158918353
8454,8454.5,82.7797438116797
8455,8455.5,83.40482839744149
8456,8456.5,82.72215500868069
8457,8457.5,83.38419206767796
8458,8458.5,70.43237037772477
8459,8459.5,55.336367260238426
8460,8460.5,44.84562390135888
8461,8461.5,53.38068128103299
8462,8462.5,47.44371717293477
8463,8463.5,57.1340030005741
8464,8464.5,60.29483744384771
8465,8465.5,67.88197020948422
8466,8466.5,81.99215736565479
8467,8467.5,83.04653313138243
8468,8468.5,82.62590205593976
8469,8469.5,82.5136057867773
8470,8470.5,82.51989508037973
8471,8471.5,82.50682743928323
8472,8472.5,83.3925781364274
8473,8473.5,82.36430172221556
8474,8474.5,43.94469481931962
8475,8475.5,33.382106723710805
8476,8476.5,48.481255552217064
8477,8477.5,32.85553150879227
8478,8478.5,50.79403831490043
8479,8479.5,55.70645235368607
8480,8480.5,33.2701980428284
8481,8481.5,18.51575114980415
8482,8482.5,3.3893907344040892
8483,8483.5,1.9453434973837482
8484,8484.5,0.3170967807011155
8485,8485.5,0.0
8486,8486.5,0.3197742873373434
8487,8487.5,3.0890347014649358
8488,8488.5,8.861328672721802
8489,8489.5,6.499308259975862
8490,8490.5,21.65760385260383
8491,8491.5,29.560323199292565
8492,8492.5,55.818110351816294
8493,8493.5,47.502264165953214
8494,8494.5,36.90490275233587
8495,8495.5,39.5518273684171
8496,8496.5,56.071513230372936
8497,8497.5,39.97533490310146
8498,8498.5,28.711507874925672
8499,8499.5,28.55549253711362
8500,8500.5,7.16780595224461
8501,8501.5,0.2637279592477129
8502,8502.5,0.0
8503,8503.5,0.0
8504,8504.5,5.166984412974714
8505,8505.5,0.11367754858763482
8506,8506.5,3.969383249124431
8507,8507.5,6.083861482080052
8508,8508.5,8.703804341334415
8509,8509.5,9.296105020559796
8510,8510.5,17.76576874833367
8511,8511.5,19.018474340446296
8512,8512.5,18.392435381297553
8513,8513.5,17.008047401255965
8514,8514.5,7.127095982841822
8515,8515.5,24.979264532064988
8516,8516.5,45.83145120653471
8517,8517.5,56.12894272887427
8518,8518.5,60.539947004477966
8519,8519.5,64.94340887871014
8520,8520.5,68.13249066412793
8521,8521.5,74.57828736438513
8522,8522.5,65.03237931736781
8523,8523.5,58.395544829340466
8524,8524.5,55.680512580059855
8525,8525.5,47.3063009223206
8526,8526.5,32.38009054764465
8527,8527.5,29.998388554211942
8528,8528.5,36.18929237277678
8529,8529.5,25.201330592305766
8530,8530.5,14.506902521432766
8531,8531.5,11.603333619073785
8532,8532.5,9.585694331143843
8533,8533.5,5.903982056729622
8534,8534.5,2.6611538543571402
8535,8535.5,1.0016946868942507
8536,8536.5,0.30067381936569554
8537,8537.5,0.0028052976382544298
8538,8538.5,0.998174974364788
8539,8539.5,8.371684369907905
8540,8540.5,6.179642066804878
8541,8541.5,19.44415076213627
8542,8542.5,42.363795952801716
8543,8543.5,57.45675821809454
8544,8544.5,68.38429493103217
8545,8545.5,77.02853652776426
8546,8546.5,81.39574933819743
8547,8547.5,82.84053105776533
8548,8548.5,77.92114849410345
8549,8549.5,58.846768707337986
8550,8550.5,45.43361682370573
8551,8551.5,43.96694343812703
8552,8552.5,28.21102177469456
8553,8553.5,24.29412513833751
8554,8554.5,28.95406772524953
8555,8555.5,7.846233412625814
8556,8556.5,7.17577503612302
8557,8557.5,3.2370080227199076
8558,8558.5,0.37715359699139733
8559,8559.5,0.1674733865961842
8560,8560.5,0.0
8561,8561.5,0.0
8562,8562.5,0.0
8563,8563.5,2.8833953090686806
8564,8564.5,14.383557906697577
8565,8565.5,31.038226058173247
8566,8566.5,57.74212828097415
8567,8567.5,73.62191215206506
8568,8568.5,81.6866841990597
8569,8569.5,83.2840134161828
8570,8570.5,82.68851833574134
8571,8571.5,82.78039346082389
8572,8572.5,83.11630830416529
8573,8573.5,83.17818320641484
8574,8574.5,82.90612792900686
8575,8575.5,82.68729916348043
8576,8576.5,81.41494498300905
8577,8577.5,83.07737273644862
8578,8578.5,80.92410694249911
8579,8579.5,74.74814056066006
8580,8580.5,58.91405223244562
8581,8581.5,49.717739052760976
8582,8582.5,45.63360701430517
8583,8583.5,53.025458564069865
8584,8584.5,45.896315182216846
8585,8585.5,65.08098203009524
8586,8586.5,72.7596105018063
8587,8587.5,71.45360794429754
8588,8588.5,37.3111497626054
8589,8589.5,83.38467350648328
8590,8590.5,80.89097035780793
8591,8591.5,83.37737249914632
8592,8592.5,82.73720457247894
8593,8593.5,82.79365776322437
8594,8594.5,82.7375702305131
8595,8595.5,83.42020654546677
8596,8596.5,81.97834311713243
8597,8597.5,80.74362786466345
8598,8598.5,80.98558509634191
8599,8599.5,71.35704292543902
8600,8600.5,60.563270731817674
8601,8601.5,42.171634110989736
8602,8602.5,25.600261782739146
8603,8603.5,14.159958327497511
8604,8604.5,13.14332277050153
8605,8605.5,14.938018064015875
8606,8606.5,11.569939634230046
8607,8607.5,9.932623126589954
8608,8608.5,3.2805471980576204
8609,8609.5,1.3205746412514636
8610,8610.5,1.6385601471102964
8611,8611.5,0.3178502929226662
8612,8612.5,0.0
8613,8613.5,0.0
8614,8614.5,0.0
8615,8615.5,0.0
8616,8616.5,0.2772962641743431
8617,8617.5,5.422777869537333
8618,8618.5,15.5114522999462
8619,8619.5,30.578911272881168
8620,8620.5,47.3117186834058
8621,8621.5,54.84620021419468
8622,8622.5,62.59806975156308
8623,8623.5,61.986202825184066
8624,8624.5,63.909223883025945
8625,8625.5,68.07313187651648
8626,8626.5,50.22010626846531
8627,8627.5,16.648043028472625
8628,8628.5,7.463675708583431
8629,8629.5,4.8187994087047645
8630,8630.5,6.230644040476533
8631,8631.5,4.022788089434697
8632,8632.5,2.8402088251250945
8633,8633.5,3.1849826673651256
8634,8634.5,2.2368539162003076
8635,8635.5,1.8346177669202712
8636,8636.5,0.33517069519195425
8637,8637.5,0.0
8638,8638.5,0.0
8639,8639.5,0.0
8640,8640.5,0.0
8641,8641.5,0.0
8642,8642.5,0.0
8643,8643.5,0.056910149844342756
8644,8644.5,0.14484671290071993
8645,8645.5,0.4052528851562395
8646,8646.5,0.7629315699964494
8647,8647.5,0.8205175631144727
8648,8648.5,0.9599046171357858
8649,8649.5,0.34070539986749837
8650,8650.5,0.14084960072991515
8651,8651.5,0.0
8652,8652.5,0.0
8653,8653.5,0.0
8654,8654.5,0.0
8655,8655.5,0.13794916035247956
8656,8656.5,0.29337303550375876
8657,8657.5,3.292834253369966
8658,8658.5,8.891220116689365
8659,8659.5,14.3827906481844
8660,8660.5,18.06132792534668
8661,8661.5,22.7918339532109
8662,8662.5,29.776462755942028
8663,8663.5,36.61724597695442
8664,8664.5,38.20961782904791
8665,8665.5,40.75741684201883
8666,8666.5,51.34361559862768
8667,8667.5,57.695004096425905
8668,8668.5,65.32190718936118
8669,8669.5,69.30258906724366
8670,8670.5,70.56185796298669
8671,8671.5,69.19718286912722
8672,8672.5,72.50681128930044
8673,8673.5,73.51222502400631
8674,8674.5,62.579862226165346
8675,8675.5,45.5403461070932
8676,8676.5,26.95015086245824
8677,8677.5,33.89391930523304
8678,8678.5,38.74045230982712
8679,8679.5,42.47565565274975
8680,8680.5,43.00366896019796
8681,8681.5,54.15920616893694
8682,8682.5,66.72854021223962
8683,8683.5,73.97403248010102
8684,8684.5,70.67980584325662
8685,8685.5,33.50664498346562
8686,8686.5,20.09530348162523
8687,8687.5,83.43660526438927
8688,8688.5,81.24471585136696
8689,8689.5,82.5994192340761
8690,8690.5,82.57444976744189
8691,8691.5,83.11842680718972
8692,8692.5,82.28240311120462
8693,8693.5,81.2137561661134
8694,8694.5,83.40055506338564
8695,8695.5,82.95102385161279
8696,8696.5,83.42933736827442
8697,8697.5,76.14628128513027
8698,8698.5,82.61427866907646
8699,8699.5,76.09434747960522
8700,8700.5,64.15344935701725
8701,8701.5,49.89389147169407
8702,8702.5,58.52558436522513
8703,8703.5,40.725556192593274
8704,8704.5,26.29030699561424
8705,8705.5,16.77258632558186
8706,8706.5,16.035047151419413
8707,8707.5,6.458739570147235
8708,8708.5,0.5258137140253166
8709,8709.5,0.0
8710,8710.5,0.0
8711,8711.5,1.833199105036734
8712,8712.5,10.271478151291827
8713,8713.5,18.316625625973902
8714,8714.5,29.710869254546946
8715,8715.5,42.552954344654346
8716,8716.5,68.8543523193852
8717,8717.5,80.65938057613415
8718,8718.5,79.67902322163128
8719,8719.5,79.4231907930081
8720,8720.5,73.76813915889772
8721,8721.5,67.32561213471324
8722,8722.5,49.40594301779743
8723,8723.5,28.304155529560862
8724,8724.5,16.615726730462043
8725,8725.5,11.01943861401704
8726,8726.5,31.488436938031466
8727,8727.5,28.425673485137548
8728,8728.5,7.713609857447177
8729,8729.5,4.09120622641344
8730,8730.5,2.706982471064386
8731,8731.5,1.928543357307008
8732,8732.5,2.1591917799354094
8733,8733.5,3.3989277389495935
8734,8734.5,7.569175171117866
8735,8735.5,11.736057863990808
8736,8736.5,14.593422626074348
8737,8737.5,29.19423768396443
8738,8738.5,47.58110202503854
8739,8739.5,63.543897274211375
8740,8740.5,73.06574796642556
8741,8741.5,78.25697365518012
8742,8742.5,83.0718783783008
8743,8743.5,83.02633859263054
8744,8744.5,83.10236188438527
8745,8745.5,83.37075842200797
8746,8746.5,79.53292628300012
8747,8747.5,68.31094561161991
8748,8748.5,70.56507383248135
8749,8749.5,74.20732956552641
8750,8750.5,75.44713979355959
8751,8751.5,68.37694297489361
8752,8752.5,68.72213048578207
8753,8753.5,81.75450234684082
8754,8754.5,17.586483486359487
8755,8755.5,33.63926877522858
8756,8756.5,49.69015286802136
8757,8757.5,41.636000020662955
8758,8758.5,39.81290599105719
8759,8759.5,34.09358850797047
